Crime ID,Month,Reported by,Falls within,Longitude,Latitude,Location,LSOA code,LSOA name,Crime type,Last outcome category,Context
f635cc3dc452ae0fd3caa3f1f633f8ecf385b811d49449e7a34a864bfc3f13f6,2014-08,Essex Police,Essex Police,0.439140,51.641641,On or near Derby Close,E01021237,Basildon 001A,Burglary,Under investigation,
,2014-08,Essex Police,Essex Police,0.435880,51.643391,On or near Penwood Close,E01021238,Basildon 001B,Anti-social behaviour,,
,2014-08,Essex Police,Essex Police,0.433979,51.642990,On or near Brookside,E01021238,Basildon 001B,Anti-social behaviour,,
a6b83e2a9329383f23bfb559ef058cd80aeb5ab30c74856c4d994924b8af96c5,2014-08,Essex Police,Essex Police,0.442765,51.628958,On or near The Mount,E01021242,Basildon 001C,Burglary,Investigation complete; no suspect identified,
9315affe16123988fce13a6bfcb478841bd2e8c8d0edc1fc00cbf6cf281ffba0,2014-08,Essex Police,Essex Police,0.439730,51.629479,On or near Brackendale,E01021242,Basildon 001C,Public order,Under investigation,
6a2cf76090e2a85ad4770de25f045209b0fe9a8891de64c65f2972c527847f4f,2014-08,Essex Police,Essex Police,0.442765,51.628958,On or near The Mount,E01021242,Basildon 001C,Violence and sexual offences,Unable to prosecute suspect,
,2014-08,Essex Police,Essex Police,0.423678,51.642267,On or near Walsingham Way,E01021250,Basildon 001D,Anti-social behaviour,,
21dc868d5218457a765a3821b615c34ae21e7f867e76dd14dc6e81a11a11df34,2014-08,Essex Police,Essex Police,0.421294,51.637946,On or near Perry Street,E01021250,Basildon 001D,Drugs,Awaiting court outcome,
0faa2afe164d3de7faaa5c48be6996b0a3da555c1713b7f3353c12a62444cef0,2014-08,Essex Police,Essex Police,0.428020,51.638311,On or near Supermarket,E01021250,Basildon 001D,Shoplifting,Under investigation,
e61014981b019ac864e948e43d1b003cf9bf803d4a72d4c5451060eba5daf6ac,2014-08,Essex Police,Essex Police,0.428020,51.638311,On or near Supermarket,E01021250,Basildon 001D,Shoplifting,Under investigation,
0b628c8d32d9b356253c441a1fc21e133481589838055dbb0d83924450938c7d,2014-08,Essex Police,Essex Police,0.428020,51.638311,On or near Supermarket,E01021250,Basildon 001D,Shoplifting,Investigation complete; no suspect identified,
95f9db4f9912550205765e1d1b444039b2e021ceac7702d713112f434a845558,2014-08,Essex Police,Essex Police,0.426159,51.642711,On or near Lisa Close,E01021250,Basildon 001D,Violence and sexual offences,Under investigation,
,2014-08,Essex Police,Essex Police,0.408642,51.637829,On or near The Foxgloves,E01021245,Basildon 002A,Anti-social behaviour,,
,2014-08,Essex Police,Essex Police,0.409197,51.639310,On or near Queen'S Gate Mews,E01021245,Basildon 002A,Anti-social behaviour,,
,2014-08,Essex Police,Essex Police,0.408204,51.639384,On or near Oakley Drive,E01021245,Basildon 002A,Anti-social behaviour,,
,2014-08,Essex Police,Essex Police,0.409302,51.640468,On or near Milner Place,E01021245,Basildon 002A,Anti-social behaviour,,
,2014-08,Essex Police,Essex Police,0.407244,51.639260,On or near Dolphin Gardens,E01021245,Basildon 002A,Anti-social behaviour,,
,2014-08,Essex Police,Essex Police,0.409302,51.640468,On or near Milner Place,E01021245,Basildon 002A,Anti-social behaviour,,
e741546e163baf40d77411144b0c27554dca37de48b40aa63b14c66bd0be1e9e,2014-08,Essex Police,Essex Police,0.408782,51.647017,On or near Buckwyns,E01021245,Basildon 002A,Burglary,Under investigation,
9c9db47b6e521fa6f682840eb12a2861a4a2f124479ff4b6d12b5481f6bdc3b9,2014-08,Essex Police,Essex Police,0.408204,51.639384,On or near Oakley Drive,E01021245,Basildon 002A,Criminal damage and arson,Under investigation,
9db68b50e55cc075a425656a44f343e6507f621fcb94abe9fc8559161c3063db,2014-08,Essex Police,Essex Police,0.408204,51.639384,On or near Oakley Drive,E01021245,Basildon 002A,Other theft,Investigation complete; no suspect identified,
ff71f136577499a433161cfbf61bb97633b01edf5a2e6d482891211d3a1f4c03,2014-08,Essex Police,Essex Police,0.425305,51.648637,On or near Supermarket,E01021245,Basildon 002A,Other theft,Investigation complete; no suspect identified,
73db40ae4ba167eb1f17ba052b3ff1d2ede260a3f16fe630f2cc309362e2e2be,2014-08,Essex Police,Essex Police,0.408782,51.647017,On or near Buckwyns,E01021245,Basildon 002A,Other theft,Investigation complete; no suspect identified,
b13dc2f09bf7efb4812b2521776e6720c1b3217ecc2b4e53019a25d5f904b104,2014-08,Essex Police,Essex Police,0.408204,51.639384,On or near Oakley Drive,E01021245,Basildon 002A,Violence and sexual offences,Under investigation,
b67dc29a427da26449132f986f79019233dc872fcbc4aa910e60cce7bb3b3cd2,2014-08,Essex Police,Essex Police,0.407163,51.640188,On or near Lorrimore Close,E01021245,Basildon 002A,Violence and sexual offences,Local resolution,
5ebd719bb4791009fc9161c5f40c7abd212a3b3343e89d12e331a9b77b8aaa09,2014-08,Essex Police,Essex Police,0.425305,51.648637,On or near Supermarket,E01021245,Basildon 002A,Violence and sexual offences,Unable to prosecute suspect,
d9c33d2dde4995b5e53fcb672fe45438f1b15585d7b446da73d0400a24419187,2014-08,Essex Police,Essex Police,0.408816,51.638922,On or near Sloane Mews,E01021245,Basildon 002A,Violence and sexual offences,Under investigation,
,2014-08,Essex Police,Essex Police,0.413843,51.635887,On or near Old Farm Court,E01021246,Basildon 002B,Anti-social behaviour,,
24e39305f39f5a2a6e64bc03323a658635e59606cced07859d87b9c177da391e,2014-08,Essex Police,Essex Police,0.413061,51.634222,On or near Knightbridge Walk,E01021246,Basildon 002B,Burglary,Under investigation,
9709f6cec041d544c8cfe1f253e0b3c589582d4b2c522aa3b51ac1f036968a27,2014-08,Essex Police,Essex Police,0.405750,51.632060,On or near Lancer Way,E01021246,Basildon 002B,Burglary,Investigation complete; no suspect identified,
544e3adb1990e39f5213499703196c79de884c918034a2bc3d328ce327131446,2014-08,Essex Police,Essex Police,0.410419,51.630454,On or near Woodbrook Crescent,E01021246,Basildon 002B,Criminal damage and arson,Investigation complete; no suspect identified,
070f68a56866999f3b6658ba41b46095853c079b1da30d828fec1fa034714713,2014-08,Essex Police,Essex Police,0.406996,51.631585,On or near Rumbullion Drive,E01021246,Basildon 002B,Violence and sexual offences,Unable to prosecute suspect,
40ad5623b6672d64ccd5149264fbbac56d9d7298b729942049cda67c342e95e9,2014-08,Essex Police,Essex Police,0.412843,51.638831,On or near Montpelier Close,E01021248,Basildon 002C,Burglary,Under investigation,
70c5587f033c7f5ea18a09dd464f739e57b51419b616afb4cf5a6504e7c2d527,2014-08,Essex Police,Essex Police,0.410565,51.637843,On or near Harebell Close,E01021248,Basildon 002C,Violence and sexual offences,Unable to prosecute suspect,
,2014-08,Essex Police,Essex Police,0.398879,51.636590,On or near The Links,E01021249,Basildon 002D,Anti-social behaviour,,
,2014-08,Essex Police,Essex Police,0.398879,51.636590,On or near The Links,E01021249,Basildon 002D,Anti-social behaviour,,
,2014-08,Essex Police,Essex Police,0.400692,51.636175,On or near Cherry Gardens,E01021249,Basildon 002D,Anti-social behaviour,,
601e5ae35dbb816ddccd2378a52d50ede85f61ac427c52929918c36218cca934,2014-08,Essex Police,Essex Police,0.406849,51.635356,On or near St Helens Walk,E01021249,Basildon 002D,Burglary,Investigation complete; no suspect identified,
5188b5bfd46c50e0c5299d2afbb1b110e341838499d144f0497ca38b1d594bb5,2014-08,Essex Police,Essex Police,0.400692,51.636175,On or near Cherry Gardens,E01021249,Basildon 002D,Burglary,Under investigation,
a980438d726ba6785794c4bb44d9da116a4f6240b2bf11ff850f3ca048405b31,2014-08,Essex Police,Essex Police,0.413811,51.637453,On or near Supermarket,E01021252,Basildon 002E,Burglary,Investigation complete; no suspect identified,
416d4ef6049cfbcc5b31b522fb30d4b1bcee4d2ecf5f4e9d45769b33d0f6dc99,2014-08,Essex Police,Essex Police,0.413811,51.637453,On or near Supermarket,E01021252,Basildon 002E,Burglary,Under investigation,
7865aa716ab610e3eb901239f423ee74e6e3a4032f3637951acef5c96d2a3cd7,2014-08,Essex Police,Essex Police,0.413811,51.637453,On or near Supermarket,E01021252,Basildon 002E,Other theft,Under investigation,
1ce9398b59eac49a458af8d7f0659c562bbd339e734f16c616c00ab787f4d185,2014-08,Essex Police,Essex Police,0.417281,51.639926,On or near Marlborough Way,E01021252,Basildon 002E,Violence and sexual offences,Unable to prosecute suspect,
868b882931304bd7c64dde5f54a73fab3a0ddd8f67b39a961c7760a063481c6f,2014-08,Essex Police,Essex Police,0.413811,51.637453,On or near Supermarket,E01021252,Basildon 002E,Violence and sexual offences,Under investigation,
,2014-08,Essex Police,Essex Police,0.425928,51.630809,On or near Fernlea Place,E01021239,Basildon 003A,Anti-social behaviour,,
,2014-08,Essex Police,Essex Police,0.422615,51.627208,On or near Crown Road,E01021239,Basildon 003A,Anti-social behaviour,,
a3b93206251a11b083aad5941f590cd49817597b0d7736c901d3afd33a01a82d,2014-08,Essex Police,Essex Police,0.417398,51.625283,On or near High Street,E01021240,Basildon 003B,Bicycle theft,Under investigation,
b5f675e2d7b0e75d41d5bd17c8830554bb12c04fb994af1ae2dcecb38e6be1aa,2014-08,Essex Police,Essex Police,0.428876,51.625927,On or near David'S Walk,E01021240,Basildon 003B,Other theft,Investigation complete; no suspect identified,
9e63a2b0124ec18e9350b1bd170d14e81b6692522f7313954fa1e9a05f6cd1e8,2014-08,Essex Police,Essex Police,0.428876,51.625927,On or near David'S Walk,E01021240,Basildon 003B,Other theft,Investigation complete; no suspect identified,
1ac9da1adbafef654885acc9e4a5b88cdce918b4826bbf1ea2747d28c25cff92,2014-08,Essex Police,Essex Police,0.417398,51.625283,On or near High Street,E01021240,Basildon 003B,Shoplifting,Investigation complete; no suspect identified,
3794ef0b1e5d87434b6fca603c46885565ac07d53f42e1a5e23f01839d39a667,2014-08,Essex Police,Essex Police,0.417398,51.625283,On or near High Street,E01021240,Basildon 003B,Theft from the person,Investigation complete; no suspect identified,
1a92c03d4afc7b4d174dde3ef6aa35bb95475eafae730dd8edaa983d07aa16a0,2014-08,Essex Police,Essex Police,0.417398,51.625283,On or near High Street,E01021240,Basildon 003B,Theft from the person,Under investigation,
d4522273868d3d39a485d3edb47906792f5d78521617094e3aeb26cafbd22554,2014-08,Essex Police,Essex Police,0.424359,51.630922,On or near Parklands,E01021240,Basildon 003B,Violence and sexual offences,Awaiting court outcome,
c49471ef786d7d14e5228fefd9a64c61344403fb35e6bd08f42197f2840e38f7,2014-08,Essex Police,Essex Police,0.428876,51.625927,On or near David'S Walk,E01021240,Basildon 003B,Violence and sexual offences,Investigation complete; no suspect identified,
,2014-08,Essex Police,Essex Police,0.434574,51.625216,On or near Mons Avenue,E01021241,Basildon 003C,Anti-social behaviour,,
,2014-08,Essex Police,Essex Police,0.437870,51.622818,On or near Morris Avenue,E01021241,Basildon 003C,Anti-social behaviour,,
,2014-08,Essex Police,Essex Police,0.437796,51.624142,On or near Greenway,E01021241,Basildon 003C,Anti-social behaviour,,
,2014-08,Essex Police,Essex Police,0.436334,51.626510,On or near Stansted Close,E01021241,Basildon 003C,Anti-social behaviour,,
5174465968c54c494677dd088110842671e90eafff07927cc8df17fa24a86293,2014-08,Essex Police,Essex Police,0.440173,51.622671,On or near Darell Way,E01021241,Basildon 003C,Burglary,Under investigation,
d153658ba8da298765deadcda07ff2eda2bf7c02236a7fc4f863a7c56f87bba7,2014-08,Essex Police,Essex Police,0.439004,51.622687,On or near Warner Close,E01021241,Basildon 003C,Drugs,Under investigation,
eed91887234f155d784d847ede4e189255df90f85a463561b4668325e9ca5ead,2014-08,Essex Police,Essex Police,0.438167,51.625393,On or near Salesbury Drive,E01021241,Basildon 003C,Vehicle crime,Under investigation,
ea67337579ea671a82296bfb5ca41d5b35abd00c74258db08169292654b342ac,2014-08,Essex Police,Essex Police,0.436777,51.623452,On or near Monoux Close,E01021241,Basildon 003C,Vehicle crime,Investigation complete; no suspect identified,
,2014-08,Essex Police,Essex Police,0.432452,51.626339,On or near Prince Edward Road,E01021243,Basildon 003D,Anti-social behaviour,,
,2014-08,Essex Police,Essex Police,0.429975,51.623791,On or near Wren Close,E01021243,Basildon 003D,Anti-social behaviour,,
,2014-08,Essex Police,Essex Police,0.429975,51.623791,On or near Wren Close,E01021243,Basildon 003D,Anti-social behaviour,,
,2014-08,Essex Police,Essex Police,0.432452,51.626339,On or near Prince Edward Road,E01021243,Basildon 003D,Anti-social behaviour,,
,2014-08,Essex Police,Essex Police,0.429975,51.623791,On or near Wren Close,E01021243,Basildon 003D,Anti-social behaviour,,
fd8e73d3c9b980efbf38d7be120a4bd4d45156dd849360e888935625c45ffd2d,2014-08,Essex Police,Essex Police,0.427593,51.624371,On or near South Ridge,E01021243,Basildon 003D,Violence and sexual offences,Awaiting court outcome,
898ec996494c9b4077cfb1096381ae77d8ae3ea3084c66562f9929de18bcaa1e,2014-08,Essex Police,Essex Police,0.433368,51.622930,On or near The Rising,E01021243,Basildon 003D,Violence and sexual offences,Offender given a caution,
,2014-08,Essex Police,Essex Police,0.414367,51.631596,On or near Radford Crescent,E01021247,Basildon 003E,Anti-social behaviour,,
,2014-08,Essex Police,Essex Police,0.417812,51.632262,On or near Ruskin Dene,E01021247,Basildon 003E,Anti-social behaviour,,
,2014-08,Essex Police,Essex Police,0.418000,51.633886,On or near Sports/Recreation Area,E01021247,Basildon 003E,Anti-social behaviour,,
bc1f3dbf9da69d0a25a6b190dd81ef3cf076d5e4cf9d8771fc05f82ce84a7884,2014-08,Essex Police,Essex Police,0.414367,51.631596,On or near Radford Crescent,E01021247,Basildon 003E,Criminal damage and arson,Investigation complete; no suspect identified,
273aeeae81f07976a93915046d9a62f80ec0885cb9931592650d5cf1ceaaed48,2014-08,Essex Police,Essex Police,0.417258,51.635691,On or near Moat Edge Gardens,E01021247,Basildon 003E,Drugs,Awaiting court outcome,
b5f0c17c9aa9fbbd9064b65cdb4ce8cd05ddbead18cc4a417d5fdd69cdc8f151,2014-08,Essex Police,Essex Police,0.417873,51.629320,On or near Petrol Station,E01021247,Basildon 003E,Other theft,Under investigation,
f0ea2d16a451287c9845939167116dcbdd5686aa22f11b7f70002ca47fab78be,2014-08,Essex Police,Essex Police,0.417873,51.629320,On or near Petrol Station,E01021247,Basildon 003E,Shoplifting,Under investigation,
f750f03789751f51f526227ea7087aed6bef960276ced4fd5e29f9263d2c2a71,2014-08,Essex Police,Essex Police,0.417873,51.629320,On or near Petrol Station,E01021247,Basildon 003E,Shoplifting,Under investigation,
,2014-08,Essex Police,Essex Police,0.417043,51.622143,On or near Sun Street,E01021244,Basildon 004A,Anti-social behaviour,,
,2014-08,Essex Police,Essex Police,0.415887,51.622140,On or near A129,E01021244,Basildon 004A,Anti-social behaviour,,
,2014-08,Essex Police,Essex Police,0.414038,51.623500,On or near Irvine Way,E01021244,Basildon 004A,Anti-social behaviour,,
963a491e1aea331a039ea0ad8edea03ef0276ea3d3e4db5ce2ff000d3cbd1012,2014-08,Essex Police,Essex Police,0.412730,51.622807,On or near Mallory Way,E01021244,Basildon 004A,Burglary,Under investigation,
57c8012565fc93ac466a738c806adbe3c0241206d44aa8e49b99fcd5dd253893,2014-08,Essex Police,Essex Police,0.409326,51.624019,On or near Everest Rise,E01021244,Basildon 004A,Criminal damage and arson,Investigation complete; no suspect identified,
9390350ec366716689f2de9127edac51707a60231496188b39a01a6385b9b628,2014-08,Essex Police,Essex Police,0.416513,51.624942,On or near Supermarket,E01021244,Basildon 004A,Other theft,Investigation complete; no suspect identified,
560825a8e309a7615cca00caa1a47778907124d6088de10bca3a3b312b46d42a,2014-08,Essex Police,Essex Police,0.415874,51.624334,On or near Supermarket,E01021244,Basildon 004A,Other theft,Under investigation,
7f9b37b6284317b4a5475bd82d8a01be43aab7f0b0aae72aeae765784e4a39fe,2014-08,Essex Police,Essex Police,0.418384,51.624274,On or near Chapel Street,E01021244,Basildon 004A,Possession of weapons,Offender given a caution,
cc51586899ac8390aaddb3eed8730c80a33e8432721496b670c6ef90b7b28dbf,2014-08,Essex Police,Essex Police,0.416509,51.623512,On or near Supermarket,E01021244,Basildon 004A,Shoplifting,Local resolution,
20576e5855694cb5d4ed45188ecf482e6f90df3b8cd868ed44bf5523b0e8b5b5,2014-08,Essex Police,Essex Police,0.416509,51.623512,On or near Supermarket,E01021244,Basildon 004A,Shoplifting,Under investigation,
3cbf7ab456c51c348a91d645bf174842fa1aa38e4c4af205133852ebbed4be86,2014-08,Essex Police,Essex Police,0.416509,51.623512,On or near Supermarket,E01021244,Basildon 004A,Shoplifting,Under investigation,
81a319da836e8f22cf701f604c072d8fae7f421cebd280e41e94c64d55a0cb9e,2014-08,Essex Police,Essex Police,0.417129,51.626206,On or near Parking Area,E01021244,Basildon 004A,Shoplifting,Investigation complete; no suspect identified,
1efd900b9085bcbbef3d5655f94403a46263f828656aeb263115ca3aeccecaea,2014-08,Essex Police,Essex Police,0.416509,51.623512,On or near Supermarket,E01021244,Basildon 004A,Shoplifting,Under investigation,
7b94f88fb16d99ed2f7aea373315fae985475d5fcc5d13511afe08f86a0209a1,2014-08,Essex Police,Essex Police,0.416509,51.623512,On or near Supermarket,E01021244,Basildon 004A,Theft from the person,Investigation complete; no suspect identified,
13735bf562ca2166d4aff345881fc52d031b6182b3318796b4e9b2fc40c2aeab,2014-08,Essex Police,Essex Police,0.417129,51.626206,On or near Parking Area,E01021244,Basildon 004A,Violence and sexual offences,Under investigation,
bcc7f3a907307b472539b353dfd9a9f2a157d51a2b192fd86a6b8714c7a64121,2014-08,Essex Police,Essex Police,0.417129,51.626206,On or near Parking Area,E01021244,Basildon 004A,Violence and sexual offences,Unable to prosecute suspect,
3d2278124bfa11386d51c787a1538caab86a94bacec613ccb9d665462dbb84ab,2014-08,Essex Police,Essex Police,0.415497,51.622408,On or near Police Station,E01021244,Basildon 004A,Other crime,Under investigation,
,2014-08,Essex Police,Essex Police,0.417763,51.628072,On or near Tanfield Drive,E01021253,Basildon 004B,Anti-social behaviour,,
,2014-08,Essex Police,Essex Police,0.417436,51.619473,On or near Roman Way,E01021255,Basildon 004C,Anti-social behaviour,,
,2014-08,Essex Police,Essex Police,0.405569,51.622361,On or near Heath Close,E01021255,Basildon 004C,Anti-social behaviour,,
,2014-08,Essex Police,Essex Police,0.417980,51.619659,On or near School Road,E01021255,Basildon 004C,Anti-social behaviour,,
edff5303598dadfebd8cefa1414614569ff117b530af0aca9c18d55fec95878b,2014-08,Essex Police,Essex Police,0.405569,51.622361,On or near Heath Close,E01021255,Basildon 004C,Burglary,Under investigation,
5fe55f1f98040357663a97080ee6c6f1cd92254c7bfbf4dfab3bb281a5ad4d2f,2014-08,Essex Police,Essex Police,0.417980,51.619659,On or near School Road,E01021255,Basildon 004C,Criminal damage and arson,Unable to prosecute suspect,
7900dbcfac9572a68106085416d7656a78f75d8341580115f692659848509633,2014-08,Essex Police,Essex Police,0.405569,51.622361,On or near Heath Close,E01021255,Basildon 004C,Drugs,Awaiting court outcome,
3d91991817313d79454a4bc24a01fc174456e9e92db0e7e7076f0ca9d6ee644c,2014-08,Essex Police,Essex Police,0.408421,51.621933,On or near Romney Road,E01021255,Basildon 004C,Other theft,Investigation complete; no suspect identified,
d476c21c78dfdbe2d4bf6aadc9e52bf9dd7b301735a1015e26b7c312eaba8da0,2014-08,Essex Police,Essex Police,0.417980,51.619659,On or near School Road,E01021255,Basildon 004C,Other theft,Under investigation,
11c067953dff9854f84e8ddb71447070e8c8dbfef84c7422d54e5826b3f5999c,2014-08,Essex Police,Essex Police,0.414888,51.618842,On or near Quilters Drive,E01021255,Basildon 004C,Violence and sexual offences,Under investigation,
,2014-08,Essex Police,Essex Police,0.422936,51.615870,On or near Windmill Heights,E01021258,Basildon 004E,Anti-social behaviour,,
4356802fc03407dd95e9443362596aac4a29e48bd84a123db562b24dc7e11ca2,2014-08,Essex Police,Essex Police,0.430284,51.615520,On or near Beams Way,E01021258,Basildon 004E,Other theft,Unable to prosecute suspect,
,2014-08,Essex Police,Essex Police,0.522443,51.614376,On or near The Broadway,E01021334,Basildon 005A,Anti-social behaviour,,
,2014-08,Essex Police,Essex Police,0.522443,51.614376,On or near The Broadway,E01021334,Basildon 005A,Anti-social behaviour,,
5d4af5d37d2444a7b4e1f95f2439756122f6baf19baa610e752464b00f9644e9,2014-08,Essex Police,Essex Police,0.519801,51.615188,On or near Station Approach,E01021334,Basildon 005A,Bicycle theft,Investigation complete; no suspect identified,
d1a7a695a2fd46f1e2f37048ff3cfb332a16b72dc28806008a62912a5be40c06,2014-08,Essex Police,Essex Police,0.519178,51.616191,On or near Station Avenue,E01021334,Basildon 005A,Burglary,Under investigation,
f7ccb883d4cb0fd44d1f23f89422e77f50d35bff6d662220aeaa660698ac1096,2014-08,Essex Police,Essex Police,0.522231,51.618113,On or near The Hastings,E01021334,Basildon 005A,Criminal damage and arson,Offender given a caution,
5a4e7abc566932b0e59875b85c3dc2eb47dd248406c226ab21fbb6cec0970c82,2014-08,Essex Police,Essex Police,0.528225,51.617570,On or near Runwell Road,E01021334,Basildon 005A,Other theft,Under investigation,
fd78559f003195cb7a0f6f9888d6751bd675d1f3adfadc29a32f12597ef9b5b3,2014-08,Essex Police,Essex Police,0.519465,51.615636,On or near Pullman Court,E01021334,Basildon 005A,Other theft,Investigation complete; no suspect identified,
cafa094d777ec5ded5cf8a5ca821534e1b80155f9f5f3faf9deed5cd009dd2b8,2014-08,Essex Police,Essex Police,0.521403,51.613859,On or near Pedestrian Subway,E01021334,Basildon 005A,Shoplifting,Under investigation,
fb437fe92aa5f7b4e58190dd58629fb2fc12cbf7f6b86ea508a5b7775ab4fee1,2014-08,Essex Police,Essex Police,0.521403,51.613859,On or near Pedestrian Subway,E01021334,Basildon 005A,Shoplifting,Under investigation,
8c442e09814546da089886a1d8f2ada4336c7f65111946872adb5969f74bf4cf,2014-08,Essex Police,Essex Police,0.521403,51.613859,On or near Pedestrian Subway,E01021334,Basildon 005A,Theft from the person,Under investigation,
52169567fdd2c5172e8cdf698c05a198671aad883332b5a21d326577d6d269c6,2014-08,Essex Police,Essex Police,0.519178,51.616191,On or near Station Avenue,E01021334,Basildon 005A,Vehicle crime,Investigation complete; no suspect identified,
86dac0ed53d4a552b3d4f2d0a63da96486de4349bad7b4a149fbdfdc19ece1dc,2014-08,Essex Police,Essex Police,0.519178,51.616191,On or near Station Avenue,E01021334,Basildon 005A,Vehicle crime,Investigation complete; no suspect identified,
52de0b92339a5375a799f8911d70459478d76912bbb9b0cab7e3313bb9f1326e,2014-08,Essex Police,Essex Police,0.520454,51.614715,On or near Parking Area,E01021334,Basildon 005A,Vehicle crime,Investigation complete; no suspect identified,
a4ab6b5e4b619555169a035a9285387fccb96b0e361aa11587669efabf33f9ff,2014-08,Essex Police,Essex Police,0.528225,51.617570,On or near Runwell Road,E01021334,Basildon 005A,Violence and sexual offences,Under investigation,
,2014-08,Essex Police,Essex Police,0.527801,51.615655,On or near Meadow Court,E01021336,Basildon 005B,Anti-social behaviour,,
,2014-08,Essex Police,Essex Police,0.528468,51.611278,On or near Wick Beech Avenue,E01021336,Basildon 005B,Anti-social behaviour,,
,2014-08,Essex Police,Essex Police,0.532362,51.611959,On or near St Charles Drive,E01021336,Basildon 005B,Anti-social behaviour,,
178d3f6bd31030be16712f359cb09db3edcdc9000c946b219c4f9266e8b61918,2014-08,Essex Police,Essex Police,0.523454,51.613590,On or near Stilemans,E01021336,Basildon 005B,Bicycle theft,Investigation complete; no suspect identified,
1da0ed2c6ee1cd97fee9cf2aa42849e85beeb28a996a5dd5fa0df5a29558612e,2014-08,Essex Police,Essex Police,0.531882,51.615000,On or near Adam Way,E01021336,Basildon 005B,Burglary,Investigation complete; no suspect identified,
8704a1c12f7ecb0b8b523a5c9c627d09f0440f76f40d0d950e44ad724ec2bd4c,2014-08,Essex Police,Essex Police,0.529843,51.609261,On or near Hillwood Grove,E01021336,Basildon 005B,Drugs,Awaiting court outcome,
87357136024d80cd0fccccd82bbb83790453a654fbfeaa203a57f3a1cdefb79a,2014-08,Essex Police,Essex Police,0.530618,51.611241,On or near Wick Lane,E01021336,Basildon 005B,Drugs,Offender given a drugs possession warning,
6213e0c1d26431d731010fdffa1aa5f37a6bedef4e0cd8d5c8dbc89a688dca43,2014-08,Essex Police,Essex Police,0.532362,51.611959,On or near St Charles Drive,E01021336,Basildon 005B,Violence and sexual offences,Unable to prosecute suspect,
,2014-08,Essex Police,Essex Police,0.519138,51.622253,On or near Arundel Road,E01021338,Basildon 005C,Anti-social behaviour,,
,2014-08,Essex Police,Essex Police,0.516858,51.617616,On or near Silver Way,E01021338,Basildon 005C,Anti-social behaviour,,
,2014-08,Essex Police,Essex Police,0.517023,51.622415,On or near Haslemere Road,E01021338,Basildon 005C,Anti-social behaviour,,
,2014-08,Essex Police,Essex Police,0.517651,51.622537,On or near Alderney Gardens,E01021338,Basildon 005C,Anti-social behaviour,,
,2014-08,Essex Police,Essex Police,0.516858,51.617616,On or near Silver Way,E01021338,Basildon 005C,Anti-social behaviour,,
362c56132ab95ef202b7856a80009ad5c02bba6a704f4ad502ff792fc7ae2510,2014-08,Essex Police,Essex Police,0.519138,51.622253,On or near Arundel Road,E01021338,Basildon 005C,Criminal damage and arson,Investigation complete; no suspect identified,
472813e6ff50c8e762ef7c4d9fe7a91e0c07f3d3b2af86762a02c5ccce67cd7d,2014-08,Essex Police,Essex Police,0.516858,51.617616,On or near Silver Way,E01021338,Basildon 005C,Criminal damage and arson,Investigation complete; no suspect identified,
bdb6c2604043e8200011479187013bc2795c01cb2c859c394799151fb7762de6,2014-08,Essex Police,Essex Police,0.518811,51.622872,On or near Moreland Road,E01021338,Basildon 005C,Criminal damage and arson,Investigation complete; no suspect identified,
0aa5e7d24fd80f4f38bd36b57f1cbc5b5f89db0a299e55852ef01df6e9ac83c8,2014-08,Essex Police,Essex Police,0.518117,51.620000,On or near Conference/Exhibition Centre,E01021338,Basildon 005C,Criminal damage and arson,Investigation complete; no suspect identified,
5eef17cc5e8e24886ee7de64cf5cd6d5b93aad3191b9877b0af7b9f56b65e5d2,2014-08,Essex Police,Essex Police,0.518912,51.623661,On or near Lapwing Road,E01021338,Basildon 005C,Criminal damage and arson,Investigation complete; no suspect identified,
80781eb8a6885f673e782db988aeb3c92c4b1a8d7d35541969c09fcad6edab8a,2014-08,Essex Police,Essex Police,0.514236,51.624535,On or near Station Road,E01021338,Basildon 005C,Other theft,Under investigation,
e1d4aed90ddc8ba292ce21eee61325df230080ba779818f5e78704c355cf7f96,2014-08,Essex Police,Essex Police,0.519138,51.622253,On or near Arundel Road,E01021338,Basildon 005C,Vehicle crime,Investigation complete; no suspect identified,
a5b262f46793dbdc235e47bda09db80ea0d51edb0c3b6c84cbb9cd746c8f4b5a,2014-08,Essex Police,Essex Police,0.519138,51.622253,On or near Arundel Road,E01021338,Basildon 005C,Violence and sexual offences,Under investigation,
,2014-08,Essex Police,Essex Police,0.534591,51.615913,On or near Rettendon View,E01021339,Basildon 005D,Anti-social behaviour,,
,2014-08,Essex Police,Essex Police,0.534951,51.614349,On or near Apple Tree Way,E01021339,Basildon 005D,Anti-social behaviour,,
90e084e382c1232e3f3c919af73b2cb237d5b8e9b07d4060e4f8db76574a29e5,2014-08,Essex Police,Essex Police,0.536944,51.616411,On or near Springfield Road,E01021339,Basildon 005D,Burglary,Under investigation,
0cc785a2a1070ab5ca3d764dd65b4488e72e06dd897111fef9455999bf06edfb,2014-08,Essex Police,Essex Police,0.534414,51.617661,On or near Parking Area,E01021339,Basildon 005D,Criminal damage and arson,Investigation complete; no suspect identified,
d9137b9f42215ac42f2a6ffddda742816d70d0bcf448b623649e9da6545e911b,2014-08,Essex Police,Essex Police,0.536885,51.611978,On or near Supermarket,E01021339,Basildon 005D,Criminal damage and arson,Investigation complete; no suspect identified,
6655a8b12ea710d38b152aa004aa57403fc4f147811ba89a5af4f86b553090d0,2014-08,Essex Police,Essex Police,0.536885,51.611978,On or near Supermarket,E01021339,Basildon 005D,Shoplifting,Under investigation,
7f6057fcff823f69a835998d8811bf60e806a07deb8c1ee5432373dd573a66c8,2014-08,Essex Police,Essex Police,0.527181,51.613860,On or near Franklins Way,E01021339,Basildon 005D,Vehicle crime,Investigation complete; no suspect identified,
8f2483ad5ff38386915010e08b463bc945f3932c2d178c76694413969a6e4de3,2014-08,Essex Police,Essex Police,0.534414,51.617661,On or near Parking Area,E01021339,Basildon 005D,Vehicle crime,Investigation complete; no suspect identified,
ba1dc862e071e3ad033648502b551229ae70abcca0353a5f82b33d64661e99f6,2014-08,Essex Police,Essex Police,0.536885,51.611978,On or near Supermarket,E01021339,Basildon 005D,Violence and sexual offences,Unable to prosecute suspect,
,2014-08,Essex Police,Essex Police,0.517393,51.610311,On or near Sports/Recreation Area,E01021329,Basildon 006B,Anti-social behaviour,,
6439df57375168b7ffda1b4be6bf88d51e52ba35d02f578c27c96545a2685d17,2014-08,Essex Police,Essex Police,0.509103,51.611119,On or near London Mews,E01021329,Basildon 006B,Burglary,Under investigation,
,2014-08,Essex Police,Essex Police,0.505672,51.605202,On or near Sports/Recreation Area,E01021330,Basildon 006C,Anti-social behaviour,,
,2014-08,Essex Police,Essex Police,0.515206,51.601842,On or near Nevendon Road,E01021330,Basildon 006C,Anti-social behaviour,,
e04edd3d5d9d1b69889a616ba1f5d95807c6325c1fcbf9a552fa0edeecce5ae0,2014-08,Essex Police,Essex Police,0.505672,51.605202,On or near Sports/Recreation Area,E01021330,Basildon 006C,Criminal damage and arson,Under investigation,
77b6381d126cbae5cd257b5054de6042a3af477d025290f02381f6cceee52e25,2014-08,Essex Police,Essex Police,0.501215,51.592707,On or near Southend Arterial Road,E01021330,Basildon 006C,Other theft,Under investigation,
745bf4d18342bf95c393e15d70c2d17e297e01aadf245b9a06d1ae2d963ab490,2014-08,Essex Police,Essex Police,0.501215,51.592707,On or near Southend Arterial Road,E01021330,Basildon 006C,Other theft,Under investigation,
8d6b706723e96d329d2b3f359c44c7ccfe36ce3e5b724ec957e7bfa57b2ea6b9,2014-08,Essex Police,Essex Police,0.515462,51.603338,On or near Nevendon Road,E01021330,Basildon 006C,Other theft,Investigation complete; no suspect identified,
f04fdfb2f720a81c41216bce955ee0911ae599ed2cd5b4a9a621f8191b62814d,2014-08,Essex Police,Essex Police,0.512541,51.601170,On or near Toppesfield Avenue,E01021330,Basildon 006C,Violence and sexual offences,Unable to prosecute suspect,
,2014-08,Essex Police,Essex Police,0.509668,51.610360,On or near Deirdre Close,E01021332,Basildon 006D,Anti-social behaviour,,
,2014-08,Essex Police,Essex Police,0.512674,51.609333,On or near Lilac Avenue,E01021332,Basildon 006D,Anti-social behaviour,,
,2014-08,Essex Police,Essex Police,0.512674,51.609333,On or near Lilac Avenue,E01021332,Basildon 006D,Anti-social behaviour,,
,2014-08,Essex Police,Essex Police,0.512674,51.609333,On or near Lilac Avenue,E01021332,Basildon 006D,Anti-social behaviour,,
61cee4350946aa1a760703de62652e5b9d80d7c1ca9f3ae75ef355b77643f806,2014-08,Essex Police,Essex Police,0.515734,51.607739,On or near Elder Way,E01021332,Basildon 006D,Criminal damage and arson,Investigation complete; no suspect identified,
ca77f2a0205314da246b10fe906358ccb4a8bcfc4cb0e12b058444787ae406a9,2014-08,Essex Police,Essex Police,0.548674,51.604285,On or near Tangmere Close,E01021335,Basildon 007A,Criminal damage and arson,Investigation complete; no suspect identified,
85b2e84c5370591574a295937bf7c84ea36d566ebf7d87e2f3730f4f6626d772,2014-08,Essex Police,Essex Police,0.548214,51.607668,On or near Fanton Walk,E01021335,Basildon 007A,Vehicle crime,Investigation complete; no suspect identified,
9753b395c578a3ffed7976b0257dbdcb10683d0e34795f8489c92ab957cfe9e5,2014-08,Essex Police,Essex Police,0.546763,51.605235,On or near Hornchurch Close,E01021335,Basildon 007A,Violence and sexual offences,Offender given a caution,
,2014-08,Essex Police,Essex Police,0.544056,51.615447,On or near Ulting Way,E01021337,Basildon 007B,Anti-social behaviour,,
e1fdf51ddf2901658e5d275e9d1d0ca47eeee45b7383ac3d964719cee7ca1506,2014-08,Essex Police,Essex Police,0.544561,51.613377,On or near Beauchamps Drive,E01021337,Basildon 007B,Burglary,Under investigation,
fd4449d017ec642d34d4d55933fc6af212d9567d3b20b096bd6c9b8a70dbb442,2014-08,Essex Police,Essex Police,0.539444,51.614090,On or near Hill Avenue,E01021337,Basildon 007B,Drugs,Offender given penalty notice,
3204f1aef886a0c3a3dddb5f8356865d07d94360f6f0e1927ac1a326a6af4900,2014-08,Essex Police,Essex Police,0.539444,51.614090,On or near Hill Avenue,E01021337,Basildon 007B,Violence and sexual offences,Under investigation,
,2014-08,Essex Police,Essex Police,0.540904,51.608932,On or near Sandown Close,E01021340,Basildon 007C,Anti-social behaviour,,
9b4d01eb6235a3414751365a93ed1df56fb30b145694c18f9cd1ffcc59fb20fe,2014-08,Essex Police,Essex Police,0.537931,51.611308,On or near Southend Road,E01021340,Basildon 007C,Criminal damage and arson,Investigation complete; no suspect identified,
71ce92012c4ccf9f976234d72cf08e0910c19a6d092ee7b958652ff6924a15a5,2014-08,Essex Police,Essex Police,0.547619,51.615622,On or near Royal Oak Drive,E01021340,Basildon 007C,Violence and sexual offences,Under investigation,
f2f709c5c9fceb1aac1b1c55f9b48f19406482a566c109fa97a6c2c4d01cca6b,2014-08,Essex Police,Essex Police,0.539112,51.605563,On or near Uxbridge Close,E01021340,Basildon 007C,Violence and sexual offences,Under investigation,
,2014-08,Essex Police,Essex Police,0.536923,51.601275,On or near Barra Glade,E01021345,Basildon 007E,Anti-social behaviour,,
,2014-08,Essex Police,Essex Police,0.538965,51.600332,On or near Orkney Gardens,E01021345,Basildon 007E,Anti-social behaviour,,
e8f0ad7e756abe5be311d96b3e12040a4db818dcdbfc101eb24b08b9a4d9934f,2014-08,Essex Police,Essex Police,0.536923,51.601275,On or near Barra Glade,E01021345,Basildon 007E,Burglary,Under investigation,
068a772378eaa2754cd414c252002f48920c785c99754f39d35c493cbbaa7e6a,2014-08,Essex Police,Essex Police,0.536901,51.604504,On or near Arran Court,E01021345,Basildon 007E,Burglary,Under investigation,
1fef3ebfabb2143bdac827b6eed2dde1e151e277f8651311731a4bdc531521e5,2014-08,Essex Police,Essex Police,0.537515,51.600741,On or near Anglesey Gardens,E01021345,Basildon 007E,Criminal damage and arson,Unable to prosecute suspect,
f2fb42c596b33659cc080c0d8b21c84cc4cd2c9c2f9358e5ff74d0f8d4f3c357,2014-08,Essex Police,Essex Police,0.538965,51.600332,On or near Orkney Gardens,E01021345,Basildon 007E,Other theft,Investigation complete; no suspect identified,
4b5a432f25a19622ee93f7a7175d4be4a325e7b3241bf27c6f74cd5f84e81968,2014-08,Essex Police,Essex Police,0.535948,51.601917,On or near Supermarket,E01021345,Basildon 007E,Public order,Under investigation,
,2014-08,Essex Police,Essex Police,0.518537,51.614271,On or near Market Avenue,E01021331,Basildon 008A,Anti-social behaviour,,
,2014-08,Essex Police,Essex Police,0.520989,51.612635,On or near Supermarket,E01021331,Basildon 008A,Anti-social behaviour,,
,2014-08,Essex Police,Essex Police,0.518537,51.614271,On or near Market Avenue,E01021331,Basildon 008A,Anti-social behaviour,,
,2014-08,Essex Police,Essex Police,0.521183,51.610419,On or near Wick Drive,E01021331,Basildon 008A,Anti-social behaviour,,
18619e110f1da0a2ee014426693852fc5a08e855fad64d286ec9f6a87cefe26f,2014-08,Essex Police,Essex Police,0.520508,51.612565,On or near High Street,E01021331,Basildon 008A,Criminal damage and arson,Investigation complete; no suspect identified,
8710c4a04757367ba855eb6d371cdc64893b6bc40589f10b5af8dc33e8f4216e,2014-08,Essex Police,Essex Police,0.519982,51.611929,On or near Supermarket,E01021331,Basildon 008A,Criminal damage and arson,Investigation complete; no suspect identified,
3c043089cb3cb96dc42f6b2d7d39256ce1c2790ffbbceb8a9e9df5f99f0c1e2f,2014-08,Essex Police,Essex Police,0.520989,51.612635,On or near Supermarket,E01021331,Basildon 008A,Shoplifting,Local resolution,
d87dafed1ae2d24e4ccf7b0188a6cd36e4dcb725a1bb7e4e40cda6c7bcaa0fc8,2014-08,Essex Police,Essex Police,0.522195,51.612511,On or near Parking Area,E01021331,Basildon 008A,Shoplifting,Under investigation,
344576845252293f8336510c78710ea3fb8e3e29330c8bd99d39ac26115d2dc8,2014-08,Essex Police,Essex Police,0.519982,51.611929,On or near Supermarket,E01021331,Basildon 008A,Shoplifting,Under investigation,
4392e92fdb30ee6be7ebd1b6e6d5cea6cb9536e21e5093435ea81277d6c01b53,2014-08,Essex Police,Essex Police,0.522195,51.612511,On or near Parking Area,E01021331,Basildon 008A,Shoplifting,Under investigation,
b774b89b45cd9b19fd1c8d0f97be77647118c8b29fd73b2d9ef2218010653c6e,2014-08,Essex Police,Essex Police,0.522195,51.612511,On or near Parking Area,E01021331,Basildon 008A,Shoplifting,Under investigation,
f9725bd802119029f41e5091007f37a065539eb4ed219da2de4dab447f0cd694,2014-08,Essex Police,Essex Police,0.519982,51.611929,On or near Supermarket,E01021331,Basildon 008A,Theft from the person,Investigation complete; no suspect identified,
0860467cf0bb131dad19dd2aace0c6efab079b2ca9d4439e71ab36081b0b1bf1,2014-08,Essex Police,Essex Police,0.519679,51.611935,On or near Woodlands Road,E01021331,Basildon 008A,Vehicle crime,Under investigation,
9168c71035b27c727f215c3cc2b8318cccdfa3f28d0c8be4cabc0d5c8a7683d0,2014-08,Essex Police,Essex Police,0.519982,51.611929,On or near Supermarket,E01021331,Basildon 008A,Violence and sexual offences,Under investigation,
462c67b3f8245be3477db2c3adb1bd37395108b1f2013f6a013f85ce6467c16a,2014-08,Essex Police,Essex Police,0.519815,51.607624,On or near Hendon Close,E01021331,Basildon 008A,Violence and sexual offences,Investigation complete; no suspect identified,
942c280483a2a014bbe1faa532960951ad7ec2ed9ef7124adb1d57fdbc01ce52,2014-08,Essex Police,Essex Police,0.520351,51.605032,On or near Park Drive,E01021331,Basildon 008A,Violence and sexual offences,Unable to prosecute suspect,
,2014-08,Essex Police,Essex Police,0.517309,51.603568,On or near Stevenson Way,E01021342,Basildon 008B,Anti-social behaviour,,
,2014-08,Essex Police,Essex Police,0.516750,51.604695,On or near Kershaws Close,E01021342,Basildon 008B,Anti-social behaviour,,
,2014-08,Essex Police,Essex Police,0.517309,51.603568,On or near Stevenson Way,E01021342,Basildon 008B,Anti-social behaviour,,
,2014-08,Essex Police,Essex Police,0.518621,51.604044,On or near Thackerey Row,E01021342,Basildon 008B,Anti-social behaviour,,
b6bbd6102af37a9de181f680e975bf66c281bbb3af7401ea675936ae58399b5b,2014-08,Essex Police,Essex Police,0.516750,51.604695,On or near Kershaws Close,E01021342,Basildon 008B,Public order,Under investigation,
06b42fb26310ca0b26b58d485c1532b081d9c85ab203e2d483e871062e9f5ead,2014-08,Essex Police,Essex Police,0.517852,51.605032,On or near Park Close,E01021342,Basildon 008B,Public order,Awaiting court outcome,
bd1e93bebc03c03a3aaa5f8185ff9a60dcb167c3f008ada6ffaaff1e3f055286,2014-08,Essex Police,Essex Police,0.518144,51.604836,On or near Brook Drive,E01021342,Basildon 008B,Public order,Under investigation,
025d680bebb0b42ae239639279629cb2110fc501428caf0c83f65c51af4a2688,2014-08,Essex Police,Essex Police,0.516750,51.604695,On or near Kershaws Close,E01021342,Basildon 008B,Shoplifting,Under investigation,
f798765c3e3b9b188c178a6d0fa3430dbdf81fe0ffbbc925124b543b6127e7e3,2014-08,Essex Police,Essex Police,0.516750,51.604695,On or near Kershaws Close,E01021342,Basildon 008B,Shoplifting,Under investigation,
04ad84028f67784f3cc9d43a2a2272dfde66b8f58703b4ca7568e97ffe3bbcb2,2014-08,Essex Police,Essex Police,0.517852,51.605032,On or near Park Close,E01021342,Basildon 008B,Violence and sexual offences,Under investigation,
b270ed4f414c38f761b9fca8eee5e12b51d0ffbb1777787191b6cd33c2ddbaa4,2014-08,Essex Police,Essex Police,0.516750,51.604695,On or near Kershaws Close,E01021342,Basildon 008B,Violence and sexual offences,Under investigation,
7c93d34b22061461f0d47ef2f70d8e909de260ed8c45a840c8a134c785c14e5d,2014-08,Essex Police,Essex Police,0.516750,51.604695,On or near Kershaws Close,E01021342,Basildon 008B,Violence and sexual offences,Under investigation,
63c511f872d286b7f24d2e2e3fc8c77343cd6e22fa3c107753373cdfb5840f8c,2014-08,Essex Police,Essex Police,0.516750,51.604695,On or near Kershaws Close,E01021342,Basildon 008B,Violence and sexual offences,Under investigation,
b10cc4efa5b126bf2f9b5fd1c4401def774698054e6fc3cfdf7b16b42cd2e1bd,2014-08,Essex Police,Essex Police,0.518960,51.602094,On or near Victor Mew Close,E01021342,Basildon 008B,Violence and sexual offences,Under investigation,
6880995e711e0b323874b7ae86c3173a924213cf7691917d54b1f14fa1993589,2014-08,Essex Police,Essex Police,0.517852,51.605032,On or near Park Close,E01021342,Basildon 008B,Violence and sexual offences,Under investigation,
,2014-08,Essex Police,Essex Police,0.528169,51.601491,On or near Maclaren Way,E01021343,Basildon 008C,Anti-social behaviour,,
,2014-08,Essex Police,Essex Police,0.530940,51.601449,On or near Henderson Gardens,E01021343,Basildon 008C,Anti-social behaviour,,
f394dde59a30f66c41cfefd5179e2738bb2cf4a5f32adc6757b767718bf1252b,2014-08,Essex Police,Essex Police,0.527940,51.604635,On or near Hood Close,E01021343,Basildon 008C,Violence and sexual offences,Under investigation,
cb8ae6fd91365cd8d3a7d8fc40cf6e0b8878025e5eb7ede722346649ae8c5a01,2014-08,Essex Police,Essex Police,0.527940,51.604635,On or near Hood Close,E01021343,Basildon 008C,Violence and sexual offences,Under investigation,
55e44d82e896478c76a02bbad16b1af425f1d902faa0742eb3455a06301ddc51,2014-08,Essex Police,Essex Police,0.528169,51.601491,On or near Maclaren Way,E01021343,Basildon 008C,Violence and sexual offences,Unable to prosecute suspect,
,2014-08,Essex Police,Essex Police,0.525579,51.599577,On or near Cheyne Court,E01021344,Basildon 008D,Anti-social behaviour,,
,2014-08,Essex Police,Essex Police,0.517838,51.597990,On or near Lower Park Road,E01021344,Basildon 008D,Anti-social behaviour,,
,2014-08,Essex Police,Essex Police,0.525579,51.599577,On or near Cheyne Court,E01021344,Basildon 008D,Anti-social behaviour,,
,2014-08,Essex Police,Essex Police,0.522640,51.601529,On or near Carswell Gardens,E01021344,Basildon 008D,Anti-social behaviour,,
,2014-08,Essex Police,Essex Police,0.521723,51.599561,On or near Galt Close,E01021344,Basildon 008D,Anti-social behaviour,,
,2014-08,Essex Police,Essex Police,0.525579,51.599577,On or near Cheyne Court,E01021344,Basildon 008D,Anti-social behaviour,,
,2014-08,Essex Police,Essex Police,0.524301,51.602834,On or near Douglas Drive,E01021344,Basildon 008D,Anti-social behaviour,,
,2014-08,Essex Police,Essex Police,0.531366,51.597690,On or near Sports/Recreation Area,E01021344,Basildon 008D,Anti-social behaviour,,
,2014-08,Essex Police,Essex Police,0.525579,51.599577,On or near Cheyne Court,E01021344,Basildon 008D,Anti-social behaviour,,
,2014-08,Essex Police,Essex Police,0.524111,51.601489,On or near Sinclair Walk,E01021344,Basildon 008D,Anti-social behaviour,,
,2014-08,Essex Police,Essex Police,0.531366,51.597690,On or near Sports/Recreation Area,E01021344,Basildon 008D,Anti-social behaviour,,
c01de9675c7c18c67f3c0a2cf00a4e08e0b790d5140b8ad63c3f1cb3af7330c6,2014-08,Essex Police,Essex Police,0.517375,51.600060,On or near Nevendon Road,E01021344,Basildon 008D,Bicycle theft,Investigation complete; no suspect identified,
4ae8df9a6287d86c152d3708933b52f990600231d2a931c9d1da7aa5e02ddc58,2014-08,Essex Police,Essex Police,0.525579,51.599577,On or near Cheyne Court,E01021344,Basildon 008D,Other theft,Under investigation,
510c0ec7e551941a28813941294c75a1c8856266f5569b25dac5091bf8cbb722,2014-08,Essex Police,Essex Police,0.517838,51.597990,On or near Lower Park Road,E01021344,Basildon 008D,Other theft,Under investigation,
64357eb42eab1d0d22576216c6ede8ca8fb3a48adc9a4da31d5bd5e1150feef9,2014-08,Essex Police,Essex Police,0.539912,51.589618,On or near Southend Arterial Road,E01021344,Basildon 008D,Public order,Under investigation,
29a685519be040e615ce323ff437417fb61432ab7edcb130bb6de2385229a723,2014-08,Essex Police,Essex Police,0.519420,51.600231,On or near Petrol Station,E01021344,Basildon 008D,Shoplifting,Under investigation,
2a604261e6229c147032411b20001744fec22fefaf70a4b5dfa5cdd102420c2c,2014-08,Essex Police,Essex Police,0.519420,51.600231,On or near Petrol Station,E01021344,Basildon 008D,Shoplifting,Investigation complete; no suspect identified,
57725b8b763431a809441fe5bd25f6ac132d872060b9396057c58e1dd3d8ae09,2014-08,Essex Police,Essex Police,0.519420,51.600231,On or near Petrol Station,E01021344,Basildon 008D,Shoplifting,Investigation complete; no suspect identified,
48d2cbef0f87a44ef84ea0e33f91742f225f63086b7985dd4e3758a3f19b471e,2014-08,Essex Police,Essex Police,0.519420,51.600231,On or near Petrol Station,E01021344,Basildon 008D,Shoplifting,Awaiting court outcome,
231a62a98b9b4fd2b9ed1b3cf04aaff9edfab6e16ba8f46bf326c868f188829c,2014-08,Essex Police,Essex Police,0.519420,51.600231,On or near Petrol Station,E01021344,Basildon 008D,Shoplifting,Under investigation,
dd4a84ca77845f5be4a2078a93144fe817ac4a92ac305d51949a66fde22fb08a,2014-08,Essex Police,Essex Police,0.519420,51.600231,On or near Petrol Station,E01021344,Basildon 008D,Shoplifting,Under investigation,
f20e20ba18248cc811644817c538a5e4858e3c18326f4c797410af502af81f5a,2014-08,Essex Police,Essex Police,0.539912,51.589618,On or near Southend Arterial Road,E01021344,Basildon 008D,Vehicle crime,Under investigation,
89d81708ff02356c0f331ececddab76de72b5316af89fd62effec79132e24e55,2014-08,Essex Police,Essex Police,0.520002,51.590650,On or near Petrol Station,E01021344,Basildon 008D,Vehicle crime,Investigation complete; no suspect identified,
,2014-08,Essex Police,Essex Police,0.533154,51.606986,On or near Salcott Crescent,E01021346,Basildon 008E,Anti-social behaviour,,
,2014-08,Essex Police,Essex Police,0.526596,51.610078,On or near Doeshill Drive,E01021346,Basildon 008E,Anti-social behaviour,,
,2014-08,Essex Police,Essex Police,0.526446,51.607653,On or near Coppens Green,E01021346,Basildon 008E,Anti-social behaviour,,
,2014-08,Essex Police,Essex Police,0.526596,51.610078,On or near Doeshill Drive,E01021346,Basildon 008E,Anti-social behaviour,,
,2014-08,Essex Police,Essex Police,0.526596,51.610078,On or near Doeshill Drive,E01021346,Basildon 008E,Anti-social behaviour,,
575f26f73ba6016f10cd99a5c82f65908b7c6786dc04b9c820eddbf254e89648,2014-08,Essex Police,Essex Police,0.530550,51.606116,On or near Alresford Green,E01021346,Basildon 008E,Other theft,Investigation complete; no suspect identified,
,2014-08,Essex Police,Essex Police,0.409450,51.605077,On or near Park/Open Space,E01021254,Basildon 009A,Anti-social behaviour,,
,2014-08,Essex Police,Essex Police,0.388305,51.588548,On or near Dunton Road,E01021254,Basildon 009A,Anti-social behaviour,,
706e99313d5eb6ad8d4dbe48eee51c38f32ef3df8135e6d076d2000a002148b8,2014-08,Essex Police,Essex Police,0.428535,51.607373,On or near Magnolias,E01021254,Basildon 009A,Burglary,Under investigation,
2db8b6c99abfec548bf17078ca39e11cdfe8864c2e9fdf6c22807c24dfe44a6d,2014-08,Essex Police,Essex Police,0.393643,51.609061,On or near Tye Common Road,E01021254,Basildon 009A,Drugs,Offender given a drugs possession warning,
1a63050b8b33b51822cfc211af3284542fff5fb9ef083614372f76d03c2c62bb,2014-08,Essex Police,Essex Police,0.426734,51.605018,On or near Church Street,E01021254,Basildon 009A,Vehicle crime,Investigation complete; no suspect identified,
54c2756a6392376b65cad8fe689262f1c9ccaca6f1a4a01a436d126c1b0e95f7,2014-08,Essex Police,Essex Police,0.426734,51.605018,On or near Church Street,E01021254,Basildon 009A,Vehicle crime,Investigation complete; no suspect identified,
,2014-08,Essex Police,Essex Police,0.430616,51.607932,On or near Trinity Close,E01021257,Basildon 009B,Anti-social behaviour,,
,2014-08,Essex Police,Essex Police,0.430408,51.609178,On or near Tyrone Road,E01021257,Basildon 009B,Anti-social behaviour,,
,2014-08,Essex Police,Essex Police,0.436185,51.610784,On or near The Redinge,E01021257,Basildon 009B,Anti-social behaviour,,
,2014-08,Essex Police,Essex Police,0.430408,51.609178,On or near Tyrone Road,E01021257,Basildon 009B,Anti-social behaviour,,
4d68ebda5fd81edc285391f770f8e4fe7a97dda5b0cf44a34e749759d49f632e,2014-08,Essex Police,Essex Police,0.434263,51.615366,On or near Highfield Approach,E01021257,Basildon 009B,Burglary,Under investigation,
cebaa06a516d50075f0501a03970e50dc40ee2243789361666fb4db6187fe170,2014-08,Essex Police,Essex Police,0.445754,51.615487,On or near Coxes Farm Road,E01021257,Basildon 009B,Criminal damage and arson,Under investigation,
d7725d01966eb243b094fc98aae26f3c61ffe21d69279f7f234bd8284e0d5f7d,2014-08,Essex Police,Essex Police,0.435442,51.615800,On or near The Rowans,E01021257,Basildon 009B,Other theft,Under investigation,
,2014-08,Essex Police,Essex Police,0.430570,51.610595,On or near Passingham Close,E01021259,Basildon 009C,Anti-social behaviour,,
,2014-08,Essex Police,Essex Police,0.450797,51.589778,On or near Handleys Chase,E01021260,Basildon 009D,Anti-social behaviour,,
,2014-08,Essex Police,Essex Police,0.483434,51.605531,On or near Southlands Road,E01021260,Basildon 009D,Anti-social behaviour,,
,2014-08,Essex Police,Essex Police,0.477166,51.600232,On or near Crays Hill Road,E01021260,Basildon 009D,Anti-social behaviour,,
,2014-08,Essex Police,Essex Police,0.471995,51.597283,On or near Oak Road,E01021260,Basildon 009D,Anti-social behaviour,,
,2014-08,Essex Police,Essex Police,0.467782,51.601868,On or near Mathews Mead,E01021260,Basildon 009D,Anti-social behaviour,,
,2014-08,Essex Police,Essex Police,0.477166,51.600232,On or near Crays Hill Road,E01021260,Basildon 009D,Anti-social behaviour,,
e5e2486bc71e00de31a3f6cbec69c080f10f62103599c7e57fb01459702d14fc,2014-08,Essex Police,Essex Police,0.468341,51.597810,On or near Jubilee Road,E01021260,Basildon 009D,Criminal damage and arson,Under investigation,
7dc200fbc26bcd8ba6908284e005ca5bbc1b2a3d8bdb9443802f702a3a6ab3df,2014-08,Essex Police,Essex Police,0.450589,51.586185,On or near Southend Arterial Road,E01021260,Basildon 009D,Drugs,Awaiting court outcome,
1311542614f039f9a8abbf2d228693e72d86f93aba35caa00459bbe0bef25c74,2014-08,Essex Police,Essex Police,0.460882,51.592310,On or near Pipps Hill Road North,E01021260,Basildon 009D,Other theft,Investigation complete; no suspect identified,
a4b62f17459043329bcc966896ea870e23c4b17ec127dc13a464af14aecaadbb,2014-08,Essex Police,Essex Police,0.450797,51.589778,On or near Handleys Chase,E01021260,Basildon 009D,Vehicle crime,Under investigation,
84d97ec18c71bd2374cef73485cd9d9a4162fd40f68539232fd835ff9ac944c2,2014-08,Essex Police,Essex Police,0.449414,51.589285,On or near Littlehurst Lane,E01021260,Basildon 009D,Vehicle crime,Investigation complete; no suspect identified,
98321d80964fe629ddd6268aa6fb74b5bb75ce33275fa66bbd7602787515c4fd,2014-08,Essex Police,Essex Police,0.447145,51.590061,On or near Gate Lodge Way,E01021260,Basildon 009D,Vehicle crime,Investigation complete; no suspect identified,
15611e46af626db7622c6033fc3b788a97b3eab0e076c497f646750a2864d11d,2014-08,Essex Police,Essex Police,0.450797,51.589778,On or near Handleys Chase,E01021260,Basildon 009D,Vehicle crime,Under investigation,
,2014-08,Essex Police,Essex Police,0.442421,51.588118,On or near Crouch Street,E01021261,Basildon 010A,Anti-social behaviour,,
d3dc6816ace2383f8a581e6c17527892b88855f55678cfa75b91b6d806a560be,2014-08,Essex Police,Essex Police,0.423286,51.587723,On or near Latimer Drive,E01021261,Basildon 010A,Burglary,Investigation complete; no suspect identified,
481c842b261524119096b01fd1c479753bcd3edc6994288a75699650f2b0430b,2014-08,Essex Police,Essex Police,0.398899,51.585751,On or near Southfield Chase,E01021261,Basildon 010A,Criminal damage and arson,Under investigation,
c4b73c78ec434506a36a4baf8dd5add6d684c24bf17e8e77e05497e22d31e85d,2014-08,Essex Police,Essex Police,0.430631,51.588201,On or near Wash Road,E01021261,Basildon 010A,Shoplifting,Under investigation,
ac0ca72d97bd7d3f089897f5122f9d5c2f70e2ecc251dfc4d618fbbb606be84a,2014-08,Essex Police,Essex Police,0.437943,51.585369,On or near Doves Mews,E01021261,Basildon 010A,Violence and sexual offences,Offender given conditional discharge,
5f54e884e4f4526ae70d1a9df815fd6df55017aa691f735dd23373df6d1744e2,2014-08,Essex Police,Essex Police,0.423286,51.587723,On or near Latimer Drive,E01021261,Basildon 010A,Violence and sexual offences,Under investigation,
,2014-08,Essex Police,Essex Police,0.444267,51.588880,On or near Fore Street,E01021262,Basildon 010B,Anti-social behaviour,,
,2014-08,Essex Police,Essex Police,0.447721,51.587342,On or near Pretoria Close,E01021262,Basildon 010B,Anti-social behaviour,,
,2014-08,Essex Police,Essex Police,0.448139,51.589204,On or near Durban Lane,E01021262,Basildon 010B,Anti-social behaviour,,
,2014-08,Essex Police,Essex Police,0.444927,51.588273,On or near Pedestrian Subway,E01021262,Basildon 010B,Anti-social behaviour,,
809959b631a12b25b3bf6415d4841a8f3233ea8df8e854c529af8ddc83917c9b,2014-08,Essex Police,Essex Police,0.443051,51.586396,On or near New Waverley Road,E01021262,Basildon 010B,Vehicle crime,Investigation complete; no suspect identified,
3803aa919e344031fafbf24e7c061533014f9ad6e3e43713c46847579f01f4b5,2014-08,Essex Police,Essex Police,0.447721,51.587342,On or near Pretoria Close,E01021262,Basildon 010B,Vehicle crime,Investigation complete; no suspect identified,
ceae9b4721cf7a7255889ce42c1fd22d0e569a58b96ac2f637578ceaa5d73d27,2014-08,Essex Police,Essex Police,0.447721,51.587342,On or near Pretoria Close,E01021262,Basildon 010B,Vehicle crime,Investigation complete; no suspect identified,
2fe6b30addccd472f726c15558621afa35c9c6ba1a997f77b721387c7472dbfe,2014-08,Essex Police,Essex Police,0.443729,51.586940,On or near Kenilworth Place,E01021262,Basildon 010B,Vehicle crime,Under investigation,
59ca557a2d9385e07043a0883db9fe2f7528724131ecc797c2e317bd91ca791c,2014-08,Essex Police,Essex Police,0.443729,51.586940,On or near Kenilworth Place,E01021262,Basildon 010B,Vehicle crime,Investigation complete; no suspect identified,
,2014-08,Essex Police,Essex Police,0.429842,51.586949,On or near Osier Drive,E01021263,Basildon 010C,Anti-social behaviour,,
,2014-08,Essex Police,Essex Police,0.432072,51.586534,On or near Alder Close,E01021263,Basildon 010C,Anti-social behaviour,,
6ef71c478dd3ab433d63e3edcf27caf475fd62020a5badf3775a97e71c8e1ef4,2014-08,Essex Police,Essex Police,0.426960,51.586235,On or near High Road North,E01021263,Basildon 010C,Burglary,Under investigation,
c42546bc10411fb1fa1537e6cde73d62c852219c9272af6ed7745d5852c2fd47,2014-08,Essex Police,Essex Police,0.425990,51.585923,On or near Winchester Gardens,E01021263,Basildon 010C,Burglary,Under investigation,
2195c92dc08dd27b1b5854e12ddfcb5f07251ab0d348c928ca0849b111620de3,2014-08,Essex Police,Essex Police,0.431707,51.585912,On or near Yew Close,E01021263,Basildon 010C,Drugs,Offender given a drugs possession warning,
e32250b774a8397621aca634142d4685b18cd1758d9933a27b1a4ab5218c14af,2014-08,Essex Police,Essex Police,0.425778,51.584380,On or near Walnut Close,E01021263,Basildon 010C,Drugs,Offender given a drugs possession warning,
b0d9cde675e2dee9970ffa40b7297090fdc89f40ecadfc128b6f613ed423980a,2014-08,Essex Police,Essex Police,0.425778,51.584380,On or near Walnut Close,E01021263,Basildon 010C,Drugs,Offender given a drugs possession warning,
907392f5b2d099a3d834a2777c783667229255725bc5b6acd97ef75a765ced44,2014-08,Essex Police,Essex Police,0.432059,51.584664,On or near Box Close,E01021263,Basildon 010C,Other theft,Investigation complete; no suspect identified,
f8e563446a805726b20e2758f95404cff07b9e6900b0a6eb9010f1e3ca7fe72a,2014-08,Essex Police,Essex Police,0.425613,51.584528,On or near Cypress Close,E01021263,Basildon 010C,Public order,Under investigation,
,2014-08,Essex Police,Essex Police,0.423863,51.583655,On or near Petrol Station,E01021274,Basildon 010D,Anti-social behaviour,,
,2014-08,Essex Police,Essex Police,0.423849,51.581219,On or near Paul'S Road,E01021274,Basildon 010D,Anti-social behaviour,,
,2014-08,Essex Police,Essex Police,0.427868,51.578096,On or near Copperfields,E01021274,Basildon 010D,Anti-social behaviour,,
,2014-08,Essex Police,Essex Police,0.428101,51.580843,On or near Arne Mews,E01021274,Basildon 010D,Anti-social behaviour,,
,2014-08,Essex Police,Essex Police,0.426616,51.581944,On or near Holst Avenue,E01021274,Basildon 010D,Anti-social behaviour,,
,2014-08,Essex Police,Essex Police,0.427868,51.578096,On or near Copperfields,E01021274,Basildon 010D,Anti-social behaviour,,
,2014-08,Essex Police,Essex Police,0.423217,51.578839,On or near Nicholl Road,E01021274,Basildon 010D,Anti-social behaviour,,
c397da7ecc1e5021f293b366badb616b21dc5ee2e763ab36b0550ec4658e84fe,2014-08,Essex Police,Essex Police,0.423863,51.583655,On or near Petrol Station,E01021274,Basildon 010D,Burglary,Under investigation,
25fea4830599952110796c648b9ada9ea3d04c6128f07a3686f2409390bd7eab,2014-08,Essex Police,Essex Police,0.427868,51.578096,On or near Copperfields,E01021274,Basildon 010D,Burglary,Under investigation,
bb35931aed8584cf0446e3a2350c95cfa6f554895f3b6ec44287ca864fc57413,2014-08,Essex Police,Essex Police,0.423863,51.583655,On or near Petrol Station,E01021274,Basildon 010D,Criminal damage and arson,Under investigation,
59c2aa5034461c8b4e4de82924a8749b44d3bd1655415cdd09eda849fab03dc6,2014-08,Essex Police,Essex Police,0.423394,51.579178,On or near Claremont Road,E01021274,Basildon 010D,Criminal damage and arson,Under investigation,
6d49ba34a020c6156b72c870f8887facc4d65b6e3bb5918f56da91edb3d7f448,2014-08,Essex Police,Essex Police,0.427868,51.578096,On or near Copperfields,E01021274,Basildon 010D,Criminal damage and arson,Under investigation,
74c040dde70caeef2540df36e81af7b8c18e4129267db5488dac96ff330df8f0,2014-08,Essex Police,Essex Police,0.423394,51.579178,On or near Claremont Road,E01021274,Basildon 010D,Drugs,Offender given a drugs possession warning,
3933846656b0d38a0354d60ca8c057fe951103f333ea31b90d717e561c9d577d,2014-08,Essex Police,Essex Police,0.423863,51.583655,On or near Petrol Station,E01021274,Basildon 010D,Other theft,Offender sent to prison,
bb39ccd237e8ed23f2de10ef6c69608a3035162666f061881b8b1e0da83bf916,2014-08,Essex Police,Essex Police,0.423863,51.583655,On or near Petrol Station,E01021274,Basildon 010D,Other theft,Under investigation,
2e0da8e23bf402367e861562882d6120cdf9b098019779c2d6a379aac39d2361,2014-08,Essex Police,Essex Police,0.423863,51.583655,On or near Petrol Station,E01021274,Basildon 010D,Other theft,Under investigation,
cc6924e179be7b0962c4cc193fad9994edcdf18e72e09a696733f40ee64ba3d2,2014-08,Essex Police,Essex Police,0.420618,51.584253,On or near Petrol Station,E01021274,Basildon 010D,Other theft,Investigation complete; no suspect identified,
ad16ee253b6f45b8f4c8e84c5212f483089c8b9b5db164b3b398cda0e48cf07a,2014-08,Essex Police,Essex Police,0.423891,51.579842,On or near Bramley Gardens,E01021274,Basildon 010D,Other theft,Under investigation,
742c7114eb9b873d9ddb0562f73e1d1b360cdd03d3e34565a96b540f4bf344df,2014-08,Essex Police,Essex Police,0.420618,51.584253,On or near Petrol Station,E01021274,Basildon 010D,Vehicle crime,Under investigation,
1b5888ea28bb1eefcec4f899d0871c292fbf7dd67af4c321d51c41a2567c76fd,2014-08,Essex Police,Essex Police,0.423891,51.579842,On or near Bramley Gardens,E01021274,Basildon 010D,Vehicle crime,Under investigation,
4d4bc0f59c8689c2b65284aad15edbec375f8669104e3829626969739fc6cc46,2014-08,Essex Police,Essex Police,0.427868,51.578096,On or near Copperfields,E01021274,Basildon 010D,Vehicle crime,Investigation complete; no suspect identified,
9f3ef040500bc164df87f1e45f21ac9d99aaff09866076b87bbfed16453e14d2,2014-08,Essex Police,Essex Police,0.427931,51.581161,On or near Arne Court,E01021274,Basildon 010D,Violence and sexual offences,Under investigation,
0146e5760a8efe3a466d1b98ff6143e00ef7eab4a3df051e5224bbac0932770c,2014-08,Essex Police,Essex Police,0.423394,51.579178,On or near Claremont Road,E01021274,Basildon 010D,Violence and sexual offences,Under investigation,
,2014-08,Essex Police,Essex Police,0.441494,51.581060,On or near Regent Court,E01021279,Basildon 010E,Anti-social behaviour,,
,2014-08,Essex Police,Essex Police,0.440677,51.582515,On or near Princes Close,E01021279,Basildon 010E,Anti-social behaviour,,
,2014-08,Essex Police,Essex Police,0.439457,51.582649,On or near Duke Place,E01021279,Basildon 010E,Anti-social behaviour,,
,2014-08,Essex Police,Essex Police,0.442167,51.581774,On or near Upper Mayne,E01021279,Basildon 010E,Anti-social behaviour,,
,2014-08,Essex Police,Essex Police,0.432116,51.581695,On or near Elverston Close,E01021279,Basildon 010E,Anti-social behaviour,,
69fb2450a92700f212a5b9e471dca00ceb07f4a4e14b4fbe3f1c368e045446bb,2014-08,Essex Police,Essex Police,0.430906,51.579292,On or near Elgar Close,E01021279,Basildon 010E,Burglary,Under investigation,
f3e3bd3143ad4c8e0d3a632597eb05a6821965cd5c8588d956ad3ff94555a15a,2014-08,Essex Police,Essex Police,0.439252,51.580710,On or near Czarina Rise,E01021279,Basildon 010E,Criminal damage and arson,Unable to prosecute suspect,
237d84bc795c6aa777845de8310b202952b1d98092c718f8600db6b09b27e0ec,2014-08,Essex Police,Essex Police,0.430524,51.577816,On or near Carol Close,E01021279,Basildon 010E,Drugs,Local resolution,
2cdefc23b5ba10f195814d08b2bc8290ef0819adb8881110e8be8c26527530fd,2014-08,Essex Police,Essex Police,0.430524,51.577816,On or near Carol Close,E01021279,Basildon 010E,Drugs,Under investigation,
6850336e35dd36dff0ee15765e0ba764651a7d83a1562d0bd783680b8505f2fa,2014-08,Essex Police,Essex Police,0.430524,51.577816,On or near Carol Close,E01021279,Basildon 010E,Drugs,Local resolution,
c286694e6cf4d1094608a2e66139547d5eefa3894b2b03e760b5a3c3a11f3ba1,2014-08,Essex Police,Essex Police,0.431757,51.577943,On or near Pickwick Close,E01021279,Basildon 010E,Vehicle crime,Investigation complete; no suspect identified,
421f364dab005c8fb02bfff723b709daa0d1f7157fbd26afca7cc0a01c999844,2014-08,Essex Police,Essex Police,0.442167,51.581774,On or near Upper Mayne,E01021279,Basildon 010E,Vehicle crime,Investigation complete; no suspect identified,
f137c6b8af739a7577e94cfca373dbf87a397e0782597b488be19ee53e19f496,2014-08,Essex Police,Essex Police,0.430906,51.579292,On or near Elgar Close,E01021279,Basildon 010E,Vehicle crime,Investigation complete; no suspect identified,
a5b17008339eebd2da99e57c2b2437fa941bffc3daa976153daa011d904eb9e8,2014-08,Essex Police,Essex Police,0.439252,51.580710,On or near Czarina Rise,E01021279,Basildon 010E,Vehicle crime,Under investigation,
afb4940bc96c71c5759e2c993489927cfe3819c235046408396dfe764fd767ad,2014-08,Essex Police,Essex Police,0.442167,51.581774,On or near Upper Mayne,E01021279,Basildon 010E,Vehicle crime,Investigation complete; no suspect identified,
3d608c91c0f0bb299f870aa95dc7ef278ac4b9eb1b88e01279a9836f2385d91a,2014-08,Essex Police,Essex Police,0.436634,51.580342,On or near Sports/Recreation Area,E01021279,Basildon 010E,Vehicle crime,Under investigation,
db29c0cb43472338f4912d613abc7b9e0efb26e833b6d5f2bceaed206fe8bf86,2014-08,Essex Police,Essex Police,0.430524,51.577816,On or near Carol Close,E01021279,Basildon 010E,Violence and sexual offences,Under investigation,
cf2cf715dc5ba4b02e1e570d9ab1bdaf9c75967c8fb753bd7c60514ee55cab58,2014-08,Essex Police,Essex Police,0.428854,51.579253,On or near Byrd Court,E01021279,Basildon 010E,Violence and sexual offences,Unable to prosecute suspect,
5ccfa5cf5c5e3c5d6d44d0f2c5e5c70000cc5c1af97c48e1377de5fc3885812a,2014-08,Essex Police,Essex Police,0.439457,51.582649,On or near Duke Place,E01021279,Basildon 010E,Violence and sexual offences,Under investigation,
78fdd4df310fc97d8eb7844ca8b9e389dae9bf231d177eb680469e10e4613bf6,2014-08,Essex Police,Essex Police,0.439252,51.580710,On or near Czarina Rise,E01021279,Basildon 010E,Violence and sexual offences,Unable to prosecute suspect,
885bc1c335a65eacf2210f039a15e89e6aa39f449873720814bd624618c172a6,2014-08,Essex Police,Essex Police,0.432116,51.581695,On or near Elverston Close,E01021279,Basildon 010E,Violence and sexual offences,Under investigation,
,2014-08,Essex Police,Essex Police,0.511934,51.575786,On or near Tyefields,E01021301,Basildon 011A,Anti-social behaviour,,
,2014-08,Essex Police,Essex Police,0.516032,51.579431,On or near Great Ranton,E01021301,Basildon 011A,Anti-social behaviour,,
,2014-08,Essex Police,Essex Police,0.516402,51.576977,On or near Ashfields,E01021301,Basildon 011A,Anti-social behaviour,,
,2014-08,Essex Police,Essex Police,0.516032,51.579431,On or near Great Ranton,E01021301,Basildon 011A,Anti-social behaviour,,
,2014-08,Essex Police,Essex Police,0.513644,51.576694,On or near Fyefields,E01021301,Basildon 011A,Anti-social behaviour,,
,2014-08,Essex Police,Essex Police,0.516402,51.576977,On or near Ashfields,E01021301,Basildon 011A,Anti-social behaviour,,
,2014-08,Essex Police,Essex Police,0.512278,51.579151,On or near Holgate,E01021301,Basildon 011A,Anti-social behaviour,,
,2014-08,Essex Police,Essex Police,0.513644,51.576694,On or near Fyefields,E01021301,Basildon 011A,Anti-social behaviour,,
,2014-08,Essex Police,Essex Police,0.515754,51.576226,On or near Wilsner,E01021301,Basildon 011A,Anti-social behaviour,,
,2014-08,Essex Police,Essex Police,0.516032,51.579431,On or near Great Ranton,E01021301,Basildon 011A,Anti-social behaviour,,
,2014-08,Essex Police,Essex Police,0.512278,51.579151,On or near Holgate,E01021301,Basildon 011A,Anti-social behaviour,,
,2014-08,Essex Police,Essex Police,0.513644,51.576694,On or near Fyefields,E01021301,Basildon 011A,Anti-social behaviour,,
,2014-08,Essex Police,Essex Police,0.516032,51.579431,On or near Great Ranton,E01021301,Basildon 011A,Anti-social behaviour,,
,2014-08,Essex Police,Essex Police,0.516032,51.579431,On or near Great Ranton,E01021301,Basildon 011A,Anti-social behaviour,,
de9e0e57a68e6c7c478e1b8ce61047fd8b9fc598e79261a7fc6f42376e733aef,2014-08,Essex Police,Essex Police,0.516402,51.576977,On or near Ashfields,E01021301,Basildon 011A,Bicycle theft,Under investigation,
73d16ed399daca5f867d4504d655bf5f7520d9239ebd3df8f8681dbed980b409,2014-08,Essex Police,Essex Police,0.512267,51.578162,On or near Daltons Fen,E01021301,Basildon 011A,Burglary,Investigation complete; no suspect identified,
889d5f3c4447e334d76118e45521b9a223f6d9d9e527d6a543cb03f892f5a035,2014-08,Essex Police,Essex Police,0.516032,51.579431,On or near Great Ranton,E01021301,Basildon 011A,Criminal damage and arson,Investigation complete; no suspect identified,
e88b022e457b29baa78ef10f3dc02bf468f7004d50ed102713859fe7026caeff,2014-08,Essex Police,Essex Police,0.516032,51.579431,On or near Great Ranton,E01021301,Basildon 011A,Criminal damage and arson,Investigation complete; no suspect identified,
015d71d25342830f7e83a14a20956c112f66f3fb6137d99f90fc99d7289c3607,2014-08,Essex Police,Essex Police,0.512278,51.579151,On or near Holgate,E01021301,Basildon 011A,Drugs,Awaiting court outcome,
24e7ab8a97363b30a48efc1a7c88dfade0aa7b757bbbc59183e18c9c6d7edaca,2014-08,Essex Police,Essex Police,0.517782,51.575841,On or near Trenham Avenue,E01021301,Basildon 011A,Other theft,Under investigation,
bf66b8b131c3c1115f8914a77c13deeda1ee74af7ca744d245b9ab199339c3ca,2014-08,Essex Police,Essex Police,0.512267,51.578162,On or near Daltons Fen,E01021301,Basildon 011A,Violence and sexual offences,Under investigation,
7e32f5a075efc87725aa8c5d03acc882f4bde8153aff3f077a9daf281724903d,2014-08,Essex Police,Essex Police,0.515754,51.576226,On or near Wilsner,E01021301,Basildon 011A,Violence and sexual offences,Unable to prosecute suspect,
,2014-08,Essex Police,Essex Police,0.507506,51.575054,On or near Pedestrian Subway,E01021303,Basildon 011B,Anti-social behaviour,,
,2014-08,Essex Police,Essex Police,0.507506,51.575054,On or near Pedestrian Subway,E01021303,Basildon 011B,Anti-social behaviour,,
,2014-08,Essex Police,Essex Police,0.511313,51.579703,On or near Mayfair Avenue,E01021303,Basildon 011B,Anti-social behaviour,,
,2014-08,Essex Police,Essex Police,0.509570,51.580028,On or near Burgundy Gardens,E01021303,Basildon 011B,Anti-social behaviour,,
,2014-08,Essex Police,Essex Police,0.511181,51.581243,On or near Langford Grove,E01021303,Basildon 011B,Anti-social behaviour,,
c5f5a3e7431a9c154847553893faf7717e8f4f317b5f9008c15914acb9cb2e69,2014-08,Essex Police,Essex Police,0.510894,51.575521,On or near Pedestrian Subway,E01021303,Basildon 011B,Burglary,Investigation complete; no suspect identified,
9b2f4c91b0580cc4fc94df440f045df7cc0928116b5d14de90c0522062ec75dd,2014-08,Essex Police,Essex Police,0.507362,51.575596,On or near Little Searles,E01021303,Basildon 011B,Burglary,Under investigation,
18bec6596b397854562303b40d3681e14e6e3d91f9e0c6c174c6a96b18886980,2014-08,Essex Police,Essex Police,0.509837,51.576766,On or near Chalvedon Avenue,E01021303,Basildon 011B,Other theft,Under investigation,
64877ca0199e73ae5b9624a34560bb62b66fd286ec067ccc3f3f5c07c38f4045,2014-08,Essex Police,Essex Police,0.507362,51.575596,On or near Little Searles,E01021303,Basildon 011B,Other theft,Under investigation,
6287a2a89b935ac95f888fc54d8cdb94b0b0673f0af3e9227568416aa8a3c88e,2014-08,Essex Police,Essex Police,0.509598,51.576097,On or near Briscoe Road,E01021303,Basildon 011B,Vehicle crime,Investigation complete; no suspect identified,
14ad24e7836a3849e3e1968ddd54f0e897b582f5b5d97aec9cacad3fec9d3fc4,2014-08,Essex Police,Essex Police,0.507362,51.575596,On or near Little Searles,E01021303,Basildon 011B,Vehicle crime,Investigation complete; no suspect identified,
2af5e2b9a3a33bd95c1f1d47c860bd5bf3a124151e0f0ba183e4f82714d18fd2,2014-08,Essex Police,Essex Police,0.509598,51.576097,On or near Briscoe Road,E01021303,Basildon 011B,Vehicle crime,Under investigation,
e87e056c3af44cce000e1163e9a1a47e4d294565c42649df46ff765731bb6bd7,2014-08,Essex Police,Essex Police,0.509570,51.580028,On or near Burgundy Gardens,E01021303,Basildon 011B,Violence and sexual offences,Unable to prosecute suspect,
50b6c80e4e40cd32985b9cf221cff6325ca60fa7eb2421b431e0da3cc8375c1f,2014-08,Essex Police,Essex Police,0.511640,51.577007,On or near Winfields,E01021303,Basildon 011B,Violence and sexual offences,Under investigation,
ff727b3c38111ebd0c4341d3dcc19abb9ef0c2ea330b1c1805bc2e348556e726,2014-08,Essex Police,Essex Police,0.509837,51.576766,On or near Chalvedon Avenue,E01021303,Basildon 011B,Violence and sexual offences,Under investigation,
,2014-08,Essex Police,Essex Police,0.499503,51.580459,On or near Littlebury Green,E01021307,Basildon 011C,Anti-social behaviour,,
,2014-08,Essex Police,Essex Police,0.499503,51.580459,On or near Littlebury Green,E01021307,Basildon 011C,Anti-social behaviour,,
,2014-08,Essex Police,Essex Police,0.499001,51.582088,On or near Brackley Crescent,E01021307,Basildon 011C,Anti-social behaviour,,
,2014-08,Essex Police,Essex Police,0.501770,51.582560,On or near Ilmington Drive,E01021307,Basildon 011C,Anti-social behaviour,,
,2014-08,Essex Police,Essex Police,0.501770,51.582560,On or near Ilmington Drive,E01021307,Basildon 011C,Anti-social behaviour,,
,2014-08,Essex Police,Essex Police,0.499978,51.583317,On or near Eynesham Way,E01021307,Basildon 011C,Anti-social behaviour,,
,2014-08,Essex Police,Essex Police,0.499503,51.580459,On or near Littlebury Green,E01021307,Basildon 011C,Anti-social behaviour,,
75564600367c6435530b53840c614f6420c0d0083bacdee9c0beed5c3f943c9f,2014-08,Essex Police,Essex Police,0.500879,51.590268,On or near Cricketers Retail Park,E01021307,Basildon 011C,Bicycle theft,Under investigation,
eb24c97b9c22830c26839d250968c3a81353124681d2b202a7beb7b2241e36fe,2014-08,Essex Police,Essex Police,0.501352,51.589412,On or near Bishops Close,E01021307,Basildon 011C,Burglary,Investigation complete; no suspect identified,
56eafb63235bf13f9b3c242fdcca1eb3881b7e9fadc2d2e39821caadcced7178,2014-08,Essex Police,Essex Police,0.500879,51.590268,On or near Cricketers Retail Park,E01021307,Basildon 011C,Other theft,Under investigation,
1c927ae19fbc5b44ac8397d01c66e9d367ffafca701899ec2766a0c232614687,2014-08,Essex Police,Essex Police,0.500879,51.590268,On or near Cricketers Retail Park,E01021307,Basildon 011C,Other theft,Investigation complete; no suspect identified,
0ec1c83b6f39f106284ac47cfad6370e58d1b162c0ea6405dbb204d3eae7cfa7,2014-08,Essex Police,Essex Police,0.500879,51.590268,On or near Cricketers Retail Park,E01021307,Basildon 011C,Other theft,Investigation complete; no suspect identified,
9ca12cad9bfd76ec86a856d05dc77429db33905bea84e39aa236802dffd25502,2014-08,Essex Police,Essex Police,0.500879,51.590268,On or near Cricketers Retail Park,E01021307,Basildon 011C,Other theft,Under investigation,
2fe2c1af50bfdc501a3a30661d58a97293ef25346eccd4792e7491c7335a4cfd,2014-08,Essex Police,Essex Police,0.503049,51.590599,On or near Fenners Way,E01021307,Basildon 011C,Other theft,Investigation complete; no suspect identified,
352bb6d533a1a6182c6a68509f4719e165e471e776f008d6658be964c89035cc,2014-08,Essex Police,Essex Police,0.499503,51.580459,On or near Littlebury Green,E01021307,Basildon 011C,Public order,Under investigation,
d1ba5e4bc8a618e1d4b85d633ff52e57f3eb2e7547b48883b5f648f8ee82514f,2014-08,Essex Police,Essex Police,0.504484,51.591747,On or near Lords Court,E01021307,Basildon 011C,Shoplifting,Under investigation,
b13833cde5f4acdc5df76c5ee9432fdb71cac544bc1e9beec71074cc542aeb1a,2014-08,Essex Police,Essex Police,0.500879,51.590268,On or near Cricketers Retail Park,E01021307,Basildon 011C,Shoplifting,Under investigation,
55f3e54df022f30c43f3411c63d751251271283ba65be8919276a7f1ccc78148,2014-08,Essex Police,Essex Police,0.504484,51.591747,On or near Lords Court,E01021307,Basildon 011C,Shoplifting,Under investigation,
a96ceb915cee35e9231895f1d5d3480227c69a0f9ba83b9544387c9eb09dc228,2014-08,Essex Police,Essex Police,0.500879,51.590268,On or near Cricketers Retail Park,E01021307,Basildon 011C,Shoplifting,Under investigation,
ebf8d88f524ac70a7709214f4c4862a40d6ac6060f7bd36adfa342914bf72699,2014-08,Essex Police,Essex Police,0.500879,51.590268,On or near Cricketers Retail Park,E01021307,Basildon 011C,Theft from the person,Under investigation,
f96e0a31481ec63f45fdcf15cda4475ae5b4e4a219d2db66436e82d585837706,2014-08,Essex Police,Essex Police,0.499503,51.580459,On or near Littlebury Green,E01021307,Basildon 011C,Violence and sexual offences,Under investigation,
6613e80a47046201615662d97d9b75b87e53bf696f481e5a66f10c4f9dd10521,2014-08,Essex Police,Essex Police,0.501352,51.589412,On or near Bishops Close,E01021307,Basildon 011C,Violence and sexual offences,Under investigation,
0f4e4ae2d378994189fac09da140cf02758d105211f9bbf42cd905ca83429e1b,2014-08,Essex Police,Essex Police,0.499001,51.582088,On or near Brackley Crescent,E01021307,Basildon 011C,Violence and sexual offences,Under investigation,
de4d0a98559a4b1f861d48f6a82af37a38b307309d08f44c902ee68c1da4df85,2014-08,Essex Police,Essex Police,0.503049,51.590599,On or near Fenners Way,E01021307,Basildon 011C,Violence and sexual offences,Under investigation,
f092069c0a5bf0fbdbdeeb247a50e6bc7e9219df08654710b87409012a1ba48d,2014-08,Essex Police,Essex Police,0.499001,51.582088,On or near Brackley Crescent,E01021307,Basildon 011C,Violence and sexual offences,Under investigation,
492b9d2b01af31731680e2972f62e3a2c8af1430e19ae59fa1a6e17ccfa8b321,2014-08,Essex Police,Essex Police,0.499978,51.583317,On or near Eynesham Way,E01021307,Basildon 011C,Violence and sexual offences,Unable to prosecute suspect,
,2014-08,Essex Police,Essex Police,0.504807,51.582935,On or near Wood Green,E01021308,Basildon 011D,Anti-social behaviour,,
,2014-08,Essex Police,Essex Police,0.506177,51.583428,On or near Cockerell Close,E01021308,Basildon 011D,Anti-social behaviour,,
0de67735848b211027aafac71e46d0625ea2eb2836ea90ec038df4b2155de46d,2014-08,Essex Police,Essex Police,0.507038,51.583068,On or near Voysey Gardens,E01021308,Basildon 011D,Criminal damage and arson,Under investigation,
3cdb040cf0c9076deabb05c0d7779c5f240f7ffef03c31a6cd25ad39c16741b6,2014-08,Essex Police,Essex Police,0.508662,51.581891,On or near Davenants,E01021308,Basildon 011D,Criminal damage and arson,Investigation complete; no suspect identified,
,2014-08,Essex Police,Essex Police,0.516828,51.582606,On or near Denver Drive,E01021309,Basildon 011E,Anti-social behaviour,,
,2014-08,Essex Police,Essex Police,0.516828,51.582606,On or near Denver Drive,E01021309,Basildon 011E,Anti-social behaviour,,
,2014-08,Essex Police,Essex Police,0.512670,51.580753,On or near Shirley Gardens,E01021309,Basildon 011E,Anti-social behaviour,,
,2014-08,Essex Police,Essex Police,0.513622,51.581263,On or near Fairfax Avenue,E01021309,Basildon 011E,Anti-social behaviour,,
,2014-08,Essex Police,Essex Police,0.513622,51.581263,On or near Fairfax Avenue,E01021309,Basildon 011E,Anti-social behaviour,,
,2014-08,Essex Police,Essex Police,0.512647,51.585574,On or near Ridley Road,E01021309,Basildon 011E,Anti-social behaviour,,
,2014-08,Essex Police,Essex Police,0.516828,51.582606,On or near Denver Drive,E01021309,Basildon 011E,Anti-social behaviour,,
,2014-08,Essex Police,Essex Police,0.519106,51.587513,On or near Wollaston Crescent,E01021309,Basildon 011E,Anti-social behaviour,,
,2014-08,Essex Police,Essex Police,0.512807,51.580102,On or near Lanhams,E01021309,Basildon 011E,Anti-social behaviour,,
,2014-08,Essex Police,Essex Police,0.516828,51.582606,On or near Denver Drive,E01021309,Basildon 011E,Anti-social behaviour,,
7391309e869a0cee410783e3b44ba598b96f33dba5ba4019c8a2639d0aa029c6,2014-08,Essex Police,Essex Police,0.516828,51.582606,On or near Denver Drive,E01021309,Basildon 011E,Burglary,Investigation complete; no suspect identified,
1217c2d3c64497262e01ef09af97919a7f377674975346ab0c8742865aa9aded,2014-08,Essex Police,Essex Police,0.519106,51.587513,On or near Wollaston Crescent,E01021309,Basildon 011E,Burglary,Under investigation,
3c1c539c5a6cd3677fb741ef944ef3dfa40714670e9e3fa11ae8ae79ef34b660,2014-08,Essex Police,Essex Police,0.514623,51.582932,On or near Calvert Drive,E01021309,Basildon 011E,Criminal damage and arson,Investigation complete; no suspect identified,
6af81be3dc8164efd3306cdb8f63add616fc26bead2b280a3048cf1212424f54,2014-08,Essex Police,Essex Police,0.509987,51.586548,On or near Swinborne Court,E01021309,Basildon 011E,Drugs,Under investigation,
6393be55b7b0e6f689f90dfbf77435df50a1c147ca0c5ca6c533e1352494a492,2014-08,Essex Police,Essex Police,0.512961,51.584991,On or near Harvey Road,E01021309,Basildon 011E,Other theft,Investigation complete; no suspect identified,
92157f52cf0de6bc3afb5ac4e281e4930b0720c9bea2f551cabd75ef678c59af,2014-08,Essex Police,Essex Police,0.514297,51.587211,On or near Nobel Square,E01021309,Basildon 011E,Other theft,Investigation complete; no suspect identified,
0ced81574c1ca2a19468b224779078ea85f88cd86156055e67199abe87a5e082,2014-08,Essex Police,Essex Police,0.513622,51.581263,On or near Fairfax Avenue,E01021309,Basildon 011E,Other theft,Unable to prosecute suspect,
cc6d13051cdca847ee51f358064c160b4de962d4b412fa8c3671c5af5c934e2d,2014-08,Essex Police,Essex Police,0.512647,51.585574,On or near Ridley Road,E01021309,Basildon 011E,Other theft,Under investigation,
898a01656dc6c91cb429346738837799c133e829d85bc01b65a39e7a508d05c8,2014-08,Essex Police,Essex Police,0.512647,51.585574,On or near Ridley Road,E01021309,Basildon 011E,Vehicle crime,Investigation complete; no suspect identified,
7c0bbbc1d82a706f31d99f7f3c593bdbf02f336582930ae7b9dae9e1e25558d0,2014-08,Essex Police,Essex Police,0.514297,51.587211,On or near Nobel Square,E01021309,Basildon 011E,Vehicle crime,Under investigation,
1c9aca5fa9a6d70f4ee74bed1e10cf652f895d8ad65a0b30bd2a3973ec17515e,2014-08,Essex Police,Essex Police,0.512536,51.581988,On or near Tenterfields,E01021309,Basildon 011E,Violence and sexual offences,Unable to prosecute suspect,
f8ff7083d94570d38231ef3365ddaba5f2cec1c74763dee99254f2ad82d38a4a,2014-08,Essex Police,Essex Police,0.512536,51.581988,On or near Tenterfields,E01021309,Basildon 011E,Violence and sexual offences,Investigation complete; no suspect identified,
,2014-08,Essex Police,Essex Police,0.531312,51.575676,On or near Katherine Road,E01021312,Basildon 011F,Anti-social behaviour,,
,2014-08,Essex Police,Essex Police,0.530992,51.578758,On or near Grange Road,E01021312,Basildon 011F,Anti-social behaviour,,
,2014-08,Essex Police,Essex Police,0.529219,51.578023,On or near Windsor Road,E01021312,Basildon 011F,Anti-social behaviour,,
,2014-08,Essex Police,Essex Police,0.542308,51.567380,On or near London Road,E01021312,Basildon 011F,Anti-social behaviour,,
,2014-08,Essex Police,Essex Police,0.533544,51.570654,On or near Highlands Road,E01021312,Basildon 011F,Anti-social behaviour,,
,2014-08,Essex Police,Essex Police,0.544714,51.587185,On or near School Lane,E01021312,Basildon 011F,Anti-social behaviour,,
9b0e5449f60f3b0b67ce3d907f4677108989f0bd0b41616aaf032a030d063bcb,2014-08,Essex Police,Essex Police,0.528991,51.577290,On or near Osborne Road,E01021312,Basildon 011F,Burglary,Investigation complete; no suspect identified,
d1edd389a19459d1ed378b2c7e5962d0cda2effba95dfa105d5cc2ac6c761788,2014-08,Essex Police,Essex Police,0.532619,51.577896,On or near Bus/Coach Station,E01021312,Basildon 011F,Burglary,Investigation complete; no suspect identified,
f348ff65fe50fcaece5177a4a0f9eaf8d7ed5d2b83750fa78ad67717e1a2b0e7,2014-08,Essex Police,Essex Police,0.529219,51.578023,On or near Windsor Road,E01021312,Basildon 011F,Burglary,Investigation complete; no suspect identified,
50ca15046c904c1cd20e23116f0bd1745521413c1004a8270cd585d8edb004d2,2014-08,Essex Police,Essex Police,0.528991,51.577290,On or near Osborne Road,E01021312,Basildon 011F,Burglary,Under investigation,
bd238403ccfb39b01d4d6cd101e597ddb022ceb328da2137c1df15c55eba87ad,2014-08,Essex Police,Essex Police,0.534322,51.567786,On or near Bowers Court Drive,E01021312,Basildon 011F,Drugs,Under investigation,
eca109de54182b8770dab419b55cb27e85ab321dd8f639359e84f8e2175a5e7c,2014-08,Essex Police,Essex Police,0.534222,51.579471,On or near Lawrence Road,E01021312,Basildon 011F,Other theft,Investigation complete; no suspect identified,
93a5b100f5c2152da3d5da01d07c9bca6e976263996c2c45efaa0512a3a6d370,2014-08,Essex Police,Essex Police,0.532939,51.570937,On or near Canvey Road,E01021312,Basildon 011F,Other theft,Under investigation,
143f367b90b2f53ec46a66599595dd2147417a89009a051da4e69785f39b5f99,2014-08,Essex Police,Essex Police,0.542308,51.567380,On or near London Road,E01021312,Basildon 011F,Vehicle crime,Investigation complete; no suspect identified,
7a02ef7f35fb90eb368237da5c69d27b1bcaec58d2b412f7d262584ba264bd12,2014-08,Essex Police,Essex Police,0.531312,51.575676,On or near Katherine Road,E01021312,Basildon 011F,Vehicle crime,Investigation complete; no suspect identified,
29973d2d6bb9dd2b9bfab2f55b67931829b01940c9ac91b9efb69bc026bad8eb,2014-08,Essex Police,Essex Police,0.542308,51.567380,On or near London Road,E01021312,Basildon 011F,Vehicle crime,Investigation complete; no suspect identified,
6eb3594e696882a07181715a04c17dcb683262b9f11e9fb5cbe02eb404ebaa99,2014-08,Essex Police,Essex Police,0.542308,51.567380,On or near London Road,E01021312,Basildon 011F,Vehicle crime,Under investigation,
,2014-08,Essex Police,Essex Police,0.477658,51.575049,On or near Curling Tye,E01021265,Basildon 012A,Anti-social behaviour,,
,2014-08,Essex Police,Essex Police,0.473762,51.577191,On or near Orsett End,E01021265,Basildon 012A,Anti-social behaviour,,
273cdaa41da3292f2174f81959b51d39aebd266485292297eb801644ca49efc7,2014-08,Essex Police,Essex Police,0.473762,51.577191,On or near Orsett End,E01021265,Basildon 012A,Bicycle theft,Under investigation,
9dd1f826bfecc662021db1d247bb72adfdcd13c7a186c3d3e1e00933620ee124,2014-08,Essex Police,Essex Police,0.477658,51.575049,On or near Curling Tye,E01021265,Basildon 012A,Burglary,Unable to prosecute suspect,
fcc666b8a5d4ac1f719155e97cb85422c623b7ab780127a82088e7ad3261cede,2014-08,Essex Police,Essex Police,0.473762,51.577191,On or near Orsett End,E01021265,Basildon 012A,Burglary,Investigation complete; no suspect identified,
24521ffad1ae5c0c52649feb2c5121613f52a0a76c50a514f28e64d517e79c3f,2014-08,Essex Police,Essex Police,0.472330,51.575270,On or near Downey Close,E01021265,Basildon 012A,Drugs,Awaiting court outcome,
bd82490977faf049e3ba405e91de92eae720a280f0779b8202a1448bdab01144,2014-08,Essex Police,Essex Police,0.473762,51.577191,On or near Orsett End,E01021265,Basildon 012A,Other theft,Investigation complete; no suspect identified,
46e62ba5f876e3548d5197a3a9000abdc505ff6ffbdd4438c901e1f8da001d51,2014-08,Essex Police,Essex Police,0.477998,51.575726,On or near The Hatherley,E01021265,Basildon 012A,Vehicle crime,Investigation complete; no suspect identified,
d46bbe0a899376a4af395f7b82d04ba9b976b09a8630d3a96583702b60fd64ff,2014-08,Essex Police,Essex Police,0.474470,51.575350,On or near Bonnygate,E01021265,Basildon 012A,Violence and sexual offences,Under investigation,
5d6ef7c9246b58344287709cf177def19d3b34612645464bd3f3316a397fccd9,2014-08,Essex Police,Essex Police,0.477998,51.575726,On or near The Hatherley,E01021265,Basildon 012A,Violence and sexual offences,Under investigation,
,2014-08,Essex Police,Essex Police,0.479874,51.579967,On or near Peldon Pavement,E01021267,Basildon 012B,Anti-social behaviour,,
,2014-08,Essex Police,Essex Police,0.486976,51.582083,On or near Parking Area,E01021267,Basildon 012B,Anti-social behaviour,,
,2014-08,Essex Police,Essex Police,0.486976,51.582083,On or near Parking Area,E01021267,Basildon 012B,Anti-social behaviour,,
,2014-08,Essex Police,Essex Police,0.488620,51.580456,On or near The Fryth,E01021267,Basildon 012B,Anti-social behaviour,,
,2014-08,Essex Police,Essex Police,0.477843,51.581637,On or near Spenders Close,E01021267,Basildon 012B,Anti-social behaviour,,
,2014-08,Essex Police,Essex Police,0.476706,51.589656,On or near Sports/Recreation Area,E01021267,Basildon 012B,Anti-social behaviour,,
,2014-08,Essex Police,Essex Police,0.484564,51.584445,On or near Pedestrian Subway,E01021267,Basildon 012B,Anti-social behaviour,,
9e7873a5dad3e3d08ec0c60c9d097661e3a23d37787d453933d292c29e207a88,2014-08,Essex Police,Essex Police,0.476706,51.589656,On or near Sports/Recreation Area,E01021267,Basildon 012B,Burglary,Investigation complete; no suspect identified,
907c1cde7546ea6b13c99c2055919af30872338be02ae34c5923d8c69ca76553,2014-08,Essex Police,Essex Police,0.486167,51.582325,On or near Whitmore Court,E01021267,Basildon 012B,Criminal damage and arson,Investigation complete; no suspect identified,
9d0fcddb44f8be2f7e12235f57501f9e1388220ce82bdd0e0e60da5cdf094149,2014-08,Essex Police,Essex Police,0.480627,51.579213,On or near Sports/Recreation Area,E01021267,Basildon 012B,Criminal damage and arson,Investigation complete; no suspect identified,
948d4e929ee533f3722322a34447a8f9e2a89daada9629b5484ca7bb82a63a69,2014-08,Essex Police,Essex Police,0.487141,51.581396,On or near Quendon Road,E01021267,Basildon 012B,Criminal damage and arson,Investigation complete; no suspect identified,
066fa0ca839a68d5499aa24c545859c7625177194b439f8a46f7b1c10af1bdca,2014-08,Essex Police,Essex Police,0.484564,51.584445,On or near Pedestrian Subway,E01021267,Basildon 012B,Drugs,Under investigation,
775071de0e30de33ac5368d2c9e952b12e4f70d41e1304df746d212e18dd3e2d,2014-08,Essex Police,Essex Police,0.484564,51.584445,On or near Pedestrian Subway,E01021267,Basildon 012B,Drugs,Offender given a caution,
1f042f34b13e9b07bc9f2f531479c01cdfb92d0979d9d417351739af339813ae,2014-08,Essex Police,Essex Police,0.484564,51.584445,On or near Pedestrian Subway,E01021267,Basildon 012B,Drugs,Under investigation,
d2c99b5421bfdad96962c2d6724ebeb89d9fe9e15a817c7b82b76372603dd904,2014-08,Essex Police,Essex Police,0.484564,51.584445,On or near Pedestrian Subway,E01021267,Basildon 012B,Drugs,Under investigation,
af4ab87511dc91a88a67f883aab770c24263ae45400454643e9dc8b36a39d0eb,2014-08,Essex Police,Essex Police,0.476706,51.589656,On or near Sports/Recreation Area,E01021267,Basildon 012B,Other theft,Under investigation,
f579c669e585c14b2417d3a2c326d751865e2718542a6b5a6f3bfcedb99bccd2,2014-08,Essex Police,Essex Police,0.482012,51.585021,On or near Sports/Recreation Area,E01021267,Basildon 012B,Other theft,Investigation complete; no suspect identified,
6ed2c35ccbcf6d411b1d37c95084b67efe1f831fc7d037982ecbfd66bb0781d8,2014-08,Essex Police,Essex Police,0.487554,51.587907,On or near Zenith,E01021267,Basildon 012B,Possession of weapons,Unable to prosecute suspect,
fc93a28652ad9186ac6f43c02c257a516680c803c3e3d2768e1ca7cd01e90a55,2014-08,Essex Police,Essex Police,0.486976,51.582083,On or near Parking Area,E01021267,Basildon 012B,Public order,Under investigation,
2a21badf0ca5cd127101a3de2ee7c3e96341558c6861a9f305c57dd566f820b5,2014-08,Essex Police,Essex Police,0.476706,51.589656,On or near Sports/Recreation Area,E01021267,Basildon 012B,Shoplifting,Under investigation,
c3debb921530c93c7470a01ec52ed354d28c80dd17908cf89bd1989118934382,2014-08,Essex Police,Essex Police,0.476706,51.589656,On or near Sports/Recreation Area,E01021267,Basildon 012B,Shoplifting,Offender given suspended prison sentence,
cc0c7742a29eccbfdd8162ac9cf5421ffd23a2f32b4273fabb2414d55903d757,2014-08,Essex Police,Essex Police,0.476706,51.589656,On or near Sports/Recreation Area,E01021267,Basildon 012B,Shoplifting,Awaiting court outcome,
0dc31ab3a899228734d0617471aa7363674c803440dc56ce153ced8b21e7eef8,2014-08,Essex Police,Essex Police,0.480627,51.579213,On or near Sports/Recreation Area,E01021267,Basildon 012B,Vehicle crime,Investigation complete; no suspect identified,
c6e1747f0fa3c07b171da98e853e633a4db55dc1f9d5975c715a79f23f4ed353,2014-08,Essex Police,Essex Police,0.477843,51.581637,On or near Spenders Close,E01021267,Basildon 012B,Vehicle crime,Under investigation,
6b90158f7bd71be72fcc62c43e9384ed2f7ec6a23bce894d8e7871cb88b5c89b,2014-08,Essex Police,Essex Police,0.482111,51.580756,On or near Danbury Down,E01021267,Basildon 012B,Violence and sexual offences,Under investigation,
48c9209b52c12994bcd999a2232644fe0c509696ac12184d06b847d7bd91035a,2014-08,Essex Police,Essex Police,0.484564,51.584445,On or near Pedestrian Subway,E01021267,Basildon 012B,Violence and sexual offences,Investigation complete; no suspect identified,
,2014-08,Essex Police,Essex Police,0.494965,51.581409,On or near Holbech Road,E01021269,Basildon 012C,Anti-social behaviour,,
,2014-08,Essex Police,Essex Police,0.493847,51.582863,On or near Pendle Drive,E01021269,Basildon 012C,Anti-social behaviour,,
,2014-08,Essex Police,Essex Police,0.490446,51.579284,On or near Chesterford Gardens,E01021269,Basildon 012C,Anti-social behaviour,,
,2014-08,Essex Police,Essex Police,0.493487,51.577880,On or near Chichester Close,E01021269,Basildon 012C,Anti-social behaviour,,
,2014-08,Essex Police,Essex Police,0.494965,51.581409,On or near Holbech Road,E01021269,Basildon 012C,Anti-social behaviour,,
,2014-08,Essex Police,Essex Police,0.493725,51.586445,On or near Cranes Close,E01021269,Basildon 012C,Anti-social behaviour,,
,2014-08,Essex Police,Essex Police,0.493487,51.577880,On or near Chichester Close,E01021269,Basildon 012C,Anti-social behaviour,,
,2014-08,Essex Police,Essex Police,0.493725,51.586445,On or near Cranes Close,E01021269,Basildon 012C,Anti-social behaviour,,
b053a88c0fc59dd16af4d11ad595bfdc0591bb83e1256eda7dd310be59433096,2014-08,Essex Police,Essex Police,0.491041,51.588840,On or near Paycocke Road,E01021269,Basildon 012C,Burglary,Investigation complete; no suspect identified,
2b21a3c24697d429e35c6823c9382e3f2b0998e27e634af2107dfcb711f05fda,2014-08,Essex Police,Essex Police,0.494887,51.582355,On or near St Peter'S Pavement,E01021269,Basildon 012C,Criminal damage and arson,Under investigation,
eed779a46fc1ecf2615759188bb04fb33d20ac1d9a03c7184c46b9a03e49107b,2014-08,Essex Police,Essex Police,0.496314,51.589942,On or near Shopping Area,E01021269,Basildon 012C,Other theft,Under investigation,
987755f3a599215c6bda63db25c01e20f90a2b56410b0819cd05d624fa0d7978,2014-08,Essex Police,Essex Police,0.494965,51.581409,On or near Holbech Road,E01021269,Basildon 012C,Public order,Under investigation,
a102799dac603bd6cc3acefc9824fdf83bce955b9d4097b7d7ddaf26461a201f,2014-08,Essex Police,Essex Police,0.496314,51.589942,On or near Shopping Area,E01021269,Basildon 012C,Public order,Unable to prosecute suspect,
459e28ae28da880c7cb0e611e9b26c66ae8ac2f6a6e00cdc07a90d3aab1465fa,2014-08,Essex Police,Essex Police,0.493487,51.577880,On or near Chichester Close,E01021269,Basildon 012C,Vehicle crime,Unable to prosecute suspect,
69374a85fd4a859c6f3226997f07288087bed92ad47251d7ae77c26c8257214a,2014-08,Essex Police,Essex Police,0.490336,51.581481,On or near Barrington Close,E01021269,Basildon 012C,Violence and sexual offences,Under investigation,
ffa3d72f147f76002d7598364e80f189f1f48302a2cd3c71a91f3dfc7f3689b3,2014-08,Essex Police,Essex Police,0.489842,51.583551,On or near Holden Gardens,E01021269,Basildon 012C,Violence and sexual offences,Under investigation,
ea4dd3358281a7617e9fbe60612d4788db0a954359eead9d578df19fdd08c796,2014-08,Essex Police,Essex Police,0.489980,51.579996,On or near Southcote Crescent,E01021269,Basildon 012C,Violence and sexual offences,Under investigation,
,2014-08,Essex Police,Essex Police,0.489560,51.575481,On or near Avon Way,E01021270,Basildon 012D,Anti-social behaviour,,
,2014-08,Essex Police,Essex Police,0.480348,51.577007,On or near The Fremnells,E01021270,Basildon 012D,Anti-social behaviour,,
,2014-08,Essex Police,Essex Police,0.482633,51.575232,On or near Goldhanger Cross,E01021270,Basildon 012D,Anti-social behaviour,,
,2014-08,Essex Police,Essex Police,0.489527,51.576462,On or near The Lichfields,E01021270,Basildon 012D,Anti-social behaviour,,
,2014-08,Essex Police,Essex Police,0.489560,51.575481,On or near Avon Way,E01021270,Basildon 012D,Anti-social behaviour,,
,2014-08,Essex Police,Essex Police,0.486221,51.575120,On or near Churchill Avenue,E01021270,Basildon 012D,Anti-social behaviour,,
,2014-08,Essex Police,Essex Police,0.480348,51.577007,On or near The Fremnells,E01021270,Basildon 012D,Anti-social behaviour,,
4fbb6a45e92654272fca5a5ac3ecf1718a078e18476b5a0803891cfd69364c0a,2014-08,Essex Police,Essex Police,0.489527,51.576462,On or near The Lichfields,E01021270,Basildon 012D,Burglary,Investigation complete; no suspect identified,
dd7bbde7bc3233325dcaff8bfa7cfd38cae2b5e1d5a035c82f093a9bd360bfc2,2014-08,Essex Police,Essex Police,0.482633,51.575232,On or near Goldhanger Cross,E01021270,Basildon 012D,Burglary,Investigation complete; no suspect identified,
b9eaaa8b5cc651eaf7d85ef10ca3385feb1e4075563aa6753466febb90bd3042,2014-08,Essex Police,Essex Police,0.480314,51.575047,On or near Curling Walk,E01021270,Basildon 012D,Criminal damage and arson,Investigation complete; no suspect identified,
28db7a0ce6d484195057e2f4fdea592969623027fa587be510d11906475ba27f,2014-08,Essex Police,Essex Police,0.489527,51.576462,On or near The Lichfields,E01021270,Basildon 012D,Drugs,Offender given penalty notice,
90074d5504ead0b0095dcc2e4137b1dd087de83b2008b807470106e3318f0025,2014-08,Essex Police,Essex Police,0.483151,51.577047,On or near Rundells Walk,E01021270,Basildon 012D,Other theft,Under investigation,
c592aa2c2a82790ef6f29420097098397773293139134fe620f0c47655a49a8c,2014-08,Essex Police,Essex Police,0.490023,51.577351,On or near Craylands,E01021270,Basildon 012D,Robbery,Investigation complete; no suspect identified,
941f9448e53bc1c2590691df294cf2474f0f4f0bedca29dc3935100014ae008c,2014-08,Essex Police,Essex Police,0.483600,51.577882,On or near Beeleigh East,E01021270,Basildon 012D,Theft from the person,Under investigation,
8599d99942af1134c46af61dfeaf47bdcf25e5452b1e3473ccae7e848a5f2fba,2014-08,Essex Police,Essex Police,0.482633,51.575232,On or near Goldhanger Cross,E01021270,Basildon 012D,Vehicle crime,Investigation complete; no suspect identified,
466b408caca3e173046e3f900abda08b8a03625bc272e8c18d63f20247aadb0b,2014-08,Essex Police,Essex Police,0.489527,51.576462,On or near The Lichfields,E01021270,Basildon 012D,Violence and sexual offences,Under investigation,
075a70d0e3e752887e7a2a1ad66b339bdfbb501990e4006495d1835aad766dbd,2014-08,Essex Police,Essex Police,0.484118,51.574931,On or near Pattiswick Corner,E01021270,Basildon 012D,Other crime,Under investigation,
f6b588c9f966740ce98bb711d3bd88ff0c47d48e0588accf54908e171c901090,2014-08,Essex Police,Essex Police,0.489527,51.576462,On or near The Lichfields,E01021270,Basildon 012D,Other crime,Offender given a caution,
,2014-08,Essex Police,Essex Police,0.475470,51.577551,On or near Petrol Station,E01021272,Basildon 012E,Anti-social behaviour,,
5eacba4ab24fa3e6fc81e552cc65499e81a153fad57055760b7e968d1be9d817,2014-08,Essex Police,Essex Police,0.475536,51.577172,On or near Havalon Close,E01021272,Basildon 012E,Bicycle theft,Investigation complete; no suspect identified,
92cc5d4dacdfe2b65e93e1b6c6f985fdc0e7b51daf9aac580209133e47403b3c,2014-08,Essex Police,Essex Police,0.478758,51.578812,On or near Quilters Close,E01021272,Basildon 012E,Burglary,Under investigation,
0bd1f1c43a1424dde88532fc650ed8f4666d6ebaea849e192fe57392c2499cea,2014-08,Essex Police,Essex Police,0.475470,51.577551,On or near Petrol Station,E01021272,Basildon 012E,Burglary,Investigation complete; no suspect identified,
0f8be37a74c557d1ed8d95a721143609d30c491f6582d077787a4a6e10b95619,2014-08,Essex Police,Essex Police,0.475470,51.577551,On or near Petrol Station,E01021272,Basildon 012E,Burglary,Investigation complete; no suspect identified,
802c08dc98d50dea6625b5ede14e7666eae089b1f63b51300eeab718418a8a65,2014-08,Essex Police,Essex Police,0.477527,51.579000,On or near Whitmore Way,E01021272,Basildon 012E,Criminal damage and arson,Investigation complete; no suspect identified,
8b4d02425acddcc077733364572363ad6976e2478af72bc5f898c4254cf7ee13,2014-08,Essex Police,Essex Police,0.475470,51.577551,On or near Petrol Station,E01021272,Basildon 012E,Vehicle crime,Investigation complete; no suspect identified,
1513edca990a57fa6bdb3c928fa3f6270738efae4279635c1db82b83fec7f7e8,2014-08,Essex Police,Essex Police,0.476686,51.579459,On or near Little Spenders,E01021272,Basildon 012E,Vehicle crime,Investigation complete; no suspect identified,
c0fb097bdb53d15406063993a17e358654f526d3ab5513f556b161a5d9e99a52,2014-08,Essex Police,Essex Police,0.477857,51.576583,On or near Cattawade Link,E01021272,Basildon 012E,Vehicle crime,Under investigation,
96a987dcc5b9379a4cb67d1149bfd3c80f34c0b7000fa57542ca318cdbe3177d,2014-08,Essex Police,Essex Police,0.482212,51.577561,On or near Beeleigh Cross,E01021272,Basildon 012E,Vehicle crime,Investigation complete; no suspect identified,
,2014-08,Essex Police,Essex Police,0.494031,51.576744,On or near Lincoln Road,E01021271,Basildon 013A,Anti-social behaviour,,
,2014-08,Essex Police,Essex Police,0.490801,51.578647,On or near Canterbury Close,E01021271,Basildon 013A,Anti-social behaviour,,
,2014-08,Essex Police,Essex Police,0.490801,51.578647,On or near Canterbury Close,E01021271,Basildon 013A,Anti-social behaviour,,
,2014-08,Essex Police,Essex Police,0.494031,51.576744,On or near Lincoln Road,E01021271,Basildon 013A,Anti-social behaviour,,
,2014-08,Essex Police,Essex Police,0.492169,51.574364,On or near Kennet Way,E01021271,Basildon 013A,Anti-social behaviour,,
,2014-08,Essex Police,Essex Police,0.492169,51.574364,On or near Kennet Way,E01021271,Basildon 013A,Anti-social behaviour,,
,2014-08,Essex Police,Essex Police,0.491796,51.577574,On or near Exeter Close,E01021271,Basildon 013A,Anti-social behaviour,,
,2014-08,Essex Police,Essex Police,0.491796,51.577574,On or near Exeter Close,E01021271,Basildon 013A,Anti-social behaviour,,
dd52572f243c0a8073bfce432664241a237b5680ac7cafa45ccc99bdeb2e94d9,2014-08,Essex Police,Essex Police,0.492169,51.574364,On or near Kennet Way,E01021271,Basildon 013A,Burglary,Under investigation,
87aefb5cf9da4db44b96b4abcb55cfc58fa5306f8f3a633cf064c2c0124ed8e7,2014-08,Essex Police,Essex Police,0.494031,51.576744,On or near Lincoln Road,E01021271,Basildon 013A,Burglary,Under investigation,
6f139d274e8c440b5bded73b704dc9b4ab88fa58327fcf33e2914a2af23f773a,2014-08,Essex Police,Essex Police,0.494031,51.576744,On or near Lincoln Road,E01021271,Basildon 013A,Criminal damage and arson,Investigation complete; no suspect identified,
8a746091cb7076f096dda4625979aa47dcb9c4131d41abab73fea74ff0fdba0f,2014-08,Essex Police,Essex Police,0.491796,51.577574,On or near Exeter Close,E01021271,Basildon 013A,Criminal damage and arson,Under investigation,
88e86d1d1b5cb0f1bab4baae1aa21b1b8821e065c118faf3226c01d2880f2299,2014-08,Essex Police,Essex Police,0.490801,51.578647,On or near Canterbury Close,E01021271,Basildon 013A,Criminal damage and arson,Investigation complete; no suspect identified,
aa16d85a162d644721e59d50154bbcabf0a6ec57b4d28dae83dc86c8d40b5765,2014-08,Essex Police,Essex Police,0.494031,51.576744,On or near Lincoln Road,E01021271,Basildon 013A,Other theft,Under investigation,
c0952c6db4185e876d47eccd4c3bc71dc4bb368fa91341ef56df73157b76ca44,2014-08,Essex Police,Essex Police,0.492169,51.574364,On or near Kennet Way,E01021271,Basildon 013A,Public order,Under investigation,
018a8fbef2721e15616daca1bc91625e61fa4553727a15174600e62a0ffc1ca5,2014-08,Essex Police,Essex Police,0.494031,51.576744,On or near Lincoln Road,E01021271,Basildon 013A,Vehicle crime,Awaiting court outcome,
9c2c94455ae2329e27bc511619c3904af8aac338b06826e4c4a5223580cb004b,2014-08,Essex Police,Essex Police,0.490801,51.578647,On or near Canterbury Close,E01021271,Basildon 013A,Vehicle crime,Investigation complete; no suspect identified,
000e5bae4752237b8256998169d64c3b2dc8704915bfc35d9d407fa0a230f935,2014-08,Essex Police,Essex Police,0.492169,51.574364,On or near Kennet Way,E01021271,Basildon 013A,Violence and sexual offences,Under investigation,
9943ede4eaa7cd554bc5697b3039be4392f66e54980b26d81372abf735287166,2014-08,Essex Police,Essex Police,0.490801,51.578647,On or near Canterbury Close,E01021271,Basildon 013A,Violence and sexual offences,Awaiting court outcome,
0c1bbe8838b36d25db2b77ed80035112119fcf8f624989868ab6a8aa24567ec4,2014-08,Essex Police,Essex Police,0.492169,51.574364,On or near Kennet Way,E01021271,Basildon 013A,Violence and sexual offences,Awaiting court outcome,
,2014-08,Essex Police,Essex Police,0.501202,51.580108,On or near Loxford,E01021302,Basildon 013B,Anti-social behaviour,,
,2014-08,Essex Police,Essex Police,0.501584,51.578651,On or near Bockingham Green,E01021302,Basildon 013B,Anti-social behaviour,,
,2014-08,Essex Police,Essex Police,0.503773,51.578308,On or near Malyons,E01021302,Basildon 013B,Anti-social behaviour,,
,2014-08,Essex Police,Essex Police,0.504899,51.577250,On or near Malyons Mews,E01021302,Basildon 013B,Anti-social behaviour,,
,2014-08,Essex Police,Essex Police,0.501202,51.580108,On or near Loxford,E01021302,Basildon 013B,Anti-social behaviour,,
,2014-08,Essex Police,Essex Police,0.505943,51.579710,On or near Bartlow Side,E01021302,Basildon 013B,Anti-social behaviour,,
,2014-08,Essex Police,Essex Police,0.501202,51.580108,On or near Loxford,E01021302,Basildon 013B,Anti-social behaviour,,
,2014-08,Essex Police,Essex Police,0.504382,51.579671,On or near Bartlow End,E01021302,Basildon 013B,Anti-social behaviour,,
,2014-08,Essex Police,Essex Police,0.501584,51.578651,On or near Bockingham Green,E01021302,Basildon 013B,Anti-social behaviour,,
,2014-08,Essex Police,Essex Police,0.502231,51.579393,On or near Felmores,E01021302,Basildon 013B,Anti-social behaviour,,
c8758d98742d3545a487411cf6e7916074d015aceed7ce80f46a3f1caf84f33e,2014-08,Essex Police,Essex Police,0.504899,51.577250,On or near Malyons Mews,E01021302,Basildon 013B,Burglary,Under investigation,
0961bc287dabbc7ea52da7182e04bc66be056ae787b5b5fbbe21f26840525add,2014-08,Essex Police,Essex Police,0.503773,51.578308,On or near Malyons,E01021302,Basildon 013B,Burglary,Investigation complete; no suspect identified,
4bce36690b8d4ad7990189ecf8f9d8f8d1f457352e6629749b10d987944b8da0,2014-08,Essex Police,Essex Police,0.497778,51.577950,On or near Park/Open Space,E01021302,Basildon 013B,Criminal damage and arson,Under investigation,
6447c191eaff620e393862b104f701921bc604f74fbac5c370a79d16fbf92a68,2014-08,Essex Police,Essex Police,0.497778,51.577950,On or near Park/Open Space,E01021302,Basildon 013B,Criminal damage and arson,Under investigation,
6547cfbcbbeaf168546a4cede783a99ab76830c9b785cddcf117b347b7ee9a60,2014-08,Essex Police,Essex Police,0.504382,51.579671,On or near Bartlow End,E01021302,Basildon 013B,Drugs,Offender given a caution,
9b406bfe152ecf2c92bedb8ac3e6a3d0468036b49c8164258ff0b2d14fc399d5,2014-08,Essex Police,Essex Police,0.503091,51.579815,On or near Winstree,E01021302,Basildon 013B,Drugs,Unable to prosecute suspect,
1fc54ec6e0d90eba722681acd9527a66ef5cf8239f6bcdd37696ad19698c96fe,2014-08,Essex Police,Essex Police,0.497778,51.577950,On or near Park/Open Space,E01021302,Basildon 013B,Drugs,Offender given a drugs possession warning,
a53b3746a730bf73cd61a86e312f0a0c1815b64dd8b3e5bad26d5a257464a9ba,2014-08,Essex Police,Essex Police,0.504899,51.577250,On or near Malyons Mews,E01021302,Basildon 013B,Other theft,Under investigation,
b58ff4fe4a8eabfb0d090a3e1f627207b21c062349993bc6db14ba66155053ce,2014-08,Essex Police,Essex Police,0.504382,51.579671,On or near Bartlow End,E01021302,Basildon 013B,Robbery,Unable to prosecute suspect,
d4b8e14efcd4c0075f90cf224f475ac700b38b38303a57f0487a1197ed1021dd,2014-08,Essex Police,Essex Police,0.505943,51.579710,On or near Bartlow Side,E01021302,Basildon 013B,Shoplifting,Under investigation,
37ef05ded7243368b59409de4f760d8674cf717401caa29d336a3151e56dda27,2014-08,Essex Police,Essex Police,0.505943,51.579710,On or near Bartlow Side,E01021302,Basildon 013B,Shoplifting,Investigation complete; no suspect identified,
db6108241f3c05bd04ba2606c937ade8863df367fcde87ff446d21ca36af91db,2014-08,Essex Police,Essex Police,0.501584,51.578651,On or near Bockingham Green,E01021302,Basildon 013B,Vehicle crime,Under investigation,
1d1afcef6bc643c2edd4147444aac91e88a0dce809003d2dc6d39cf71d26237d,2014-08,Essex Police,Essex Police,0.497778,51.577950,On or near Park/Open Space,E01021302,Basildon 013B,Violence and sexual offences,Under investigation,
28dcd12960d55bf1d81d1e1f2ac5f85fbd13b44f1a27949c4ef5a1ce12e78af3,2014-08,Essex Police,Essex Police,0.505943,51.579710,On or near Bartlow Side,E01021302,Basildon 013B,Violence and sexual offences,Unable to prosecute suspect,
70b66eb9e5c35cbd6e705cbdf3d5d5e4b7343287cece0fa89d0ec24984d74d25,2014-08,Essex Police,Essex Police,0.501202,51.580108,On or near Loxford,E01021302,Basildon 013B,Violence and sexual offences,Under investigation,
9e5b3614834d2def60f734b7b303006a33c00bc9fe1a876ee79aa0d0e08bf672,2014-08,Essex Police,Essex Police,0.497778,51.577950,On or near Park/Open Space,E01021302,Basildon 013B,Violence and sexual offences,Under investigation,
57cd2741cf325e6e7575dd1c6f3e927b0ef42421d6537154ec67f8920c7218c5,2014-08,Essex Police,Essex Police,0.504382,51.579671,On or near Bartlow End,E01021302,Basildon 013B,Violence and sexual offences,Under investigation,
322c8faf5f747f5883ba536389921ccc2639b4e7e7279b1a5f484b5e41d3fb33,2014-08,Essex Police,Essex Police,0.505943,51.579710,On or near Bartlow Side,E01021302,Basildon 013B,Violence and sexual offences,Under investigation,
3a0706bd67da92cbe46395f792bc51c5810b2196cebdf27889abc8a8d8b9a599,2014-08,Essex Police,Essex Police,0.501584,51.578651,On or near Bockingham Green,E01021302,Basildon 013B,Violence and sexual offences,Investigation complete; no suspect identified,
,2014-08,Essex Police,Essex Police,0.509914,51.574499,On or near Pedestrian Subway,E01021304,Basildon 013C,Anti-social behaviour,,
,2014-08,Essex Police,Essex Police,0.509914,51.574499,On or near Pedestrian Subway,E01021304,Basildon 013C,Anti-social behaviour,,
,2014-08,Essex Police,Essex Police,0.509914,51.574499,On or near Pedestrian Subway,E01021304,Basildon 013C,Anti-social behaviour,,
,2014-08,Essex Police,Essex Police,0.509914,51.574499,On or near Pedestrian Subway,E01021304,Basildon 013C,Anti-social behaviour,,
,2014-08,Essex Police,Essex Police,0.506581,51.574516,On or near Malgraves Place,E01021304,Basildon 013C,Anti-social behaviour,,
,2014-08,Essex Police,Essex Police,0.509914,51.574499,On or near Pedestrian Subway,E01021304,Basildon 013C,Anti-social behaviour,,
,2014-08,Essex Police,Essex Police,0.506581,51.574516,On or near Malgraves Place,E01021304,Basildon 013C,Anti-social behaviour,,
,2014-08,Essex Police,Essex Police,0.508934,51.572676,On or near Tanswell Close,E01021304,Basildon 013C,Anti-social behaviour,,
,2014-08,Essex Police,Essex Police,0.503867,51.574232,On or near Walthams,E01021304,Basildon 013C,Anti-social behaviour,,
,2014-08,Essex Police,Essex Police,0.509914,51.574499,On or near Pedestrian Subway,E01021304,Basildon 013C,Anti-social behaviour,,
,2014-08,Essex Police,Essex Police,0.509914,51.574499,On or near Pedestrian Subway,E01021304,Basildon 013C,Anti-social behaviour,,
,2014-08,Essex Police,Essex Police,0.505906,51.575879,On or near Plumleys,E01021304,Basildon 013C,Anti-social behaviour,,
b67128f4c66d91ed08e8c1758dc7bc054bad6aa3bdffa4ba5d3d2aea08db417b,2014-08,Essex Police,Essex Police,0.507660,51.572883,On or near Tanswell Avenue,E01021304,Basildon 013C,Burglary,Under investigation,
e6af6348e0ba7540ab927a6d8ba46243c55410d6bfa0e9035fffa3ba064b364d,2014-08,Essex Police,Essex Police,0.507660,51.572883,On or near Tanswell Avenue,E01021304,Basildon 013C,Criminal damage and arson,Under investigation,
87468494abc3894a37e7d9520154424ea8224b84fce6c4a44dd43b97082d122a,2014-08,Essex Police,Essex Police,0.505709,51.574139,On or near Malgraves,E01021304,Basildon 013C,Criminal damage and arson,Under investigation,
9d9e79a244cd2e4ab21365fb6ee1bf535f9474066afa564d4a374b0a315c4633,2014-08,Essex Police,Essex Police,0.508754,51.573876,On or near Eastbrooks Mews,E01021304,Basildon 013C,Drugs,Offender given a drugs possession warning,
3f15efbe10c9996f75a167223b742c95fa5ddc75bc41b15aa2cfda465c1985ba,2014-08,Essex Police,Essex Police,0.509914,51.574499,On or near Pedestrian Subway,E01021304,Basildon 013C,Other theft,Under investigation,
747c966101e7eb779e9ebb28e859a4b4c41f8c6bf092aa822bed99d86523a90f,2014-08,Essex Police,Essex Police,0.508934,51.572676,On or near Tanswell Close,E01021304,Basildon 013C,Other theft,Investigation complete; no suspect identified,
61b5667d819915a45eaf6e8c3482ace6d8c5991134cf0e92e4acc68f39c17791,2014-08,Essex Police,Essex Police,0.509914,51.574499,On or near Pedestrian Subway,E01021304,Basildon 013C,Public order,Offender given penalty notice,
8a1974ae345e7275e2925773dc7fd7eba8f5ce790d30bd53eb2a1d7a4fa0c5ee,2014-08,Essex Police,Essex Police,0.508754,51.573876,On or near Eastbrooks Mews,E01021304,Basildon 013C,Violence and sexual offences,Under investigation,
,2014-08,Essex Police,Essex Police,0.500938,51.570832,On or near Pedestrian Subway,E01021305,Basildon 013D,Anti-social behaviour,,
,2014-08,Essex Police,Essex Police,0.500720,51.569758,On or near Pedestrian Subway,E01021305,Basildon 013D,Anti-social behaviour,,
,2014-08,Essex Police,Essex Police,0.498196,51.570045,On or near Broomfields,E01021305,Basildon 013D,Anti-social behaviour,,
8ac6bb4c7a8252e1626d64929401037ca7163e8ee79067c264414182afa27e81,2014-08,Essex Police,Essex Police,0.498422,51.570220,On or near Broomfields Place,E01021305,Basildon 013D,Drugs,Under investigation,
f84ff3707d75a04a04b151d88052a58e2144c7872209b2269c13fb3ee7e565f3,2014-08,Essex Police,Essex Police,0.498196,51.570045,On or near Broomfields,E01021305,Basildon 013D,Public order,Under investigation,
18b922b1394d95f7c0184365edd2fd7d9e7391691ddcdaf298526aedaba324eb,2014-08,Essex Police,Essex Police,0.500720,51.569758,On or near Pedestrian Subway,E01021305,Basildon 013D,Vehicle crime,Investigation complete; no suspect identified,
cc2bf888a7a752454797b4f8b41bbb702556ddd7a444e725694f8e500d35a79c,2014-08,Essex Police,Essex Police,0.508055,51.572182,On or near Somerset Gardens,E01021305,Basildon 013D,Vehicle crime,Investigation complete; no suspect identified,
05bda7d85106c2eb64c329677e36ec29a62484ad303759a79ad69846154b13b2,2014-08,Essex Police,Essex Police,0.508055,51.572182,On or near Somerset Gardens,E01021305,Basildon 013D,Vehicle crime,Investigation complete; no suspect identified,
700d4165c371f82867fd89b645767a4c72295155a68c0a4f4a0f133686f552ed,2014-08,Essex Police,Essex Police,0.500938,51.570832,On or near Pedestrian Subway,E01021305,Basildon 013D,Vehicle crime,Investigation complete; no suspect identified,
fbd25ee831be80820cbb885f123f0777ac559f73a51a7fad9127c96ace9fb2c3,2014-08,Essex Police,Essex Police,0.500938,51.570832,On or near Pedestrian Subway,E01021305,Basildon 013D,Violence and sexual offences,Under investigation,
508a673c5716bb890a482dde572623360a54230508bcde25ab6314b7f93cda5a,2014-08,Essex Police,Essex Police,0.498196,51.570045,On or near Broomfields,E01021305,Basildon 013D,Violence and sexual offences,Investigation complete; no suspect identified,
,2014-08,Essex Police,Essex Police,0.502108,51.573739,On or near Mill Green,E01021306,Basildon 013E,Anti-social behaviour,,
,2014-08,Essex Police,Essex Police,0.502081,51.573506,On or near Pedestrian Subway,E01021306,Basildon 013E,Anti-social behaviour,,
,2014-08,Essex Police,Essex Police,0.498377,51.572299,On or near Beambridge,E01021306,Basildon 013E,Anti-social behaviour,,
,2014-08,Essex Police,Essex Police,0.496752,51.573188,On or near Chalk End,E01021306,Basildon 013E,Anti-social behaviour,,
,2014-08,Essex Police,Essex Police,0.498307,51.573379,On or near Cheshunts,E01021306,Basildon 013E,Anti-social behaviour,,
,2014-08,Essex Police,Essex Police,0.498377,51.572299,On or near Beambridge,E01021306,Basildon 013E,Anti-social behaviour,,
f68280853c47eae0e41a240d748b9266557405172a0145838811e11f7665f83f,2014-08,Essex Police,Essex Police,0.502808,51.574399,On or near Mill Green Place,E01021306,Basildon 013E,Bicycle theft,Investigation complete; no suspect identified,
5e3b6e30c3bfbc757023ae2d6e616d83cf8559f8d8fedf002c5a72a23ebde926,2014-08,Essex Police,Essex Police,0.502081,51.573506,On or near Pedestrian Subway,E01021306,Basildon 013E,Bicycle theft,Investigation complete; no suspect identified,
8e58935041a1349be58eddb1b65dbf3cbd860acfddb8cdd4b8cb98602ed5623d,2014-08,Essex Police,Essex Police,0.498377,51.572299,On or near Beambridge,E01021306,Basildon 013E,Burglary,Under investigation,
b5f32e3a79724b9d4b11a161cf1db3fddf439862baa5b243b5b6061e9e7ec631,2014-08,Essex Police,Essex Police,0.496269,51.573585,On or near Pedestrian Subway,E01021306,Basildon 013E,Burglary,Investigation complete; no suspect identified,
969b0e347beb945de9e3198ef4beea81e58c8142c83f666d52099ce1eabc3a50,2014-08,Essex Police,Essex Police,0.502808,51.574399,On or near Mill Green Place,E01021306,Basildon 013E,Burglary,Under investigation,
cc217d4b4bf4c5e2a63b5e99e5d7553ebcd676dcae1c37f6d6e4a56afcf0bbd1,2014-08,Essex Police,Essex Police,0.502108,51.573739,On or near Mill Green,E01021306,Basildon 013E,Criminal damage and arson,Investigation complete; no suspect identified,
7ffa8306cbb463d4179db86b9bcb3168a9989455c68bbc4fff8ae53386b0133f,2014-08,Essex Police,Essex Police,0.503639,51.575865,On or near Stokefelde,E01021306,Basildon 013E,Drugs,Offender given a drugs possession warning,
3f445f83cb0a55584fa1e4a12c87c952379e987b15263ec65a0d1ba05efe1580,2014-08,Essex Police,Essex Police,0.498377,51.572299,On or near Beambridge,E01021306,Basildon 013E,Other theft,Under investigation,
3b74c963122a132566433d8d8ab8a7a0d03cbf43fa659e8dc26b78a6738dcdff,2014-08,Essex Police,Essex Police,0.502808,51.574399,On or near Mill Green Place,E01021306,Basildon 013E,Public order,Under investigation,
43ca12da8f29d192a23e8dab4dee8d1085214ef3fafc1e76cb6a4aabd4de6c0d,2014-08,Essex Police,Essex Police,0.498344,51.571166,On or near Moretons,E01021306,Basildon 013E,Vehicle crime,Investigation complete; no suspect identified,
d418f92e8b07cde27117280677325855d73f5bcd17f3d3c3ccfeb0c66ba0baaa,2014-08,Essex Police,Essex Police,0.498377,51.572299,On or near Beambridge,E01021306,Basildon 013E,Vehicle crime,Investigation complete; no suspect identified,
276c7033dd38e0de9d5f064b4d9fd2da74be451280a83cfbf8ef569ce79aee6f,2014-08,Essex Police,Essex Police,0.498344,51.571166,On or near Moretons,E01021306,Basildon 013E,Violence and sexual offences,Under investigation,
b7d4cf67ae45a5000b46624e4814f7a04a50bff8b75ed5cb5855c7d423752bd1,2014-08,Essex Police,Essex Police,0.503664,51.572905,On or near Wimbish End,E01021306,Basildon 013E,Violence and sexual offences,Under investigation,
,2014-08,Essex Police,Essex Police,0.420621,51.578066,On or near Tattenham Road,E01021273,Basildon 014A,Anti-social behaviour,,
,2014-08,Essex Police,Essex Police,0.419074,51.580184,On or near Bushy Mead,E01021273,Basildon 014A,Anti-social behaviour,,
,2014-08,Essex Police,Essex Police,0.421343,51.575892,On or near Pedestrian Subway,E01021273,Basildon 014A,Anti-social behaviour,,
,2014-08,Essex Police,Essex Police,0.414104,51.577373,On or near Gaywood,E01021273,Basildon 014A,Anti-social behaviour,,
,2014-08,Essex Police,Essex Police,0.415025,51.575978,On or near Victoria Road,E01021273,Basildon 014A,Anti-social behaviour,,
,2014-08,Essex Police,Essex Police,0.414104,51.577373,On or near Gaywood,E01021273,Basildon 014A,Anti-social behaviour,,
,2014-08,Essex Police,Essex Police,0.415025,51.575978,On or near Victoria Road,E01021273,Basildon 014A,Anti-social behaviour,,
,2014-08,Essex Police,Essex Police,0.419838,51.576364,On or near Victoria Close,E01021273,Basildon 014A,Anti-social behaviour,,
235a95518edee9616d43ece62fde45c70613c19481842a6b99c46551831dea7e,2014-08,Essex Police,Essex Police,0.421343,51.575892,On or near Pedestrian Subway,E01021273,Basildon 014A,Burglary,Under investigation,
24da1a11d225e9859775eb45365754a5fce3bd4d1ffc82c453da95924858df75,2014-08,Essex Police,Essex Police,0.420621,51.578066,On or near Tattenham Road,E01021273,Basildon 014A,Criminal damage and arson,Under investigation,
7c57067cf4b97fe05c0081cde2e5080bb55420c2025c0c0aa36331207615b8a0,2014-08,Essex Police,Essex Police,0.416762,51.579323,On or near Brook Mead,E01021273,Basildon 014A,Criminal damage and arson,Under investigation,
8c4ec5ae85995cc9935fe96435c2bb55da63d664dba499e632dab516631a14b7,2014-08,Essex Police,Essex Police,0.414104,51.577373,On or near Gaywood,E01021273,Basildon 014A,Other theft,Under investigation,
5e8f0039f08dc18bd3ba40a5c19ec891232a9193ae61ce2fcc3e17bb04d70717,2014-08,Essex Police,Essex Police,0.421848,51.576440,On or near High Road,E01021273,Basildon 014A,Vehicle crime,Under investigation,
6884529a87fda7b87078cd2b1e9627ed4e62642fad2f213b8f9f3ea0bfd3d84a,2014-08,Essex Police,Essex Police,0.421848,51.576440,On or near High Road,E01021273,Basildon 014A,Vehicle crime,Under investigation,
ba99cb9d72883de70da2c66d77acea2f44a6745e67f44fc94e8904b58a5d2527,2014-08,Essex Police,Essex Police,0.414104,51.577373,On or near Gaywood,E01021273,Basildon 014A,Violence and sexual offences,Under investigation,
0660e86e7eba1aa5cd2cf7b18d436ab6a2d59163d6b927626a7cb54159eacb16,2014-08,Essex Police,Essex Police,0.415025,51.575978,On or near Victoria Road,E01021273,Basildon 014A,Violence and sexual offences,Under investigation,
2d0698d12160f399bec40d5adf6edf106761af5d9f6bd7232ef78f26b5adfe87,2014-08,Essex Police,Essex Police,0.421108,51.574737,On or near Byron Court,E01021273,Basildon 014A,Violence and sexual offences,Under investigation,
95cecba260f04d47ee5542586e0761eb39537ac2d1ba32b4a9bda652c759a774,2014-08,Essex Police,Essex Police,0.417938,51.578903,On or near Powell Road,E01021273,Basildon 014A,Violence and sexual offences,Under investigation,
bde9e88380b171a695ded778097302a794f47bd67e94fb02fc0fa3580f08a363,2014-08,Essex Police,Essex Police,0.420621,51.578066,On or near Tattenham Road,E01021273,Basildon 014A,Violence and sexual offences,Under investigation,
,2014-08,Essex Police,Essex Police,0.416938,51.570668,On or near Essex Close,E01021275,Basildon 014B,Anti-social behaviour,,
,2014-08,Essex Police,Essex Police,0.418139,51.573458,On or near New Century Road,E01021275,Basildon 014B,Anti-social behaviour,,
,2014-08,Essex Police,Essex Police,0.414335,51.571666,On or near Cumberland Drive,E01021275,Basildon 014B,Anti-social behaviour,,
44d83e3c4e8e122a4f69061daf904662f927af9c245a4c7b2e61a8ad0c10c242,2014-08,Essex Police,Essex Police,0.420710,51.572956,On or near Ferndale Close,E01021275,Basildon 014B,Burglary,Investigation complete; no suspect identified,
0ebb9e59ff207ef38065e243ffb80108edd097849ac91b3c52e71b8f8cc1bb61,2014-08,Essex Police,Essex Police,0.420159,51.572086,On or near Brimsdown Avenue,E01021275,Basildon 014B,Criminal damage and arson,Investigation complete; no suspect identified,
344c49486f447aaaf7c2d824f632e7671b8c5ef0fc7ef1809c06671ecc6d827b,2014-08,Essex Police,Essex Police,0.414376,51.574624,On or near Railway Approach,E01021275,Basildon 014B,Criminal damage and arson,Under investigation,
116ed827928c6360e4db9d65b62314b8adb8cf6aa9dfd07e1c52375d154c4480,2014-08,Essex Police,Essex Police,0.419716,51.569181,On or near Wrexham Road,E01021275,Basildon 014B,Drugs,Unable to prosecute suspect,
4339bb8bc07c1af837f6815d78e8d8210e95e56e2f3dace6c461261178bc96b8,2014-08,Essex Police,Essex Police,0.411580,51.574151,On or near Roosevelt Road,E01021275,Basildon 014B,Other theft,Investigation complete; no suspect identified,
26d7a3e2ff3c064def528092ba1259466cd3830f0efe1332213449f90863de24,2014-08,Essex Police,Essex Police,0.414335,51.571666,On or near Cumberland Drive,E01021275,Basildon 014B,Other theft,Under investigation,
9bdb7c3a11674121368400ae8981d93b7e323c829951c17683a05a31069425c9,2014-08,Essex Police,Essex Police,0.420942,51.571332,On or near Aston Road,E01021275,Basildon 014B,Vehicle crime,Investigation complete; no suspect identified,
1cc52811106f2e3ffff333d8ad3ef097913c8e259926d446145986b200506698,2014-08,Essex Police,Essex Police,0.414376,51.574624,On or near Railway Approach,E01021275,Basildon 014B,Violence and sexual offences,Unable to prosecute suspect,
4fbe978e9abcbf0d2a29ba1a9c9693819379556ed6238a3311f1a96bbf3fa3ee,2014-08,Essex Police,Essex Police,0.414376,51.574624,On or near Railway Approach,E01021275,Basildon 014B,Violence and sexual offences,Under investigation,
,2014-08,Essex Police,Essex Police,0.411766,51.570847,On or near Sparkbridge,E01021276,Basildon 014C,Anti-social behaviour,,
,2014-08,Essex Police,Essex Police,0.412996,51.570642,On or near Easton End,E01021276,Basildon 014C,Anti-social behaviour,,
,2014-08,Essex Police,Essex Police,0.410137,51.573596,On or near Truman Close,E01021276,Basildon 014C,Anti-social behaviour,,
fcf36856835c70f7b13afe5aee81e4fb2a498cf8ca82a1f410d2a7dd0da0e332,2014-08,Essex Police,Essex Police,0.410502,51.570963,On or near Marden Ash,E01021276,Basildon 014C,Violence and sexual offences,Under investigation,
0a95d843b7d31b8a5d9b17196ea80d9bb93715d4339b1867f6f18659497c6cb4,2014-08,Essex Police,Essex Police,0.407969,51.574081,On or near Woodstock,E01021276,Basildon 014C,Violence and sexual offences,Under investigation,
a1dbae93b9f7b6db0540e51c89e3b36d636b3ec03b0cf77007dbd11c5cea0710,2014-08,Essex Police,Essex Police,0.409500,51.571649,On or near Coopersales,E01021276,Basildon 014C,Violence and sexual offences,Under investigation,
,2014-08,Essex Police,Essex Police,0.402709,51.576159,On or near Hornsby Way,E01021277,Basildon 014D,Anti-social behaviour,,
,2014-08,Essex Police,Essex Police,0.401902,51.576445,On or near Hornsby Square,E01021277,Basildon 014D,Anti-social behaviour,,
,2014-08,Essex Police,Essex Police,0.402709,51.576159,On or near Hornsby Way,E01021277,Basildon 014D,Anti-social behaviour,,
,2014-08,Essex Police,Essex Police,0.398987,51.577836,On or near Christy Close,E01021277,Basildon 014D,Anti-social behaviour,,
11aaefb3f2f25b3eee818b13d4f4ad55de25046aec0ca48776ba2f73cab91e48,2014-08,Essex Police,Essex Police,0.403347,51.577854,On or near Seax Court,E01021277,Basildon 014D,Burglary,Investigation complete; no suspect identified,
88935874a51247b431286b89814e8290d8ad626e09dcf462ad75795e4d026a06,2014-08,Essex Police,Essex Police,0.401902,51.576445,On or near Hornsby Square,E01021277,Basildon 014D,Drugs,Under investigation,
2511cd722d7836dff5f50edd94055e58da5d7c0ab96624a18fbbc133257b57ef,2014-08,Essex Police,Essex Police,0.391549,51.583509,On or near B148,E01021277,Basildon 014D,Other theft,Investigation complete; no suspect identified,
0dedddd8b23b8cee7fe6891d5698f35412c5bb4f7eee5c02aaab35fd4c1539f7,2014-08,Essex Police,Essex Police,0.391549,51.583509,On or near B148,E01021277,Basildon 014D,Public order,Investigation complete; no suspect identified,
0e63dbd0f35c7b8f48ad4ee3d4470f702fa9fac8e85555bd7fcf60572ce001ee,2014-08,Essex Police,Essex Police,0.391549,51.583509,On or near B148,E01021277,Basildon 014D,Public order,Investigation complete; no suspect identified,
354454a8b23281dd8e44c847e16e0e726e863c6ccfafcf26b8a6775fa561c611,2014-08,Essex Police,Essex Police,0.405073,51.571182,On or near Rowenhall,E01021277,Basildon 014D,Violence and sexual offences,Under investigation,
51539f65c73dec7f18bf211e477299be5b31714d249323b3d293d5cc3b023bc2,2014-08,Essex Police,Essex Police,0.390290,51.574659,On or near Lower Dunton Road,E01021277,Basildon 014D,Violence and sexual offences,Under investigation,
,2014-08,Essex Police,Essex Police,0.412714,51.579470,On or near Wayletts,E01021278,Basildon 014E,Anti-social behaviour,,
,2014-08,Essex Police,Essex Police,0.412754,51.578327,On or near Merrylands,E01021278,Basildon 014E,Anti-social behaviour,,
,2014-08,Essex Police,Essex Police,0.418637,51.579851,On or near King Edward Road,E01021278,Basildon 014E,Anti-social behaviour,,
,2014-08,Essex Police,Essex Police,0.416702,51.580098,On or near Home Mead,E01021278,Basildon 014E,Anti-social behaviour,,
,2014-08,Essex Police,Essex Police,0.415069,51.581705,On or near Bourne Avenue,E01021278,Basildon 014E,Anti-social behaviour,,
9d9832dd08af4b8f264c4d556df85dfd121e2eb771420a99a084c2463a753652,2014-08,Essex Police,Essex Police,0.418237,51.579383,On or near King Edward Mead,E01021278,Basildon 014E,Criminal damage and arson,Investigation complete; no suspect identified,
953c67fe62611cd1eb372a36e09ee0e9899c903039d38f7796e87b07e3f2fdaf,2014-08,Essex Police,Essex Police,0.412754,51.578327,On or near Merrylands,E01021278,Basildon 014E,Other theft,Investigation complete; no suspect identified,
74f8a11a04f0375820a9353a00232684fae251dc9a8b8c41ef2fc57270ed2aaa,2014-08,Essex Police,Essex Police,0.413923,51.578860,On or near Wimbourne,E01021278,Basildon 014E,Violence and sexual offences,Under investigation,
bf8212865e978aa37d7b946b11e2c9f0ea301cfa1636dd27f07954644af951e2,2014-08,Essex Police,Essex Police,0.413821,51.581021,On or near Bourne Close,E01021278,Basildon 014E,Violence and sexual offences,Under investigation,
5e7b80462d9c2bef9f24c5c9b39586ce40f2e1471de7f6fb2a16276835a1ce74,2014-08,Essex Police,Essex Police,0.418237,51.579383,On or near King Edward Mead,E01021278,Basildon 014E,Violence and sexual offences,Under investigation,
3f938b03cb3ce7db595050b00281fc2c81051ed21aedce8020ba3c13fed12e26,2014-08,Essex Police,Essex Police,0.416702,51.580098,On or near Home Mead,E01021278,Basildon 014E,Violence and sexual offences,Under investigation,
,2014-08,Essex Police,Essex Police,0.463834,51.577499,On or near Waldringfield,E01021266,Basildon 015A,Anti-social behaviour,,
,2014-08,Essex Police,Essex Police,0.469663,51.575056,On or near Gippeswyck,E01021266,Basildon 015A,Anti-social behaviour,,
,2014-08,Essex Police,Essex Police,0.466439,51.574162,On or near Longacre,E01021266,Basildon 015A,Anti-social behaviour,,
,2014-08,Essex Police,Essex Police,0.469816,51.574432,On or near Methersgate,E01021266,Basildon 015A,Anti-social behaviour,,
,2014-08,Essex Police,Essex Police,0.464005,51.575589,On or near Honeypot Lane,E01021266,Basildon 015A,Anti-social behaviour,,
,2014-08,Essex Police,Essex Police,0.464005,51.575589,On or near Honeypot Lane,E01021266,Basildon 015A,Anti-social behaviour,,
,2014-08,Essex Police,Essex Police,0.463834,51.577499,On or near Waldringfield,E01021266,Basildon 015A,Anti-social behaviour,,
,2014-08,Essex Police,Essex Police,0.469816,51.574432,On or near Methersgate,E01021266,Basildon 015A,Anti-social behaviour,,
,2014-08,Essex Police,Essex Police,0.467833,51.573791,On or near Short Acre,E01021266,Basildon 015A,Anti-social behaviour,,
,2014-08,Essex Police,Essex Police,0.465717,51.577082,On or near Tangham Walk,E01021266,Basildon 015A,Anti-social behaviour,,
,2014-08,Essex Police,Essex Police,0.463834,51.577499,On or near Waldringfield,E01021266,Basildon 015A,Anti-social behaviour,,
4efbfb6b66116ae4934b84e25693c4c945b292b5662485dab312820336a99263,2014-08,Essex Police,Essex Police,0.464005,51.575589,On or near Honeypot Lane,E01021266,Basildon 015A,Burglary,Investigation complete; no suspect identified,
f0a51fab9d37703ad6a6cb4e6d056062588d7c73d4976c1ff96c8b58ec6b0a13,2014-08,Essex Police,Essex Police,0.469663,51.575056,On or near Gippeswyck,E01021266,Basildon 015A,Burglary,Under investigation,
1e7b5ef5d1ed44ac0e8da26cb424e110de594ed0e38a5591fc390d9a65f25332,2014-08,Essex Police,Essex Police,0.466069,51.575590,On or near Horsley Cross,E01021266,Basildon 015A,Criminal damage and arson,Investigation complete; no suspect identified,
ef7d85a606dc2fc04780140e584292246965d8a31c752ddbf97ecdd829ae1947,2014-08,Essex Police,Essex Police,0.463137,51.578485,On or near Perry Green,E01021266,Basildon 015A,Drugs,Under investigation,
319d3f92f9f3c6ae05fc02c83671cbb837475a7c508c7a8991a9e6efb9cbd827,2014-08,Essex Police,Essex Police,0.469816,51.574432,On or near Methersgate,E01021266,Basildon 015A,Violence and sexual offences,Unable to prosecute suspect,
ec383d76463957b49cdb38b7eaeefa363a7d8447a35ebcd795473d7daed3bed3,2014-08,Essex Police,Essex Police,0.463834,51.577499,On or near Waldringfield,E01021266,Basildon 015A,Violence and sexual offences,Unable to prosecute suspect,
5a3c7163238b63e92b96701cdd21c84dc6e80c53f2b1da3db92ed4341bddc9ac,2014-08,Essex Police,Essex Police,0.464005,51.575589,On or near Honeypot Lane,E01021266,Basildon 015A,Violence and sexual offences,Unable to prosecute suspect,
,2014-08,Essex Police,Essex Police,0.470463,51.581298,On or near Cormorant Close,E01021268,Basildon 015B,Anti-social behaviour,,
,2014-08,Essex Police,Essex Police,0.462457,51.585127,On or near Nightclub,E01021268,Basildon 015B,Anti-social behaviour,,
,2014-08,Essex Police,Essex Police,0.458313,51.582444,On or near Theatre/Concert Hall,E01021268,Basildon 015B,Anti-social behaviour,,
,2014-08,Essex Police,Essex Police,0.463838,51.585035,On or near Parking Area,E01021268,Basildon 015B,Anti-social behaviour,,
,2014-08,Essex Police,Essex Police,0.465356,51.583483,On or near Carnival Close,E01021268,Basildon 015B,Anti-social behaviour,,
,2014-08,Essex Police,Essex Police,0.462457,51.585127,On or near Nightclub,E01021268,Basildon 015B,Anti-social behaviour,,
,2014-08,Essex Police,Essex Police,0.462457,51.585127,On or near Nightclub,E01021268,Basildon 015B,Anti-social behaviour,,
,2014-08,Essex Police,Essex Police,0.462457,51.585127,On or near Nightclub,E01021268,Basildon 015B,Anti-social behaviour,,
,2014-08,Essex Police,Essex Police,0.462457,51.585127,On or near Nightclub,E01021268,Basildon 015B,Anti-social behaviour,,
,2014-08,Essex Police,Essex Police,0.466702,51.578752,On or near The Upway,E01021268,Basildon 015B,Anti-social behaviour,,
,2014-08,Essex Police,Essex Police,0.470782,51.577856,On or near The Turpins,E01021268,Basildon 015B,Anti-social behaviour,,
,2014-08,Essex Police,Essex Police,0.465356,51.583483,On or near Carnival Close,E01021268,Basildon 015B,Anti-social behaviour,,
,2014-08,Essex Police,Essex Police,0.462457,51.585127,On or near Nightclub,E01021268,Basildon 015B,Anti-social behaviour,,
,2014-08,Essex Police,Essex Police,0.463838,51.585035,On or near Parking Area,E01021268,Basildon 015B,Anti-social behaviour,,
,2014-08,Essex Police,Essex Police,0.463838,51.585035,On or near Parking Area,E01021268,Basildon 015B,Anti-social behaviour,,
,2014-08,Essex Police,Essex Police,0.465356,51.583483,On or near Carnival Close,E01021268,Basildon 015B,Anti-social behaviour,,
c53b05807b0a40b0fe36c2ecf2da203e01e2bca413e6e14ad3a064085dc5d54c,2014-08,Essex Police,Essex Police,0.465356,51.583483,On or near Carnival Close,E01021268,Basildon 015B,Bicycle theft,Under investigation,
7de8e61ef7870537dd1b39b9068d27631ae519bfd696498f3cc7321d7a203532,2014-08,Essex Police,Essex Police,0.463590,51.579932,On or near Ghyllgrove Close,E01021268,Basildon 015B,Burglary,Under investigation,
2dab16d2838e015bf292fe9068fc60becca29c0e6bdbb7b05459f88587db15f3,2014-08,Essex Police,Essex Police,0.465356,51.583483,On or near Carnival Close,E01021268,Basildon 015B,Criminal damage and arson,Under investigation,
7f2eff2547cd7afb366a9427261dbd104e6a63cb4ce767dc1fee3be4b351ef92,2014-08,Essex Police,Essex Police,0.468394,51.576944,On or near Falkenham End,E01021268,Basildon 015B,Criminal damage and arson,Unable to prosecute suspect,
746cf4600d28ec5f8395fe8fcfcd8531871d15a5fc221a36f5a453956131e190,2014-08,Essex Police,Essex Police,0.462457,51.585127,On or near Nightclub,E01021268,Basildon 015B,Criminal damage and arson,Under investigation,
bece512a09a52c9339b4f5759df7dbf9c4434dc9456e85dbecf30ee9b25b43ac,2014-08,Essex Police,Essex Police,0.462457,51.585127,On or near Nightclub,E01021268,Basildon 015B,Criminal damage and arson,Under investigation,
82a17f8f09fb6c2b2b1b6beb6ef3e0f6e223fdd0367aa3bdef45fe5ee7dc9a8f,2014-08,Essex Police,Essex Police,0.466702,51.578752,On or near The Upway,E01021268,Basildon 015B,Criminal damage and arson,Investigation complete; no suspect identified,
4dfd3f65ba371a6b10fe6468f174078af08651a7526d4225f4bc0cdbac5f39ae,2014-08,Essex Police,Essex Police,0.470930,51.580326,On or near Moat Field,E01021268,Basildon 015B,Criminal damage and arson,Investigation complete; no suspect identified,
e0d94f6aba41c7cbd0046f349c59041f7b333c62a5e13a9547d76ca320e40728,2014-08,Essex Police,Essex Police,0.463838,51.585035,On or near Parking Area,E01021268,Basildon 015B,Criminal damage and arson,Investigation complete; no suspect identified,
784fc45bcb22195f349de0cf7002a79e5813935e30c8d1a0e95eb4ec766bec22,2014-08,Essex Police,Essex Police,0.463838,51.585035,On or near Parking Area,E01021268,Basildon 015B,Criminal damage and arson,Investigation complete; no suspect identified,
44db8d35bf79b81176eac3df6690343b615e0ed290c424a442e74d43a4b32430,2014-08,Essex Police,Essex Police,0.459544,51.585458,On or near Park/Open Space,E01021268,Basildon 015B,Other theft,Under investigation,
2f172f1cc26a388904b27f5af48a0bc27d1328fb28929a9dfc70aab4492f76cd,2014-08,Essex Police,Essex Police,0.447684,51.582352,On or near Sports/Recreation Area,E01021268,Basildon 015B,Other theft,Investigation complete; no suspect identified,
fa164a0f7c31ba103d86d77fff44ce78c1bdc974efa00b8429e31f5528f5cfc5,2014-08,Essex Police,Essex Police,0.447698,51.583691,On or near Sports/Recreation Area,E01021268,Basildon 015B,Other theft,Unable to prosecute suspect,
b7dcab594427761bcecf8bbb1572bf5262f27878c6ea4bc65ae17a2ec0823545,2014-08,Essex Police,Essex Police,0.473471,51.580866,On or near Sports/Recreation Area,E01021268,Basildon 015B,Other theft,Investigation complete; no suspect identified,
ad828c41914baa914511a94dacf46fdd679e9597f0d8fc5a5f622ee2414d4468,2014-08,Essex Police,Essex Police,0.459544,51.585458,On or near Park/Open Space,E01021268,Basildon 015B,Public order,Under investigation,
23f33dca35f7fe533211199aa1a871a0e11fe089ec704a6319ffcf52fbfe8413,2014-08,Essex Police,Essex Police,0.470930,51.580326,On or near Moat Field,E01021268,Basildon 015B,Robbery,Under investigation,
0e28f1b96ae865cb7b2115c97a1c21487b6034711936830a004a4dd3a1a56342,2014-08,Essex Police,Essex Police,0.462457,51.585127,On or near Nightclub,E01021268,Basildon 015B,Robbery,Investigation complete; no suspect identified,
3bda3fece2db068e0a8b70348d77c0a8de4b3c75e7fcd42d4de865f97941f1ec,2014-08,Essex Police,Essex Police,0.443114,51.583274,On or near Pipps Hill Retail Park,E01021268,Basildon 015B,Shoplifting,Under investigation,
c64c14f7482633717dce830fb30b5cafb10e8599432d227c527851a8697d3d00,2014-08,Essex Police,Essex Police,0.465356,51.583483,On or near Carnival Close,E01021268,Basildon 015B,Vehicle crime,Investigation complete; no suspect identified,
f26e202692e7bb733b0bbd1962ce81a9a4baa55ca90c7cfb389ca198517d006d,2014-08,Essex Police,Essex Police,0.465356,51.583483,On or near Carnival Close,E01021268,Basildon 015B,Vehicle crime,Unable to prosecute suspect,
b3f69a684d2f11074a11de4a3810be15db23734b690bd4cb493fe29263cb38ad,2014-08,Essex Police,Essex Police,0.465356,51.583483,On or near Carnival Close,E01021268,Basildon 015B,Vehicle crime,Investigation complete; no suspect identified,
0807fab3eaf6bf0f7cc9e0de60a628813a5fd18113196db6e5f79d22c76b4a19,2014-08,Essex Police,Essex Police,0.446162,51.581979,On or near Shopping Area,E01021268,Basildon 015B,Vehicle crime,Under investigation,
221c23748d09d0eeb2aa37604fe2a0b5b4c5352738151ae61d4cb2950a8b5bc7,2014-08,Essex Police,Essex Police,0.465356,51.583483,On or near Carnival Close,E01021268,Basildon 015B,Vehicle crime,Awaiting court outcome,
95e5d570fca4d5f77658fa4c1b11e5defbb142c188ab3ab64054e51551e4f958,2014-08,Essex Police,Essex Police,0.466702,51.578752,On or near The Upway,E01021268,Basildon 015B,Vehicle crime,Unable to prosecute suspect,
351428a441fe016ea1808dc319e430bfe7e9b901c768e7f72741fb5c117d7f94,2014-08,Essex Police,Essex Police,0.459544,51.585458,On or near Park/Open Space,E01021268,Basildon 015B,Violence and sexual offences,Under investigation,
73fc53836388c69449414543a7cb62bb7f52058e20664781eb9717daf5fab2cf,2014-08,Essex Police,Essex Police,0.465356,51.583483,On or near Carnival Close,E01021268,Basildon 015B,Violence and sexual offences,Under investigation,
8282d05e1cabf78de8f08c33c224b41a4f495254cd1c91327ecfa1f68347a476,2014-08,Essex Police,Essex Police,0.462457,51.585127,On or near Nightclub,E01021268,Basildon 015B,Violence and sexual offences,Unable to prosecute suspect,
91f87f29958709e45844320e4996c723db9d244ee27ec587cefa4987a5fa904f,2014-08,Essex Police,Essex Police,0.443720,51.579233,On or near Pedestrian Subway,E01021268,Basildon 015B,Violence and sexual offences,Under investigation,
c1d54d22e9b1bf3f6d1f9dd719ceeeb8bea1525d905e3625513bb6d50c82ca87,2014-08,Essex Police,Essex Police,0.467307,51.588577,On or near Endeavour Drive,E01021268,Basildon 015B,Violence and sexual offences,Under investigation,
2e28c20987380dab11d1ed8b8e74dabeb944f258adf0f89b0f0e245d6ff0719d,2014-08,Essex Police,Essex Police,0.462457,51.585127,On or near Nightclub,E01021268,Basildon 015B,Violence and sexual offences,Under investigation,
b0370f74bf2b879833fee39cc7dea09350b83bbf85724c0aab3d63ab19b1e0b8,2014-08,Essex Police,Essex Police,0.459544,51.585458,On or near Park/Open Space,E01021268,Basildon 015B,Violence and sexual offences,Unable to prosecute suspect,
20659f0f472e831296edc42073f92ad25a1151c2276af3a89da2a6bcda82bde2,2014-08,Essex Police,Essex Police,0.462457,51.585127,On or near Nightclub,E01021268,Basildon 015B,Violence and sexual offences,Under investigation,
f405fa97c6bacb39a17663218814fae00883d864eaf058f2a76e160c52c99249,2014-08,Essex Police,Essex Police,0.462457,51.585127,On or near Nightclub,E01021268,Basildon 015B,Violence and sexual offences,Investigation complete; no suspect identified,
5155c504f01fa2b8558870e1259eae5a053a7b5d95ee105a6bc8871ee7dc080b,2014-08,Essex Police,Essex Police,0.463838,51.585035,On or near Parking Area,E01021268,Basildon 015B,Violence and sexual offences,Under investigation,
b0805433c71a006e098ba9a911a025c929b1df3424e5b707e0b60f731a281587,2014-08,Essex Police,Essex Police,0.465356,51.583483,On or near Carnival Close,E01021268,Basildon 015B,Violence and sexual offences,Unable to prosecute suspect,
0bcf4f00efa83b1bf9fbc6f6fddfeb25d25189fc9f5d8e8eb91a897ba4f50ef2,2014-08,Essex Police,Essex Police,0.467307,51.588577,On or near Endeavour Drive,E01021268,Basildon 015B,Violence and sexual offences,Under investigation,
94781277d65513b07cb51a1f146dc88ed2723dc9d1a7ea71bf5362a2d13c27a0,2014-08,Essex Police,Essex Police,0.459544,51.585458,On or near Park/Open Space,E01021268,Basildon 015B,Violence and sexual offences,Under investigation,
a0798ce6bb138a0d0dcf0028da3faa81753b3287e8cdb59f9745b4e63f0a0bd9,2014-08,Essex Police,Essex Police,0.463590,51.579932,On or near Ghyllgrove Close,E01021268,Basildon 015B,Violence and sexual offences,Under investigation,
a880d3ff7f54e0d37387ca290815103dfde3401ee995dae5039b2ef133ddea84,2014-08,Essex Police,Essex Police,0.462457,51.585127,On or near Nightclub,E01021268,Basildon 015B,Violence and sexual offences,Unable to prosecute suspect,
c1609c17d71a9fb2d1c112ba5c6e0741e68dbd7f3b67e43c4af8f4fdd7658497,2014-08,Essex Police,Essex Police,0.462457,51.585127,On or near Nightclub,E01021268,Basildon 015B,Violence and sexual offences,Under investigation,
f5231acb48f5a54c9f6ea0eed071464b0fd5cc91f5a653ba3912d9039a89b716,2014-08,Essex Police,Essex Police,0.469094,51.578674,On or near Scarletts,E01021268,Basildon 015B,Violence and sexual offences,Under investigation,
,2014-08,Essex Police,Essex Police,0.455569,51.568490,On or near Further/Higher Educational Building,E01021318,Basildon 015C,Anti-social behaviour,,
,2014-08,Essex Police,Essex Police,0.467078,51.570236,On or near Nether Priors,E01021318,Basildon 015C,Anti-social behaviour,,
,2014-08,Essex Police,Essex Police,0.471839,51.572348,On or near Thistledown,E01021318,Basildon 015C,Anti-social behaviour,,
,2014-08,Essex Police,Essex Police,0.464214,51.570917,On or near Pedestrian Subway,E01021318,Basildon 015C,Anti-social behaviour,,
,2014-08,Essex Police,Essex Police,0.459410,51.568814,On or near Southernhay,E01021318,Basildon 015C,Anti-social behaviour,,
,2014-08,Essex Police,Essex Police,0.459410,51.568814,On or near Southernhay,E01021318,Basildon 015C,Anti-social behaviour,,
,2014-08,Essex Police,Essex Police,0.453841,51.570981,On or near Westgate,E01021318,Basildon 015C,Anti-social behaviour,,
,2014-08,Essex Police,Essex Police,0.459410,51.568814,On or near Southernhay,E01021318,Basildon 015C,Anti-social behaviour,,
,2014-08,Essex Police,Essex Police,0.455364,51.569789,On or near Shopping Area,E01021318,Basildon 015C,Anti-social behaviour,,
,2014-08,Essex Police,Essex Police,0.464214,51.570917,On or near Pedestrian Subway,E01021318,Basildon 015C,Anti-social behaviour,,
,2014-08,Essex Police,Essex Police,0.456693,51.573287,On or near Pomfret Mead,E01021318,Basildon 015C,Anti-social behaviour,,
,2014-08,Essex Police,Essex Police,0.453841,51.570981,On or near Westgate,E01021318,Basildon 015C,Anti-social behaviour,,
,2014-08,Essex Police,Essex Police,0.463490,51.569268,On or near Supermarket,E01021318,Basildon 015C,Anti-social behaviour,,
,2014-08,Essex Police,Essex Police,0.459707,51.571362,On or near North Gunnels,E01021318,Basildon 015C,Anti-social behaviour,,
,2014-08,Essex Police,Essex Police,0.471839,51.572348,On or near Thistledown,E01021318,Basildon 015C,Anti-social behaviour,,
,2014-08,Essex Police,Essex Police,0.459707,51.571362,On or near North Gunnels,E01021318,Basildon 015C,Anti-social behaviour,,
,2014-08,Essex Police,Essex Police,0.459410,51.568814,On or near Southernhay,E01021318,Basildon 015C,Anti-social behaviour,,
,2014-08,Essex Police,Essex Police,0.455364,51.569789,On or near Shopping Area,E01021318,Basildon 015C,Anti-social behaviour,,
,2014-08,Essex Police,Essex Police,0.461459,51.569868,On or near Shopping Area,E01021318,Basildon 015C,Anti-social behaviour,,
,2014-08,Essex Police,Essex Police,0.467078,51.570236,On or near Nether Priors,E01021318,Basildon 015C,Anti-social behaviour,,
,2014-08,Essex Police,Essex Police,0.456512,51.570458,On or near Shopping Area,E01021318,Basildon 015C,Anti-social behaviour,,
,2014-08,Essex Police,Essex Police,0.464723,51.570987,On or near Pedestrian Subway,E01021318,Basildon 015C,Anti-social behaviour,,
,2014-08,Essex Police,Essex Police,0.464723,51.570987,On or near Pedestrian Subway,E01021318,Basildon 015C,Anti-social behaviour,,
,2014-08,Essex Police,Essex Police,0.452426,51.568286,On or near Petrol Station,E01021318,Basildon 015C,Anti-social behaviour,,
,2014-08,Essex Police,Essex Police,0.459707,51.571362,On or near North Gunnels,E01021318,Basildon 015C,Anti-social behaviour,,
,2014-08,Essex Police,Essex Police,0.467078,51.570236,On or near Nether Priors,E01021318,Basildon 015C,Anti-social behaviour,,
,2014-08,Essex Police,Essex Police,0.456693,51.573287,On or near Pomfret Mead,E01021318,Basildon 015C,Anti-social behaviour,,
,2014-08,Essex Police,Essex Police,0.456512,51.570458,On or near Shopping Area,E01021318,Basildon 015C,Anti-social behaviour,,
,2014-08,Essex Police,Essex Police,0.455364,51.569789,On or near Shopping Area,E01021318,Basildon 015C,Anti-social behaviour,,
,2014-08,Essex Police,Essex Police,0.459707,51.571362,On or near North Gunnels,E01021318,Basildon 015C,Anti-social behaviour,,
,2014-08,Essex Police,Essex Police,0.467078,51.570236,On or near Nether Priors,E01021318,Basildon 015C,Anti-social behaviour,,
,2014-08,Essex Police,Essex Police,0.455569,51.568490,On or near Further/Higher Educational Building,E01021318,Basildon 015C,Anti-social behaviour,,
0c64244f4a6cf2c309c14a275ff97b3d034a1b5a6c9ff0c57733b84eb8a5147d,2014-08,Essex Police,Essex Police,0.455364,51.569789,On or near Shopping Area,E01021318,Basildon 015C,Bicycle theft,Investigation complete; no suspect identified,
3191c3aecb3c1ef6104a7d107828c0df8bce89a7786888d5d5e6358d7213c351,2014-08,Essex Police,Essex Police,0.459707,51.571362,On or near North Gunnels,E01021318,Basildon 015C,Bicycle theft,Investigation complete; no suspect identified,
84570264eecf441a89a62a8be71e57d50bc52f9f1684a90a9886a2fa61a9b921,2014-08,Essex Police,Essex Police,0.455364,51.569789,On or near Shopping Area,E01021318,Basildon 015C,Bicycle theft,Under investigation,
ee1b67355733cd45f7ed0c4c0ff75e94d7953033f7a2a4aea457f9bbd86cd4a4,2014-08,Essex Police,Essex Police,0.461459,51.569868,On or near Shopping Area,E01021318,Basildon 015C,Bicycle theft,Investigation complete; no suspect identified,
20d71ecc79eda4aecd1915b3afe5d6a5549bfbb49795cded7a117f13a0237991,2014-08,Essex Police,Essex Police,0.467078,51.570236,On or near Nether Priors,E01021318,Basildon 015C,Burglary,Investigation complete; no suspect identified,
8673e3380dffe6b9a687c8acdc0d025db4f2682867df736f037ef9b1141238f2,2014-08,Essex Police,Essex Police,0.460736,51.568517,On or near Clay Hill Road,E01021318,Basildon 015C,Burglary,Investigation complete; no suspect identified,
f4f0ee723e13ffa642f3007a5d64c6d12905284a147f31f58279c17c5633bef3,2014-08,Essex Police,Essex Police,0.461461,51.573385,On or near Braybrooke,E01021318,Basildon 015C,Burglary,Investigation complete; no suspect identified,
a310f49e6f028f3f50b2184edb180b76956c40c4be71c76e07070f4b29b2cb13,2014-08,Essex Police,Essex Police,0.456512,51.570458,On or near Shopping Area,E01021318,Basildon 015C,Burglary,Under investigation,
fcb5f63e68606b919966cb0dfc18f9c05e7b4ec7bd1cfceb9421ecbd28a9f285,2014-08,Essex Police,Essex Police,0.471839,51.572348,On or near Thistledown,E01021318,Basildon 015C,Burglary,Investigation complete; no suspect identified,
f2cb221ecb22fa2617c1638de4f331701b5004cef26c84e345981209e32cd482,2014-08,Essex Police,Essex Police,0.471839,51.572348,On or near Thistledown,E01021318,Basildon 015C,Burglary,Under investigation,
e243775f002f8838bdf67887f37620dbecc851e0197004105610bb7e8ba41452,2014-08,Essex Police,Essex Police,0.458240,51.569324,On or near Supermarket,E01021318,Basildon 015C,Burglary,Under investigation,
652396c4b87a28b4c400ffc91cdc97447b016b530e02abc5269631736c41693f,2014-08,Essex Police,Essex Police,0.468590,51.572578,On or near Priors Close,E01021318,Basildon 015C,Burglary,Investigation complete; no suspect identified,
d4e327bdfffa851c6e2c011db0ed009cc8e4fde6690578fe728edf7c56b7dcda,2014-08,Essex Police,Essex Police,0.468590,51.572578,On or near Priors Close,E01021318,Basildon 015C,Criminal damage and arson,Investigation complete; no suspect identified,
603e78535056b191936fa68741de0e84bcad433a80edb6ed03bfc5c791e6e3f6,2014-08,Essex Police,Essex Police,0.471839,51.572348,On or near Thistledown,E01021318,Basildon 015C,Criminal damage and arson,Investigation complete; no suspect identified,
7f1645168748838414c165c9e3d5475d290f4c431226f073f7f94c0de6b9b14d,2014-08,Essex Police,Essex Police,0.463490,51.569268,On or near Supermarket,E01021318,Basildon 015C,Criminal damage and arson,Awaiting court outcome,
bb7c927ba5fa7a66e13173753d72b25aa93dadc1de1ce7ee624a41b3f839fe72,2014-08,Essex Police,Essex Police,0.456169,51.571868,On or near Pedestrian Subway,E01021318,Basildon 015C,Drugs,Under investigation,
43583ef4008de495db28812b02d5b6bab849310899297294a3f12865358aa0dd,2014-08,Essex Police,Essex Police,0.467078,51.570236,On or near Nether Priors,E01021318,Basildon 015C,Drugs,Awaiting court outcome,
c685b37e5a1abe91228eb6d420ba08def99fe6509aaeb2a08883fb3459ad9a01,2014-08,Essex Police,Essex Police,0.457893,51.569044,On or near Market Square,E01021318,Basildon 015C,Drugs,Offender given a caution,
b55b4d8e09a1256ab1a032c336d35503045ef9ccc7101175b48b1511436fd796,2014-08,Essex Police,Essex Police,0.464723,51.570987,On or near Pedestrian Subway,E01021318,Basildon 015C,Other theft,Under investigation,
377963fb6946c5f6fe1b66d404e0b88d8b35167cbc7258393de0990b367280c5,2014-08,Essex Police,Essex Police,0.456169,51.571868,On or near Pedestrian Subway,E01021318,Basildon 015C,Other theft,Under investigation,
86e7560ba5e124284ad8f95e0e4556767e9964dca298c9a33a558dd9da581492,2014-08,Essex Police,Essex Police,0.453841,51.570981,On or near Westgate,E01021318,Basildon 015C,Other theft,Under investigation,
912481a6109697527fee465b2724fbc361db7a0bc1a5f237e181cdff55b6d681,2014-08,Essex Police,Essex Police,0.455364,51.569789,On or near Shopping Area,E01021318,Basildon 015C,Other theft,Investigation complete; no suspect identified,
2ed38ebb85ec31cbec83d4a842b631c2c26fa26e551d1321d6b98ec29ae37a8a,2014-08,Essex Police,Essex Police,0.463490,51.569268,On or near Supermarket,E01021318,Basildon 015C,Other theft,Under investigation,
d73d59315d7f64cce2fe69c5d8c3b726a285dfe015bfaad227d1e1b61f21c4ec,2014-08,Essex Police,Essex Police,0.458240,51.569324,On or near Supermarket,E01021318,Basildon 015C,Other theft,Under investigation,
0aa8b0017ab6a7ff771fe3aa7bd8c8fba0a2c2aa9d227d1bc545949a2eb56dd4,2014-08,Essex Police,Essex Police,0.463490,51.569268,On or near Supermarket,E01021318,Basildon 015C,Other theft,Investigation complete; no suspect identified,
e851b8a847b34142dd6265ff8ec9b4da9ec093bbfdd262c4a988cbc951f6d6e2,2014-08,Essex Police,Essex Police,0.459341,51.574742,On or near Supermarket,E01021318,Basildon 015C,Other theft,Under investigation,
5000714cd17100078bdc56f8ca8c1efe9f930627e4c1526d96d529cb12b553e6,2014-08,Essex Police,Essex Police,0.463490,51.569268,On or near Supermarket,E01021318,Basildon 015C,Other theft,Investigation complete; no suspect identified,
6562a0b119ddcd17e0893bb06984010b69d77c5d71e790d206d25988455c74e1,2014-08,Essex Police,Essex Police,0.460762,51.569263,On or near Supermarket,E01021318,Basildon 015C,Other theft,Under investigation,
29dadb00642936e12c6275bcee0c599efdb679f5a0589a7b5c239434684617c9,2014-08,Essex Police,Essex Police,0.457893,51.569044,On or near Market Square,E01021318,Basildon 015C,Other theft,Investigation complete; no suspect identified,
e24a456e4041841e7680c881e22898657bc286ca0221ef45437011ec404b0d0b,2014-08,Essex Police,Essex Police,0.459341,51.574742,On or near Supermarket,E01021318,Basildon 015C,Other theft,Under investigation,
37ddb2f943806885f304de0206a1ac11d3834ba6616fdfacd367aab8d18f7035,2014-08,Essex Police,Essex Police,0.459707,51.571362,On or near North Gunnels,E01021318,Basildon 015C,Other theft,Under investigation,
302b8ab7c33f7c1467d8fabf23c01c85ba4f1156b10cc0fd812125db27abfff5,2014-08,Essex Police,Essex Police,0.468590,51.572578,On or near Priors Close,E01021318,Basildon 015C,Other theft,Investigation complete; no suspect identified,
82fbf78229405b3a7fec7c0ffed55a6493f9ac65d2bb377b492bf7145f604548,2014-08,Essex Police,Essex Police,0.459410,51.568814,On or near Southernhay,E01021318,Basildon 015C,Other theft,Under investigation,
8d3f216adabded59582fece5ceb73a8546a06107b709d1b5b841acc013d16b5c,2014-08,Essex Police,Essex Police,0.460762,51.569263,On or near Supermarket,E01021318,Basildon 015C,Other theft,Investigation complete; no suspect identified,
4c43b5514f90218999ba305933f93d19a608a31f24b150c82f7c4891114b90a4,2014-08,Essex Police,Essex Police,0.463490,51.569268,On or near Supermarket,E01021318,Basildon 015C,Other theft,Under investigation,
e40ef44999d61154bb8a34918d30d62a433e186632267fe922044d61ffacaefa,2014-08,Essex Police,Essex Police,0.463490,51.569268,On or near Supermarket,E01021318,Basildon 015C,Public order,Under investigation,
24e286f0a04556b4cb6f72b2c00f1658b70a43cb1a047530b21bbb3d95110f4b,2014-08,Essex Police,Essex Police,0.459707,51.571362,On or near North Gunnels,E01021318,Basildon 015C,Public order,Awaiting court outcome,
4d80321e7bac0e68e140043b30d6249a4bc4be57cd231b20615c914f9a72533a,2014-08,Essex Police,Essex Police,0.464214,51.570917,On or near Pedestrian Subway,E01021318,Basildon 015C,Public order,Under investigation,
38a607e9d09e3fe819aed56234fe3ab7d38edeac821f2de857a2054e3bd5ef12,2014-08,Essex Police,Essex Police,0.461228,51.569334,On or near Pedestrian Subway,E01021318,Basildon 015C,Public order,Under investigation,
197b59a97a4ab9cc64c994fdc6a9b8310e3c38d56f8a6bf71e71dd2aecfb7a22,2014-08,Essex Police,Essex Police,0.458240,51.569324,On or near Supermarket,E01021318,Basildon 015C,Robbery,Under investigation,
6a83424c30ec8493c5622c995a2c9a43a6239db6d8dd076b774f656f9d65984f,2014-08,Essex Police,Essex Police,0.453841,51.570981,On or near Westgate,E01021318,Basildon 015C,Robbery,Unable to prosecute suspect,
3f9e15e12644a81fcce8e815b3429daf8c29ed811ff436b3d1ec1d300ae375c4,2014-08,Essex Police,Essex Police,0.460762,51.569263,On or near Supermarket,E01021318,Basildon 015C,Shoplifting,Investigation complete; no suspect identified,
3da6b28f2dc98c27071ca16472eb4d5216d1930457ccb5a539b4b3f577864786,2014-08,Essex Police,Essex Police,0.455364,51.569789,On or near Shopping Area,E01021318,Basildon 015C,Shoplifting,Investigation complete; no suspect identified,
addbb8dde4178e9af6bc64bc34bf882ba54003682dc67c3065b832f5efa50591,2014-08,Essex Police,Essex Police,0.456959,51.570727,On or near Shopping Area,E01021318,Basildon 015C,Shoplifting,Under investigation,
4ad7dbefcf6d8d37a3ca0904eb643051371b63c4106438ef37886883910484e9,2014-08,Essex Police,Essex Police,0.460775,51.569775,On or near Parking Area,E01021318,Basildon 015C,Shoplifting,Awaiting court outcome,
96361a40653924da68d21cd2646dc4a151a780240bc4f05a3807caa35505ed0a,2014-08,Essex Police,Essex Police,0.458240,51.569324,On or near Supermarket,E01021318,Basildon 015C,Shoplifting,Local resolution,
dcff68262b29663bc088bceb61bb5444aff8eaccfa50c3fc407f33dc4928b686,2014-08,Essex Police,Essex Police,0.462713,51.570912,On or near Parking Area,E01021318,Basildon 015C,Shoplifting,Awaiting court outcome,
110f98ffc7f00fa227c49c5dbb561e779d4901a9c35fd4714946d0be9aec039f,2014-08,Essex Police,Essex Police,0.458240,51.569324,On or near Supermarket,E01021318,Basildon 015C,Shoplifting,Under investigation,
1ffa87092debe8bac3d435d7f88d7af2114b14e7dc9396f9e0590d54b9edfc9c,2014-08,Essex Police,Essex Police,0.456959,51.570727,On or near Shopping Area,E01021318,Basildon 015C,Shoplifting,Under investigation,
8882745cf68d2838a9c35df9c49fd8e9745ffca1a9e4379f21251623886bea6a,2014-08,Essex Police,Essex Police,0.456512,51.570458,On or near Shopping Area,E01021318,Basildon 015C,Shoplifting,Awaiting court outcome,
84784538456322e823644c63283fde2dc99f52805ec5c40a4baeb8279620983c,2014-08,Essex Police,Essex Police,0.458240,51.569324,On or near Supermarket,E01021318,Basildon 015C,Shoplifting,Awaiting court outcome,
7c4e5e90ed4f27be39f8667234dea6f3c51af627e9e3c863ca7390e8f05e0e43,2014-08,Essex Police,Essex Police,0.461228,51.569334,On or near Pedestrian Subway,E01021318,Basildon 015C,Shoplifting,Local resolution,
ee0a82d1704f0d64949199f2b0f7aea973cc5692b95aa624f8c386eea7733bf9,2014-08,Essex Police,Essex Police,0.463490,51.569268,On or near Supermarket,E01021318,Basildon 015C,Shoplifting,Awaiting court outcome,
d5cd4cea659f95a714ac63aee17d2d2dbc8f1053c63678e1de0076347eed1f9b,2014-08,Essex Police,Essex Police,0.456959,51.570727,On or near Shopping Area,E01021318,Basildon 015C,Shoplifting,Awaiting court outcome,
d947a3be1b3240c4a0e18698159fd3e8246d93e35256ddcab1cbde60db619811,2014-08,Essex Police,Essex Police,0.458240,51.569324,On or near Supermarket,E01021318,Basildon 015C,Shoplifting,Under investigation,
759bfd8e53214b009ea297433d2f7fd50bb9c27c66d22432e3b8fda8e46b0878,2014-08,Essex Police,Essex Police,0.455569,51.568490,On or near Further/Higher Educational Building,E01021318,Basildon 015C,Shoplifting,Under investigation,
d9cdba1302650fae4950eed4a9ece61192f1c80b4ff3e16192cbf807c08bcc6b,2014-08,Essex Police,Essex Police,0.456959,51.570727,On or near Shopping Area,E01021318,Basildon 015C,Shoplifting,Under investigation,
d06c3355e5ee879d269a29408be2cd4e38446874d9528bb6465955cbf28e4f13,2014-08,Essex Police,Essex Police,0.461228,51.569334,On or near Pedestrian Subway,E01021318,Basildon 015C,Shoplifting,Offender given penalty notice,
f55694ec31b8f35e23ed0fb93442869364ebdad915c24ca85c097891c431c81b,2014-08,Essex Police,Essex Police,0.463490,51.569268,On or near Supermarket,E01021318,Basildon 015C,Shoplifting,Under investigation,
0374305956fd193491c3d490fab5e6cd187d64bbe55e257fa9a806d590ea9614,2014-08,Essex Police,Essex Police,0.459341,51.574742,On or near Supermarket,E01021318,Basildon 015C,Shoplifting,Awaiting court outcome,
02d25693ec6b7a9491d76bdc7eba91640a03162e22fc7a06b2c7b4c7027497ac,2014-08,Essex Police,Essex Police,0.463490,51.569268,On or near Supermarket,E01021318,Basildon 015C,Shoplifting,Offender given a caution,
db2a3a83d64cb7c69d29b26656a67eb10d370d7cc9a1c04596a1e721cf0004f6,2014-08,Essex Police,Essex Police,0.456959,51.570727,On or near Shopping Area,E01021318,Basildon 015C,Shoplifting,Awaiting court outcome,
92ecad0beb3e77d5f6184974047d5de37b8c6ba03064e82c16fe3037af1ec064,2014-08,Essex Police,Essex Police,0.458240,51.569324,On or near Supermarket,E01021318,Basildon 015C,Shoplifting,Local resolution,
187f46e23a47b95a2dc47c8008ba3bd2caa5437051eea76c1c2059bf95faf863,2014-08,Essex Police,Essex Police,0.458240,51.569324,On or near Supermarket,E01021318,Basildon 015C,Shoplifting,Awaiting court outcome,
4fda4eeecf391c48f04a31ad11459657f4b2dcdcfb7fe7bd51d9671d1fd5aa17,2014-08,Essex Police,Essex Police,0.463490,51.569268,On or near Supermarket,E01021318,Basildon 015C,Shoplifting,Awaiting court outcome,
be39925b53c6c85319ad0fdc6a9825d57301caf1d66a189faad17f4f9756688e,2014-08,Essex Police,Essex Police,0.458240,51.569324,On or near Supermarket,E01021318,Basildon 015C,Shoplifting,Local resolution,
3b0f1ffcde66dfa33c8d28db0ba3921e4edb76aca638177bcc3aec4a0c42686b,2014-08,Essex Police,Essex Police,0.461228,51.569334,On or near Pedestrian Subway,E01021318,Basildon 015C,Shoplifting,Under investigation,
4145941e5a23111ccb98008caa5bb1f9cefca68693909a3d67c9b0e582ae147a,2014-08,Essex Police,Essex Police,0.452426,51.568286,On or near Petrol Station,E01021318,Basildon 015C,Shoplifting,Awaiting court outcome,
438b34752125813c278e166d7da77b4ae4184d6c4cc86e08b18f2d81f282ca0a,2014-08,Essex Police,Essex Police,0.463490,51.569268,On or near Supermarket,E01021318,Basildon 015C,Shoplifting,Offender given penalty notice,
61f3379f0d2f60855ecab321aeefa36a873e5bc4baf6bffe07afd505c3b7c193,2014-08,Essex Police,Essex Police,0.463490,51.569268,On or near Supermarket,E01021318,Basildon 015C,Shoplifting,Offender given penalty notice,
9f2fa04d47f3945895fa4bdb2f8dc602c13001f21402627d65f6f72b5b1d0c1a,2014-08,Essex Police,Essex Police,0.460775,51.569775,On or near Parking Area,E01021318,Basildon 015C,Shoplifting,Awaiting court outcome,
6797782c397b574dc9257232944f296ca1b4bbd613da43130fe459369f1b6bb2,2014-08,Essex Police,Essex Police,0.459707,51.571362,On or near North Gunnels,E01021318,Basildon 015C,Shoplifting,Local resolution,
65f88de65f69ed9016990d1ee083d98ac4d90ffa8b76520530eaf814acb0cdef,2014-08,Essex Police,Essex Police,0.456959,51.570727,On or near Shopping Area,E01021318,Basildon 015C,Shoplifting,Awaiting court outcome,
a4dfdb54231669a710aca018264344a04b70403fba8c03e66eeb8b42b8466761,2014-08,Essex Police,Essex Police,0.461228,51.569334,On or near Pedestrian Subway,E01021318,Basildon 015C,Shoplifting,Awaiting court outcome,
5ddee174939ef73c942cd1c94b0cbab4f402a70e8eb4a15ee379c16388d84595,2014-08,Essex Police,Essex Police,0.460775,51.569775,On or near Parking Area,E01021318,Basildon 015C,Shoplifting,Offender given suspended prison sentence,
3e378ea62018e7863671395e1602038c63383506ede24cb56528691941499d7f,2014-08,Essex Police,Essex Police,0.463490,51.569268,On or near Supermarket,E01021318,Basildon 015C,Shoplifting,Offender fined,
76c478bc7328564d74151899ec8cea26e819cdac55accacdd47f5c6b5629e72f,2014-08,Essex Police,Essex Police,0.455364,51.569789,On or near Shopping Area,E01021318,Basildon 015C,Shoplifting,Offender sent to prison,
1b457b69cc1d828f53ed94b14ab55e82c7e4b8fa6aa5eb5bc00a0da482c429e2,2014-08,Essex Police,Essex Police,0.456959,51.570727,On or near Shopping Area,E01021318,Basildon 015C,Shoplifting,Investigation complete; no suspect identified,
a3dc7a9f8b0702b56594fd72db94d0ae973194b004d153ace569ab88281226d4,2014-08,Essex Police,Essex Police,0.455364,51.569789,On or near Shopping Area,E01021318,Basildon 015C,Shoplifting,Under investigation,
a3c040155f5a450a7880ef85572cc1e6e00ee65f0fb66037810f22f686c82e24,2014-08,Essex Police,Essex Police,0.463270,51.572142,On or near Parking Area,E01021318,Basildon 015C,Shoplifting,Under investigation,
eeabce034fa5a8993971751298dda20fca023d2dc3c73a0c35fc1f024fb68c69,2014-08,Essex Police,Essex Police,0.463490,51.569268,On or near Supermarket,E01021318,Basildon 015C,Shoplifting,Under investigation,
f02ec8e106dd8d2d35dc51eae25f57be713c4281dc00190e628711d9e04ca072,2014-08,Essex Police,Essex Police,0.455364,51.569789,On or near Shopping Area,E01021318,Basildon 015C,Shoplifting,Awaiting court outcome,
d0360f0f2b5911b897f69252f608189d73380b042c400ed8d9defe1864616654,2014-08,Essex Police,Essex Police,0.459707,51.571362,On or near North Gunnels,E01021318,Basildon 015C,Theft from the person,Investigation complete; no suspect identified,
d17f848dfc4fa1fde1f911580166b0f6a1273f785ae4179d0730f1c14d62f456,2014-08,Essex Police,Essex Police,0.463490,51.569268,On or near Supermarket,E01021318,Basildon 015C,Theft from the person,Under investigation,
bf2265ce725b5591f7d7c04d035d4bf733d73aeb6f99a8d1e30a5670a390fb7d,2014-08,Essex Police,Essex Police,0.457893,51.569044,On or near Market Square,E01021318,Basildon 015C,Theft from the person,Investigation complete; no suspect identified,
55eac85f7ba6db49db7f30ae9c22a9c3a821ea400f7f44e0b12a365863fbb4e4,2014-08,Essex Police,Essex Police,0.457893,51.569044,On or near Market Square,E01021318,Basildon 015C,Theft from the person,Investigation complete; no suspect identified,
6f1ba9d4975804e5da05ddf097cdf280f3d8536d97231632d451083020e3657d,2014-08,Essex Police,Essex Police,0.459707,51.571362,On or near North Gunnels,E01021318,Basildon 015C,Theft from the person,Investigation complete; no suspect identified,
08461cc591270f9e1621314bfbda57bc0243a980823d846b6f44665e80f80832,2014-08,Essex Police,Essex Police,0.456959,51.570727,On or near Shopping Area,E01021318,Basildon 015C,Vehicle crime,Under investigation,
e8fd763e158bfa5494c10fa0b226e7d12f329f61ce064739f3a2a171707e7f76,2014-08,Essex Police,Essex Police,0.455569,51.568490,On or near Further/Higher Educational Building,E01021318,Basildon 015C,Vehicle crime,Investigation complete; no suspect identified,
bba67491ed3ac88ce1b92bff01793626a9865cbe96355e507cfa9f75e86f528c,2014-08,Essex Police,Essex Police,0.462713,51.570912,On or near Parking Area,E01021318,Basildon 015C,Vehicle crime,Under investigation,
46af060b642a6b9461b63e24f86b4a1d65cde8d2f0cdbb4d2b87f7f9edcf4243,2014-08,Essex Police,Essex Police,0.455364,51.569789,On or near Shopping Area,E01021318,Basildon 015C,Vehicle crime,Under investigation,
41a0306fb67125e053b45f63f2a39775df6910e844573625fd261db597031a5d,2014-08,Essex Police,Essex Police,0.459707,51.571362,On or near North Gunnels,E01021318,Basildon 015C,Vehicle crime,Investigation complete; no suspect identified,
424880e92205e9829785b3b63a110f33e1272705d37fb6fcb8161e0413617766,2014-08,Essex Police,Essex Police,0.456959,51.570727,On or near Shopping Area,E01021318,Basildon 015C,Vehicle crime,Under investigation,
8cdb58627a63da39ffe8d24f6e8604c343a94cbfb06e54ee98dfd077a8e51712,2014-08,Essex Police,Essex Police,0.463490,51.569268,On or near Supermarket,E01021318,Basildon 015C,Vehicle crime,Under investigation,
b7389315dae6696ddc7ecb8e4618280e98d870a5152ab1d30b67b0dc8d51cb76,2014-08,Essex Police,Essex Police,0.463270,51.572142,On or near Parking Area,E01021318,Basildon 015C,Vehicle crime,Under investigation,
807b4997d8365a15c1c55e88a4d18f78f4fc8e91add557112b342a487ada2a0e,2014-08,Essex Police,Essex Police,0.467078,51.570236,On or near Nether Priors,E01021318,Basildon 015C,Violence and sexual offences,Under investigation,
070b9e4d0a3c3b6ee1325a133752313e61cf9cdb82cdf77239a7b1fa1c1ce937,2014-08,Essex Police,Essex Police,0.455364,51.569789,On or near Shopping Area,E01021318,Basildon 015C,Violence and sexual offences,Offender given community sentence,
5a35e07aa4260b0b9227f5950dbbf4f79e168ddd734d8adf9aeab9587d582df7,2014-08,Essex Police,Essex Police,0.452426,51.568286,On or near Petrol Station,E01021318,Basildon 015C,Violence and sexual offences,Under investigation,
ae1eb9d8d49c615f62ca028dfc65609316810377d489fee009520dea47a09ba8,2014-08,Essex Police,Essex Police,0.463490,51.569268,On or near Supermarket,E01021318,Basildon 015C,Violence and sexual offences,Unable to prosecute suspect,
f7c1783c9bdfc7d60a1ce9feba23f54c2365ed65b75a74993eaf91f7ecf4e392,2014-08,Essex Police,Essex Police,0.452426,51.568286,On or near Petrol Station,E01021318,Basildon 015C,Violence and sexual offences,Under investigation,
b8ffc7aa94a2d56e1d703f44523d1301c227b8f368a43ad377490f0fd3f8f419,2014-08,Essex Police,Essex Police,0.463490,51.569268,On or near Supermarket,E01021318,Basildon 015C,Violence and sexual offences,Unable to prosecute suspect,
51198d0f3ce223f3f3d610cd8d927a1afcd0bbcedcd712a4b95de2353907155d,2014-08,Essex Police,Essex Police,0.452426,51.568286,On or near Petrol Station,E01021318,Basildon 015C,Violence and sexual offences,Under investigation,
3a43399947a2ed94763aa1d3112d15303cd128015ef16fb0847a933f4f86b3ce,2014-08,Essex Police,Essex Police,0.452426,51.568286,On or near Petrol Station,E01021318,Basildon 015C,Violence and sexual offences,Under investigation,
b9893533e8d68cb1d16385a3d5c0fa72125bb4c081014d5217f496cd154f5bec,2014-08,Essex Police,Essex Police,0.459707,51.571362,On or near North Gunnels,E01021318,Basildon 015C,Violence and sexual offences,Under investigation,
e202df4907267afda56f3e0765034e72a92e16177bbf17ebc1457743e7a66d7b,2014-08,Essex Police,Essex Police,0.459410,51.568814,On or near Southernhay,E01021318,Basildon 015C,Violence and sexual offences,Under investigation,
2e90b33d1e6f227da84530db454acf375bc36f60ae138d0f704d1ce2472b6885,2014-08,Essex Police,Essex Police,0.464214,51.570917,On or near Pedestrian Subway,E01021318,Basildon 015C,Violence and sexual offences,Offender given a caution,
e3408a2a361f17ad82fe2183ce13eb8945857afbea8a83c330336cf86341265d,2014-08,Essex Police,Essex Police,0.455364,51.569789,On or near Shopping Area,E01021318,Basildon 015C,Violence and sexual offences,Under investigation,
064ba66014c89d0bfa7ad772d1dbb3477056a42bdbd2bdd5362c907437e06757,2014-08,Essex Police,Essex Police,0.455569,51.568490,On or near Further/Higher Educational Building,E01021318,Basildon 015C,Violence and sexual offences,Under investigation,
a411d51ac09f8c8be29290b32d0b09f905015992da306c1e3059f573b69bb88c,2014-08,Essex Police,Essex Police,0.456959,51.570727,On or near Shopping Area,E01021318,Basildon 015C,Violence and sexual offences,Unable to prosecute suspect,
9d3a4fc50e82321969d8f90d63e6be536cf1c1416fbfd9fd3706f54d3e1ee5bf,2014-08,Essex Police,Essex Police,0.457893,51.569044,On or near Market Square,E01021318,Basildon 015C,Violence and sexual offences,Under investigation,
b3a35c7a49812f11a83550b9e112b91970d72c72cde596c97c50a673337ed840,2014-08,Essex Police,Essex Police,0.452426,51.568286,On or near Petrol Station,E01021318,Basildon 015C,Violence and sexual offences,Under investigation,
f428a9084e46e3349e4774115e55c2db99159e297bb1134430f3df973dac5f52,2014-08,Essex Police,Essex Police,0.456169,51.571868,On or near Pedestrian Subway,E01021318,Basildon 015C,Violence and sexual offences,Under investigation,
d815474efa996278f7b373859c5d85c3a853d73feee9275e20399c6d4623bbff,2014-08,Essex Police,Essex Police,0.464214,51.570917,On or near Pedestrian Subway,E01021318,Basildon 015C,Violence and sexual offences,Under investigation,
f207fb547c8e0301e3940ea7e6ad1327885f24ea38175d60a15cf5ea50193468,2014-08,Essex Police,Essex Police,0.461459,51.569868,On or near Shopping Area,E01021318,Basildon 015C,Other crime,Under investigation,
f7dc891530a3ee0790dd125e66c90d53269f1d823ad46f4b19dcab757442eae8,2014-08,Essex Police,Essex Police,0.459707,51.571362,On or near North Gunnels,E01021318,Basildon 015C,Other crime,Under investigation,
,2014-08,Essex Police,Essex Police,0.480749,51.572700,On or near Heron Dale,E01021320,Basildon 015D,Anti-social behaviour,,
,2014-08,Essex Police,Essex Police,0.478813,51.571077,On or near Brownlow Green,E01021320,Basildon 015D,Anti-social behaviour,,
,2014-08,Essex Police,Essex Police,0.480749,51.572700,On or near Heron Dale,E01021320,Basildon 015D,Anti-social behaviour,,
,2014-08,Essex Police,Essex Police,0.477646,51.571371,On or near Brownlow Cross,E01021320,Basildon 015D,Anti-social behaviour,,
98580bd16ec51915ef30ccdbe430925204b27a4cecc8412976b62b5b68b9328c,2014-08,Essex Police,Essex Police,0.480749,51.572700,On or near Heron Dale,E01021320,Basildon 015D,Bicycle theft,Investigation complete; no suspect identified,
0f59cf3155ef102a4ef7c46e11eceef6adaf81bdcf3959ae6a12d5bc8c3e426a,2014-08,Essex Police,Essex Police,0.476747,51.570509,On or near Clayburn Circle,E01021320,Basildon 015D,Criminal damage and arson,Under investigation,
ede3930d587b714dd4a3402ab8539fa820312e4b7925f697791061438ba4f760,2014-08,Essex Police,Essex Police,0.477969,51.571212,On or near Brownlow Bend,E01021320,Basildon 015D,Possession of weapons,Court case unable to proceed,
5bb3329ca78d165c44d309d2523fbf4150322ee30c42a40b2dea00c492e35d4c,2014-08,Essex Police,Essex Police,0.481418,51.573594,On or near Hockley Green,E01021320,Basildon 015D,Public order,Unable to prosecute suspect,
cd109f86d99ee0d8ea260953cdb093b007b87c1c50736c8459877f747eb59b92,2014-08,Essex Police,Essex Police,0.481329,51.573011,On or near Hockley Road,E01021320,Basildon 015D,Violence and sexual offences,Under investigation,
2c630482bc53e04f4c1affd63daf8e4de28a75593649083b41550b1fe297da4a,2014-08,Essex Police,Essex Police,0.478121,51.568960,On or near Helpeston,E01021320,Basildon 015D,Violence and sexual offences,Awaiting court outcome,
6b9413754ebbf3f5880f32eea0dbf1792460ff1878914cdf3dfe2c27fb7bb2f1,2014-08,Essex Police,Essex Police,0.477646,51.571371,On or near Brownlow Cross,E01021320,Basildon 015D,Violence and sexual offences,Under investigation,
,2014-08,Essex Police,Essex Police,0.472492,51.571336,On or near Clickett End,E01021321,Basildon 015E,Anti-social behaviour,,
,2014-08,Essex Police,Essex Police,0.469999,51.570345,On or near Clickett Side,E01021321,Basildon 015E,Anti-social behaviour,,
,2014-08,Essex Police,Essex Police,0.475058,51.572082,On or near Long Riding,E01021321,Basildon 015E,Anti-social behaviour,,
,2014-08,Essex Police,Essex Police,0.475058,51.572082,On or near Long Riding,E01021321,Basildon 015E,Anti-social behaviour,,
,2014-08,Essex Police,Essex Police,0.475058,51.572082,On or near Long Riding,E01021321,Basildon 015E,Anti-social behaviour,,
,2014-08,Essex Police,Essex Police,0.470335,51.571490,On or near Priors East,E01021321,Basildon 015E,Anti-social behaviour,,
4065d57b7bbeec1ed483f4e0bb690d814c7065f32d291802d8a9733e7547f455,2014-08,Essex Police,Essex Police,0.475058,51.572082,On or near Long Riding,E01021321,Basildon 015E,Criminal damage and arson,Under investigation,
bfe4c68bbf646893a8c2eb7a1d3aee020228a611734d69c737cd9eabfa2cab09,2014-08,Essex Police,Essex Police,0.475058,51.572082,On or near Long Riding,E01021321,Basildon 015E,Criminal damage and arson,Investigation complete; no suspect identified,
c9537be650a5a44eacb0602cec4dd631046067cc98eab6fb9fbe18e99e3479cc,2014-08,Essex Police,Essex Police,0.472197,51.569634,On or near Rayside,E01021321,Basildon 015E,Criminal damage and arson,Under investigation,
8d6e90ce3bf34cbf9fb075f75addd6e6cb46ee42c9557315c852e5704abe2567,2014-08,Essex Police,Essex Police,0.472492,51.571336,On or near Clickett End,E01021321,Basildon 015E,Criminal damage and arson,Investigation complete; no suspect identified,
cc80fcd24c2be88f53c270737a3be3b86a6328a2b2031471933f96809e8adeb3,2014-08,Essex Police,Essex Police,0.470335,51.571490,On or near Priors East,E01021321,Basildon 015E,Criminal damage and arson,Investigation complete; no suspect identified,
8669a3147943871b547623d7ffebe9877a5a204b92db6f88979480444be68d70,2014-08,Essex Police,Essex Police,0.475058,51.572082,On or near Long Riding,E01021321,Basildon 015E,Drugs,Defendant sent to Crown Court,
459d0c6b0c8c5aff29d5e51f71e47157053585f503a05ca653d52694c2928197,2014-08,Essex Police,Essex Police,0.470335,51.571490,On or near Priors East,E01021321,Basildon 015E,Vehicle crime,Investigation complete; no suspect identified,
30d442b0ff911bf24cb93ddb8d4c5903b97e9c553da1170b2118680ea680da40,2014-08,Essex Police,Essex Police,0.472197,51.569634,On or near Rayside,E01021321,Basildon 015E,Vehicle crime,Investigation complete; no suspect identified,
170902c81fe4096434ebc53e12ec87228cc9c38295bfb1d3cfa4a51620480dc6,2014-08,Essex Police,Essex Police,0.475058,51.572082,On or near Long Riding,E01021321,Basildon 015E,Violence and sexual offences,Under investigation,
,2014-08,Essex Police,Essex Police,0.423576,51.567950,On or near Station Approach,E01021286,Basildon 016A,Anti-social behaviour,,
,2014-08,Essex Police,Essex Police,0.427463,51.567789,On or near Beeston Court,E01021286,Basildon 016A,Anti-social behaviour,,
,2014-08,Essex Police,Essex Police,0.424041,51.569380,On or near Pedestrian Subway,E01021286,Basildon 016A,Anti-social behaviour,,
,2014-08,Essex Police,Essex Police,0.427331,51.571533,On or near Mellow Purgess Close,E01021286,Basildon 016A,Anti-social behaviour,,
,2014-08,Essex Police,Essex Police,0.427331,51.571533,On or near Mellow Purgess Close,E01021286,Basildon 016A,Anti-social behaviour,,
,2014-08,Essex Police,Essex Police,0.423576,51.567950,On or near Station Approach,E01021286,Basildon 016A,Anti-social behaviour,,
,2014-08,Essex Police,Essex Police,0.424041,51.569380,On or near Pedestrian Subway,E01021286,Basildon 016A,Anti-social behaviour,,
,2014-08,Essex Police,Essex Police,0.427331,51.571533,On or near Mellow Purgess Close,E01021286,Basildon 016A,Anti-social behaviour,,
,2014-08,Essex Police,Essex Police,0.423576,51.567950,On or near Station Approach,E01021286,Basildon 016A,Anti-social behaviour,,
,2014-08,Essex Police,Essex Police,0.421639,51.570616,On or near Little Oxcroft,E01021286,Basildon 016A,Anti-social behaviour,,
,2014-08,Essex Police,Essex Police,0.424041,51.569380,On or near Pedestrian Subway,E01021286,Basildon 016A,Anti-social behaviour,,
,2014-08,Essex Police,Essex Police,0.427226,51.569835,On or near Poppy Gardens,E01021286,Basildon 016A,Anti-social behaviour,,
,2014-08,Essex Police,Essex Police,0.423576,51.567950,On or near Station Approach,E01021286,Basildon 016A,Anti-social behaviour,,
,2014-08,Essex Police,Essex Police,0.424041,51.569380,On or near Pedestrian Subway,E01021286,Basildon 016A,Anti-social behaviour,,
,2014-08,Essex Police,Essex Police,0.427226,51.569835,On or near Poppy Gardens,E01021286,Basildon 016A,Anti-social behaviour,,
,2014-08,Essex Police,Essex Police,0.427226,51.569835,On or near Poppy Gardens,E01021286,Basildon 016A,Anti-social behaviour,,
,2014-08,Essex Police,Essex Police,0.427226,51.569835,On or near Poppy Gardens,E01021286,Basildon 016A,Anti-social behaviour,,
,2014-08,Essex Police,Essex Police,0.427778,51.569896,On or near Iris Mews,E01021286,Basildon 016A,Anti-social behaviour,,
,2014-08,Essex Police,Essex Police,0.427331,51.571533,On or near Mellow Purgess Close,E01021286,Basildon 016A,Anti-social behaviour,,
,2014-08,Essex Police,Essex Police,0.427331,51.571533,On or near Mellow Purgess Close,E01021286,Basildon 016A,Anti-social behaviour,,
6d61cf17e94f1329ce637e452a67ea7f65db35ef8aa597d70376b2748c7fd40f,2014-08,Essex Police,Essex Police,0.427331,51.571533,On or near Mellow Purgess Close,E01021286,Basildon 016A,Bicycle theft,Investigation complete; no suspect identified,
d9cfea1100af58f2de4e3b67be8096a27914bea74e11d6345fe9ac1edee1ec41,2014-08,Essex Police,Essex Police,0.423576,51.567950,On or near Station Approach,E01021286,Basildon 016A,Burglary,Investigation complete; no suspect identified,
7102022efd7961510d92395820e694c1cfce3e9e23f3756c3a1131fcc40fe9a8,2014-08,Essex Police,Essex Police,0.427226,51.569835,On or near Poppy Gardens,E01021286,Basildon 016A,Burglary,Under investigation,
f1581451d9ef58dca1d63dfc677197b054af4f4c19851725d75c590d5722aab8,2014-08,Essex Police,Essex Police,0.424041,51.569380,On or near Pedestrian Subway,E01021286,Basildon 016A,Burglary,Under investigation,
1c83626fc9203688991933743c10b72ccff4f283b485e8940df215a0142d0a36,2014-08,Essex Police,Essex Police,0.423576,51.567950,On or near Station Approach,E01021286,Basildon 016A,Burglary,Under investigation,
80f66863488dd2cc8e18cd8c0f26dee9c96332c9d833dc5c2c28eb46f96215c5,2014-08,Essex Police,Essex Police,0.423576,51.567950,On or near Station Approach,E01021286,Basildon 016A,Burglary,Under investigation,
5cfe626f75884ac6e437f02bf0ac59177fcfa53fc14f006f4d3a215dc62c97b7,2014-08,Essex Police,Essex Police,0.424041,51.569380,On or near Pedestrian Subway,E01021286,Basildon 016A,Burglary,Under investigation,
6b6a5ef6df9595eb5165e1fd36eeb3713cef8f2a66f4124771bdce490b69f38a,2014-08,Essex Police,Essex Police,0.427463,51.567789,On or near Beeston Court,E01021286,Basildon 016A,Criminal damage and arson,Under investigation,
d1b7e5796318112f28e6b89aa752ae69a5db982848831eeb15773216eaefe387,2014-08,Essex Police,Essex Police,0.427463,51.567789,On or near Beeston Court,E01021286,Basildon 016A,Criminal damage and arson,Investigation complete; no suspect identified,
7b77654887f24ca968eb0be4d59b0bec825605f729e68f716374edf55469482d,2014-08,Essex Police,Essex Police,0.424041,51.569380,On or near Pedestrian Subway,E01021286,Basildon 016A,Criminal damage and arson,Under investigation,
c70f3fd9270f96c43e9c8e4b4f5cbbcc46edf2b0edff3bf8a8b4043384ccc358,2014-08,Essex Police,Essex Police,0.424041,51.569380,On or near Pedestrian Subway,E01021286,Basildon 016A,Criminal damage and arson,Investigation complete; no suspect identified,
ad7e1ec9167767d02c2324f7755bb300dcb3ea64ea6bc9335c66abbbbf023b98,2014-08,Essex Police,Essex Police,0.424041,51.569380,On or near Pedestrian Subway,E01021286,Basildon 016A,Criminal damage and arson,Under investigation,
037ff97febb55edc274e7319fda81a8938f42d93cca30300838f1ec1e077b6e0,2014-08,Essex Police,Essex Police,0.427226,51.569835,On or near Poppy Gardens,E01021286,Basildon 016A,Criminal damage and arson,Investigation complete; no suspect identified,
633e1ad53ff41fcfe5ff508debe21c580b7161fa13b20c5879c9643b8bcfce8f,2014-08,Essex Police,Essex Police,0.427226,51.569835,On or near Poppy Gardens,E01021286,Basildon 016A,Other theft,Under investigation,
422d6de613673eb8f620de723ac578d742f565e7fbcc4d1cffde1280a87be2e9,2014-08,Essex Police,Essex Police,0.423576,51.567950,On or near Station Approach,E01021286,Basildon 016A,Other theft,Investigation complete; no suspect identified,
ee5c34b03499fe8eaff3e27487142d6813c1f9271c7433f049c5e009ab338ebb,2014-08,Essex Police,Essex Police,0.426049,51.568331,On or near Crosse Court,E01021286,Basildon 016A,Other theft,Under investigation,
38eb17ea2afe83e51182c45014153f151497e98c838c3fc1b8db64b4dc4782fb,2014-08,Essex Police,Essex Police,0.427226,51.569835,On or near Poppy Gardens,E01021286,Basildon 016A,Other theft,Investigation complete; no suspect identified,
f5ad36718122f8376a57318022b797499e25e4b6ca7eee1472887f108273cb1e,2014-08,Essex Police,Essex Police,0.427226,51.569835,On or near Poppy Gardens,E01021286,Basildon 016A,Other theft,Under investigation,
3bd48935be7e7e9bdd8572c04a35449a573ee6b8008250272e6c5982a1456397,2014-08,Essex Police,Essex Police,0.421639,51.570616,On or near Little Oxcroft,E01021286,Basildon 016A,Possession of weapons,Offender given a caution,
a655367ae1bec9e99d0feca41d0878ab15222e45db241796b8338466eeb2d451,2014-08,Essex Police,Essex Police,0.427226,51.569835,On or near Poppy Gardens,E01021286,Basildon 016A,Public order,Local resolution,
05d7a0ca75427f241b7b87bc6a1724301b74fc2a9c55c2b33b9532c09120c8fe,2014-08,Essex Police,Essex Police,0.427226,51.569835,On or near Poppy Gardens,E01021286,Basildon 016A,Public order,Local resolution,
68689631a4e59007d0ef847ada4c1bebe07f913f813b74b42c30d3b4d689f952,2014-08,Essex Police,Essex Police,0.424041,51.569380,On or near Pedestrian Subway,E01021286,Basildon 016A,Vehicle crime,Investigation complete; no suspect identified,
64bde5dc071599e1276fd7b4320c08bee1151b9cce366b3e7b11fd5c1c45a99d,2014-08,Essex Police,Essex Police,0.427226,51.569835,On or near Poppy Gardens,E01021286,Basildon 016A,Vehicle crime,Under investigation,
86e9c0f3065a078977309bce7136816b9d86b2491e98bc8db3fb398432beac6a,2014-08,Essex Police,Essex Police,0.424041,51.569380,On or near Pedestrian Subway,E01021286,Basildon 016A,Vehicle crime,Investigation complete; no suspect identified,
8c961b48159620fbbf6ed43fbaecbf3968581e7e37e2a36ca7b687966fe06eb0,2014-08,Essex Police,Essex Police,0.427331,51.571533,On or near Mellow Purgess Close,E01021286,Basildon 016A,Vehicle crime,Under investigation,
b237b130464073aa1f2348a20072a967ee335ce6d513d3baab11c973c1a892e8,2014-08,Essex Police,Essex Police,0.427331,51.571533,On or near Mellow Purgess Close,E01021286,Basildon 016A,Violence and sexual offences,Unable to prosecute suspect,
99a05a161ee6c5301746a0432ac783151aab160b989ee0e43e4136d3e029d6de,2014-08,Essex Police,Essex Police,0.427463,51.567789,On or near Beeston Court,E01021286,Basildon 016A,Violence and sexual offences,Under investigation,
,2014-08,Essex Police,Essex Police,0.434043,51.567500,On or near Bostoche Close,E01021288,Basildon 016B,Anti-social behaviour,,
,2014-08,Essex Police,Essex Police,0.434043,51.567500,On or near Bostoche Close,E01021288,Basildon 016B,Anti-social behaviour,,
,2014-08,Essex Police,Essex Police,0.430399,51.570066,On or near Orchid Place,E01021288,Basildon 016B,Anti-social behaviour,,
,2014-08,Essex Police,Essex Police,0.434606,51.569125,On or near Armada Close,E01021288,Basildon 016B,Anti-social behaviour,,
,2014-08,Essex Police,Essex Police,0.430399,51.570066,On or near Orchid Place,E01021288,Basildon 016B,Anti-social behaviour,,
,2014-08,Essex Police,Essex Police,0.436538,51.568293,On or near Raleigh Drive,E01021288,Basildon 016B,Anti-social behaviour,,
,2014-08,Essex Police,Essex Police,0.430399,51.570066,On or near Orchid Place,E01021288,Basildon 016B,Anti-social behaviour,,
,2014-08,Essex Police,Essex Police,0.434606,51.569125,On or near Armada Close,E01021288,Basildon 016B,Anti-social behaviour,,
,2014-08,Essex Police,Essex Police,0.430399,51.570066,On or near Orchid Place,E01021288,Basildon 016B,Anti-social behaviour,,
,2014-08,Essex Police,Essex Police,0.434606,51.569125,On or near Armada Close,E01021288,Basildon 016B,Anti-social behaviour,,
,2014-08,Essex Police,Essex Police,0.434043,51.567500,On or near Bostoche Close,E01021288,Basildon 016B,Anti-social behaviour,,
,2014-08,Essex Police,Essex Police,0.434043,51.567500,On or near Bostoche Close,E01021288,Basildon 016B,Anti-social behaviour,,
,2014-08,Essex Police,Essex Police,0.434043,51.567500,On or near Bostoche Close,E01021288,Basildon 016B,Anti-social behaviour,,
,2014-08,Essex Police,Essex Police,0.431405,51.568634,On or near Elizabeth Way,E01021288,Basildon 016B,Anti-social behaviour,,
,2014-08,Essex Police,Essex Police,0.434606,51.569125,On or near Armada Close,E01021288,Basildon 016B,Anti-social behaviour,,
,2014-08,Essex Police,Essex Police,0.434043,51.567500,On or near Bostoche Close,E01021288,Basildon 016B,Anti-social behaviour,,
,2014-08,Essex Police,Essex Police,0.434606,51.569125,On or near Armada Close,E01021288,Basildon 016B,Anti-social behaviour,,
,2014-08,Essex Police,Essex Police,0.430399,51.570066,On or near Orchid Place,E01021288,Basildon 016B,Anti-social behaviour,,
,2014-08,Essex Police,Essex Police,0.430477,51.568023,On or near Southwell Link,E01021288,Basildon 016B,Anti-social behaviour,,
,2014-08,Essex Police,Essex Police,0.434606,51.569125,On or near Armada Close,E01021288,Basildon 016B,Anti-social behaviour,,
b10edebc1fd63a3af136c1b7299e990e2a8a829d0a82dd2eb8b8db5ca9bc7910,2014-08,Essex Police,Essex Police,0.430399,51.570066,On or near Orchid Place,E01021288,Basildon 016B,Bicycle theft,Investigation complete; no suspect identified,
67655b73186c8d1f91708b6f57da098cee18b6dfea9078bdd999acbc5eb23068,2014-08,Essex Police,Essex Police,0.428935,51.569953,On or near Foxglove Court,E01021288,Basildon 016B,Burglary,Investigation complete; no suspect identified,
10452bf54f496e3c53a73cd50c65c11297ca54225404cf75d7421c45305ab060,2014-08,Essex Police,Essex Police,0.434606,51.569125,On or near Armada Close,E01021288,Basildon 016B,Criminal damage and arson,Investigation complete; no suspect identified,
22a8cebbe125c8734af7b77536d98d4377716580da17453248b9fee3e839ef94,2014-08,Essex Police,Essex Police,0.434606,51.569125,On or near Armada Close,E01021288,Basildon 016B,Criminal damage and arson,Investigation complete; no suspect identified,
58d88321a3267f18d8ee4323c4bd817de48286634ed77f35dae802917cd63fb7,2014-08,Essex Police,Essex Police,0.428935,51.569953,On or near Foxglove Court,E01021288,Basildon 016B,Criminal damage and arson,Under investigation,
91a662b2f56f1bb480c576920fb246bf41b57dd33f55e2e8162a72163712367b,2014-08,Essex Police,Essex Police,0.434043,51.567500,On or near Bostoche Close,E01021288,Basildon 016B,Criminal damage and arson,Investigation complete; no suspect identified,
6b5906e835fe7bbe15d58285810bef0946ddf392332fcf532a77387250976ec4,2014-08,Essex Police,Essex Police,0.430477,51.568023,On or near Southwell Link,E01021288,Basildon 016B,Criminal damage and arson,Investigation complete; no suspect identified,
f447daf1cf791d87f73538582850365204c2e72a50fa237974b4c2ac75c78e26,2014-08,Essex Police,Essex Police,0.434606,51.569125,On or near Armada Close,E01021288,Basildon 016B,Criminal damage and arson,Investigation complete; no suspect identified,
e4130823c0ee342859d105271259d2b4518737028b3e1931a368e256d0483aed,2014-08,Essex Police,Essex Police,0.434043,51.567500,On or near Bostoche Close,E01021288,Basildon 016B,Other theft,Under investigation,
0562838ecc43c915d3732a0a42058758eab5cf0b96c8701a9610450b1386ef0e,2014-08,Essex Police,Essex Police,0.430399,51.570066,On or near Orchid Place,E01021288,Basildon 016B,Other theft,Under investigation,
5d94a964f1529eab69ab2e4f91570223d68f8293809343d6a80a853539bf2f92,2014-08,Essex Police,Essex Police,0.434606,51.569125,On or near Armada Close,E01021288,Basildon 016B,Public order,Unable to prosecute suspect,
07b347da10c4c5ff9bf2672b18ef7eeed2e0b3205f1539ab8be59abc4985d9c3,2014-08,Essex Police,Essex Police,0.430399,51.570066,On or near Orchid Place,E01021288,Basildon 016B,Robbery,Under investigation,
730d6cbc2932c5628b06e37033a6688aa37eb33ebd036cc27857708c3bd40c63,2014-08,Essex Police,Essex Police,0.434606,51.569125,On or near Armada Close,E01021288,Basildon 016B,Vehicle crime,Investigation complete; no suspect identified,
cdc8d9299131c448f6ced854ba3280cb8b93c96b656f757d3e376c08e2ef7329,2014-08,Essex Police,Essex Police,0.430399,51.570066,On or near Orchid Place,E01021288,Basildon 016B,Vehicle crime,Investigation complete; no suspect identified,
063f5bac7e501721da55909d9b71ed6169f460b0bdb6b86aaaf9b3b08f6180dc,2014-08,Essex Police,Essex Police,0.434606,51.569125,On or near Armada Close,E01021288,Basildon 016B,Violence and sexual offences,Under investigation,
40c4062079f942ebeb4dde31e36d294857700d686a66393c3a091ddcdd742832,2014-08,Essex Police,Essex Police,0.430477,51.568023,On or near Southwell Link,E01021288,Basildon 016B,Violence and sexual offences,Investigation complete; no suspect identified,
a99337adb51cb22486ce07f121b50bef49fe53582d5a2c9de4befa5fe43362b7,2014-08,Essex Police,Essex Police,0.434606,51.569125,On or near Armada Close,E01021288,Basildon 016B,Violence and sexual offences,Under investigation,
7f1abcb72b90d8e6dfd7ca96151b1142630b18a2ff44848907f018077447984d,2014-08,Essex Police,Essex Police,0.434606,51.569125,On or near Armada Close,E01021288,Basildon 016B,Violence and sexual offences,Under investigation,
6a926611c89c1b72121d6e7d3b0cc4751a3454566195c68865343a0a582333af,2014-08,Essex Police,Essex Police,0.434606,51.569125,On or near Armada Close,E01021288,Basildon 016B,Violence and sexual offences,Investigation complete; no suspect identified,
,2014-08,Essex Police,Essex Police,0.436261,51.575781,On or near Knights,E01021289,Basildon 016C,Anti-social behaviour,,
,2014-08,Essex Police,Essex Police,0.436261,51.575781,On or near Knights,E01021289,Basildon 016C,Anti-social behaviour,,
,2014-08,Essex Police,Essex Police,0.436261,51.575781,On or near Knights,E01021289,Basildon 016C,Anti-social behaviour,,
,2014-08,Essex Police,Essex Police,0.429041,51.575724,On or near Temple Close,E01021289,Basildon 016C,Anti-social behaviour,,
,2014-08,Essex Police,Essex Police,0.435394,51.574423,On or near Markhams Chase,E01021289,Basildon 016C,Anti-social behaviour,,
,2014-08,Essex Police,Essex Police,0.428691,51.576748,On or near Walsingham Close,E01021289,Basildon 016C,Anti-social behaviour,,
,2014-08,Essex Police,Essex Police,0.436261,51.575781,On or near Knights,E01021289,Basildon 016C,Anti-social behaviour,,
,2014-08,Essex Police,Essex Police,0.434819,51.576900,On or near Weymarks,E01021289,Basildon 016C,Anti-social behaviour,,
,2014-08,Essex Police,Essex Police,0.436261,51.575781,On or near Knights,E01021289,Basildon 016C,Anti-social behaviour,,
,2014-08,Essex Police,Essex Police,0.427245,51.576427,On or near Parish Way,E01021289,Basildon 016C,Anti-social behaviour,,
,2014-08,Essex Police,Essex Police,0.434819,51.576900,On or near Weymarks,E01021289,Basildon 016C,Anti-social behaviour,,
,2014-08,Essex Police,Essex Police,0.436261,51.575781,On or near Knights,E01021289,Basildon 016C,Anti-social behaviour,,
,2014-08,Essex Police,Essex Police,0.426751,51.576086,On or near Spire Road,E01021289,Basildon 016C,Anti-social behaviour,,
b48001f2efd7cb82a3d94387c10c951cfccb8cbaae2c984be59c26a463925501,2014-08,Essex Police,Essex Police,0.436261,51.575781,On or near Knights,E01021289,Basildon 016C,Burglary,Investigation complete; no suspect identified,
3d171a5384d650e9313ca68cdf2d705909e5a6e0f9152473a75a45babb4f4f34,2014-08,Essex Police,Essex Police,0.429421,51.570680,On or near Tyler Avenue,E01021289,Basildon 016C,Criminal damage and arson,Investigation complete; no suspect identified,
66355f241f86b8f10dcacca23883644ed677f436585216dad8fe8ad63d4420e7,2014-08,Essex Police,Essex Police,0.431436,51.570845,On or near Laindon Link,E01021289,Basildon 016C,Criminal damage and arson,Awaiting court outcome,
77f7d6a28c6c0d1a7d3279d9aad0f12b351019f3d6f711bb53daec02199ec83a,2014-08,Essex Police,Essex Police,0.429041,51.575724,On or near Temple Close,E01021289,Basildon 016C,Criminal damage and arson,Under investigation,
8e05fd3ea325c890229fd72b3c86549b64a2934b7a4d5780019fcc8d404bb1bf,2014-08,Essex Police,Essex Police,0.430585,51.572482,On or near Seymour Close,E01021289,Basildon 016C,Other theft,Under investigation,
110db9d09431dd111f7dd84a8699a2394a899a37ff2aa9d8b43b42344dbd38f3,2014-08,Essex Police,Essex Police,0.430585,51.572482,On or near Seymour Close,E01021289,Basildon 016C,Other theft,Investigation complete; no suspect identified,
c2e068395a3aed414947701217d8590235bf0a0e0c7fdccf9f6b439f05699c76,2014-08,Essex Police,Essex Police,0.436261,51.575781,On or near Knights,E01021289,Basildon 016C,Theft from the person,Unable to prosecute suspect,
0c21a076665fa0c0bef42dcc9339a216955bf1d82ff758353bc397b195659eeb,2014-08,Essex Police,Essex Police,0.431545,51.574773,On or near Bell Close,E01021289,Basildon 016C,Vehicle crime,Investigation complete; no suspect identified,
6663ad0e1c908b4e3b57374395ad126eca30472cb15ce6985ac9d7af088b0cb7,2014-08,Essex Police,Essex Police,0.428078,51.575259,On or near Altar Place,E01021289,Basildon 016C,Vehicle crime,Investigation complete; no suspect identified,
2e870532a6ba356956914a90113aa52b34667ca0c6099b793bbca903b33c5b87,2014-08,Essex Police,Essex Police,0.433353,51.573225,On or near Sports/Recreation Area,E01021289,Basildon 016C,Vehicle crime,Investigation complete; no suspect identified,
bbc0aac5adf6e17afdfa7b5ff8f2aeda0a94455021e7ce655d5f10252e331ddb,2014-08,Essex Police,Essex Police,0.431215,51.574546,On or near The Nave,E01021289,Basildon 016C,Violence and sexual offences,Awaiting court outcome,
2bddedd89f5609c2a6ac320d29354410a18d6a0892df888c38753c213cb0f180,2014-08,Essex Police,Essex Police,0.436261,51.575781,On or near Knights,E01021289,Basildon 016C,Violence and sexual offences,Investigation complete; no suspect identified,
e3ffe5314b9292a1ee2e2b6d4731a3d8eb81d23deceac081959d78fa6f6add80,2014-08,Essex Police,Essex Police,0.428488,51.575367,On or near Deacon Drive,E01021289,Basildon 016C,Violence and sexual offences,Under investigation,
967b1e6c81b1bae962ee157a539d4b43029303e2d6c44cde2a2cb809d69562d3,2014-08,Essex Police,Essex Police,0.436261,51.575781,On or near Knights,E01021289,Basildon 016C,Violence and sexual offences,Awaiting court outcome,
d26c0b926027cc3f64279d271af67d29a5bd808fe5f77c294b4193a85d6262cb,2014-08,Essex Police,Essex Police,0.430585,51.572482,On or near Seymour Close,E01021289,Basildon 016C,Violence and sexual offences,Investigation complete; no suspect identified,
fe48d5df7587ba7dff9104572330822e585b30dd71b0d69a984a3a577ed18004,2014-08,Essex Police,Essex Police,0.436261,51.575781,On or near Knights,E01021289,Basildon 016C,Violence and sexual offences,Awaiting court outcome,
,2014-08,Essex Police,Essex Police,0.422007,51.572650,On or near High Road,E01021290,Basildon 016D,Anti-social behaviour,,
,2014-08,Essex Police,Essex Police,0.425259,51.573284,On or near Monastery Road,E01021290,Basildon 016D,Anti-social behaviour,,
,2014-08,Essex Police,Essex Police,0.425528,51.572910,On or near Friars Close,E01021290,Basildon 016D,Anti-social behaviour,,
,2014-08,Essex Police,Essex Police,0.428383,51.574488,On or near Minster Road,E01021290,Basildon 016D,Anti-social behaviour,,
,2014-08,Essex Police,Essex Police,0.426127,51.574948,On or near Hermitage Drive,E01021290,Basildon 016D,Anti-social behaviour,,
,2014-08,Essex Police,Essex Police,0.428383,51.574488,On or near Minster Road,E01021290,Basildon 016D,Anti-social behaviour,,
,2014-08,Essex Police,Essex Police,0.422007,51.572650,On or near High Road,E01021290,Basildon 016D,Anti-social behaviour,,
,2014-08,Essex Police,Essex Police,0.425528,51.572910,On or near Friars Close,E01021290,Basildon 016D,Anti-social behaviour,,
,2014-08,Essex Police,Essex Police,0.422742,51.573175,On or near Parking Area,E01021290,Basildon 016D,Anti-social behaviour,,
,2014-08,Essex Police,Essex Police,0.425528,51.572910,On or near Friars Close,E01021290,Basildon 016D,Anti-social behaviour,,
,2014-08,Essex Police,Essex Police,0.424614,51.573631,On or near The Cloisters,E01021290,Basildon 016D,Anti-social behaviour,,
,2014-08,Essex Police,Essex Police,0.422742,51.573175,On or near Parking Area,E01021290,Basildon 016D,Anti-social behaviour,,
16f318c1f956967d621795dd63d34a0809556d41d7817a16ceb9fb8fcb0857f1,2014-08,Essex Police,Essex Police,0.422007,51.572650,On or near High Road,E01021290,Basildon 016D,Burglary,Under investigation,
edcc90a06952d9df69b53433853750a74d1d69deeddcd961964aadba203f3710,2014-08,Essex Police,Essex Police,0.423709,51.575061,On or near Parking Area,E01021290,Basildon 016D,Burglary,Investigation complete; no suspect identified,
bc28978a1756dbd08b75de7d85cfee4baaceef9c7c1e1373699f50535e440380,2014-08,Essex Police,Essex Police,0.422007,51.572650,On or near High Road,E01021290,Basildon 016D,Burglary,Investigation complete; no suspect identified,
3c332ae00d4ced34f6d08cda1b109d00f8b6cc91055a35449e288cfb1ad00638,2014-08,Essex Police,Essex Police,0.427290,51.573206,On or near Pilgrim Way,E01021290,Basildon 016D,Criminal damage and arson,Investigation complete; no suspect identified,
bc0d1b443359e70b4a7d1940d78c32c3700cd0a3635e261135394f3907ea18cd,2014-08,Essex Police,Essex Police,0.423245,51.573938,On or near Supermarket,E01021290,Basildon 016D,Shoplifting,Under investigation,
4dbc224bc14c6f3b52e749089d3782a191af6292c7f83783cdb5b2187b79b03a,2014-08,Essex Police,Essex Police,0.423245,51.573938,On or near Supermarket,E01021290,Basildon 016D,Vehicle crime,Investigation complete; no suspect identified,
eb2f828e4c5fa48ca8b0d9329813a4c3e0d6f9f013cb245390c008828063372e,2014-08,Essex Police,Essex Police,0.423688,51.576024,On or near St Andrews Lane,E01021290,Basildon 016D,Vehicle crime,Unable to prosecute suspect,
e63ff202cb06d98ed863b76723d2ded558dea4c479c7d7bb07a14e65312a6900,2014-08,Essex Police,Essex Police,0.424614,51.573631,On or near The Cloisters,E01021290,Basildon 016D,Vehicle crime,Investigation complete; no suspect identified,
a7c99fb0314e2d4c1ab7eb26921e9cbe2e7ca4ca368b6e6d4c250fb7c66061f8,2014-08,Essex Police,Essex Police,0.429293,51.574226,On or near Font Close,E01021290,Basildon 016D,Vehicle crime,Investigation complete; no suspect identified,
9eaedca7676f64dc2c2c90f6586f4abfd68e43af548243fa65b51e25b094577d,2014-08,Essex Police,Essex Police,0.429293,51.574226,On or near Font Close,E01021290,Basildon 016D,Violence and sexual offences,Unable to prosecute suspect,
,2014-08,Essex Police,Essex Police,0.441386,51.572311,On or near Great Knightleys,E01021291,Basildon 016E,Anti-social behaviour,,
,2014-08,Essex Police,Essex Police,0.444115,51.572875,On or near Boytons,E01021291,Basildon 016E,Anti-social behaviour,,
,2014-08,Essex Police,Essex Police,0.441899,51.573812,On or near Teagles,E01021291,Basildon 016E,Anti-social behaviour,,
,2014-08,Essex Police,Essex Police,0.441899,51.573812,On or near Teagles,E01021291,Basildon 016E,Anti-social behaviour,,
,2014-08,Essex Police,Essex Police,0.440639,51.575340,On or near Ballards Walk,E01021291,Basildon 016E,Anti-social behaviour,,
,2014-08,Essex Police,Essex Police,0.440639,51.575340,On or near Ballards Walk,E01021291,Basildon 016E,Anti-social behaviour,,
4b9de84e597ab10c20b8bb82fe939001acd05794260c77cb740d2828c71091f1,2014-08,Essex Police,Essex Police,0.444115,51.572875,On or near Boytons,E01021291,Basildon 016E,Burglary,Under investigation,
1872f53a84ebc4de475c143e88bac541574bca99e647f17cf7784a29ec7540a7,2014-08,Essex Police,Essex Police,0.444115,51.572875,On or near Boytons,E01021291,Basildon 016E,Burglary,Investigation complete; no suspect identified,
6729a0d59b5ecd7ed95589ef9649774ad0e31543982b4362f094b2170d9775b2,2014-08,Essex Police,Essex Police,0.441399,51.572563,On or near Swan Close,E01021291,Basildon 016E,Drugs,Offender given a drugs possession warning,
ed41bc83cbfc3c0acfec0b6b103bb9e88a9e18492106d3550167f9bd0ebeade7,2014-08,Essex Police,Essex Police,0.441386,51.572311,On or near Great Knightleys,E01021291,Basildon 016E,Other theft,Investigation complete; no suspect identified,
5d7a0127bf631026680e6c5d79fff1487c64c0ddffaaf0bab1b52e9c8fa02cd9,2014-08,Essex Police,Essex Police,0.440639,51.575340,On or near Ballards Walk,E01021291,Basildon 016E,Other theft,Under investigation,
2bdeb8d77f9da0b7a2388eb9c4a5c2630434167b6cb1b291e4e7c9dcaa8c5ad7,2014-08,Essex Police,Essex Police,0.444115,51.572875,On or near Boytons,E01021291,Basildon 016E,Public order,Under investigation,
aa5cc3da97ece213f2ee63df620242a96309450edf68792e9bc13a3f937d0e2e,2014-08,Essex Police,Essex Police,0.440639,51.575340,On or near Ballards Walk,E01021291,Basildon 016E,Public order,Under investigation,
d4bb9af378119f1dd0f4f888f93c57c32be182ef8db0098a7980b55cfe2f6bb9,2014-08,Essex Police,Essex Police,0.444071,51.576365,On or near Eldeland,E01021291,Basildon 016E,Vehicle crime,Investigation complete; no suspect identified,
06bae29bfcd8258da61ac528dd8b947f8c41b51777dedf716cf32b0732e25fe9,2014-08,Essex Police,Essex Police,0.441399,51.572563,On or near Swan Close,E01021291,Basildon 016E,Vehicle crime,Investigation complete; no suspect identified,
9b3e703869b654fd324d4063d3df192c87b317d036906f5f6c1040a1bcbf54a8,2014-08,Essex Police,Essex Police,0.441899,51.573812,On or near Teagles,E01021291,Basildon 016E,Violence and sexual offences,Under investigation,
7d604fe28e98e5296fc59d6248fe0e082fd84357314f7b150cc8f6a906725724,2014-08,Essex Police,Essex Police,0.441386,51.572311,On or near Great Knightleys,E01021291,Basildon 016E,Violence and sexual offences,Investigation complete; no suspect identified,
,2014-08,Essex Police,Essex Police,0.441819,51.569883,On or near Falstones,E01021287,Basildon 017A,Anti-social behaviour,,
,2014-08,Essex Police,Essex Police,0.445997,51.568960,On or near Wickhay,E01021287,Basildon 017A,Anti-social behaviour,,
5b647c14b71ba44c3efa05ada5fa8ff99d70b9069e88c211325fca0df261bdff,2014-08,Essex Police,Essex Police,0.439974,51.569670,On or near Shepeshall,E01021287,Basildon 017A,Other theft,Under investigation,
ce7a50d192d9c751487d1df6627cbad7aae3ffe244c31975ea04410e527b622f,2014-08,Essex Police,Essex Police,0.440436,51.569399,On or near Trindehay,E01021287,Basildon 017A,Vehicle crime,Investigation complete; no suspect identified,
095a91b4a460a6d5cb09a722956a5ea76f91b8969c442af60a8f43a669e0b06f,2014-08,Essex Police,Essex Police,0.442568,51.569859,On or near Raphaels,E01021287,Basildon 017A,Violence and sexual offences,Under investigation,
,2014-08,Essex Police,Essex Police,0.436143,51.574120,On or near Belstedes,E01021292,Basildon 017B,Anti-social behaviour,,
,2014-08,Essex Police,Essex Police,0.436143,51.574120,On or near Belstedes,E01021292,Basildon 017B,Anti-social behaviour,,
,2014-08,Essex Police,Essex Police,0.432912,51.570113,On or near Turner Close,E01021292,Basildon 017B,Anti-social behaviour,,
,2014-08,Essex Police,Essex Police,0.435198,51.572107,On or near Sports/Recreation Area,E01021292,Basildon 017B,Anti-social behaviour,,
,2014-08,Essex Police,Essex Police,0.439161,51.575505,On or near Woolmergreen,E01021292,Basildon 017B,Anti-social behaviour,,
,2014-08,Essex Police,Essex Police,0.435198,51.572107,On or near Sports/Recreation Area,E01021292,Basildon 017B,Anti-social behaviour,,
,2014-08,Essex Police,Essex Police,0.435198,51.572107,On or near Sports/Recreation Area,E01021292,Basildon 017B,Anti-social behaviour,,
4261c93002e7070b4c620976ed131c57f4799bd9a5c5d8d8efb1a2780cb486de,2014-08,Essex Police,Essex Police,0.432912,51.570113,On or near Turner Close,E01021292,Basildon 017B,Burglary,Under investigation,
80608a61343f7a4051f79b9550b731acc9da1d0b1d1336a9ef13d7b1863d8115,2014-08,Essex Police,Essex Police,0.441060,51.574045,On or near Thornbush,E01021292,Basildon 017B,Burglary,Under investigation,
37886207c6faf3ac1473bf9b616bf7e362cb5c678329be5cece2e40261d34a2d,2014-08,Essex Police,Essex Police,0.439161,51.575505,On or near Woolmergreen,E01021292,Basildon 017B,Burglary,Investigation complete; no suspect identified,
2adf4498f4c20f8ceec1b9eafe71de6f853dc1b6acb3130256e7508da71b22ed,2014-08,Essex Police,Essex Police,0.436143,51.574120,On or near Belstedes,E01021292,Basildon 017B,Burglary,Investigation complete; no suspect identified,
dd966e47c79e61021ee8738af8f7c93fc6523447747fb619eb5c5bf598692059,2014-08,Essex Police,Essex Police,0.439330,51.571374,On or near Mynchens,E01021292,Basildon 017B,Burglary,Under investigation,
518cb11c7b147d24312c170036a67f6e162870ae8cea1605b4f2730d852160be,2014-08,Essex Police,Essex Police,0.439330,51.571374,On or near Mynchens,E01021292,Basildon 017B,Burglary,Investigation complete; no suspect identified,
858e106497658ae2d5beab00194fce03827f68bc330c8fd16e2033b2c8db9cf7,2014-08,Essex Police,Essex Police,0.432912,51.570113,On or near Turner Close,E01021292,Basildon 017B,Criminal damage and arson,Under investigation,
84f0191391c5245d9a5e392e0cac4e7123a7447c5c666fde7d34a70c89bcb3f0,2014-08,Essex Police,Essex Police,0.439330,51.571374,On or near Mynchens,E01021292,Basildon 017B,Criminal damage and arson,Under investigation,
c011fd40a409b501f43cc51ff42826bc18d123b58bc99afec76060222d24f8bf,2014-08,Essex Police,Essex Police,0.432912,51.570113,On or near Turner Close,E01021292,Basildon 017B,Drugs,Under investigation,
b21b89e759f6287d145a9319e2bb203d057a043e78421146d620d68e64276fd2,2014-08,Essex Police,Essex Police,0.432912,51.570113,On or near Turner Close,E01021292,Basildon 017B,Drugs,Offender given a caution,
f0a57c9f0171191d71d748f65f266403c5f1aab9938622ea86623c81ab33ca2a,2014-08,Essex Police,Essex Police,0.439330,51.571374,On or near Mynchens,E01021292,Basildon 017B,Public order,Under investigation,
138e275e8a78bb19f90ea2a192229c11774aaea7c014f8e285b7878e03d69716,2014-08,Essex Police,Essex Police,0.439330,51.571374,On or near Mynchens,E01021292,Basildon 017B,Public order,Under investigation,
109b337ae44c18ff86b3fe5f98d99a7d0aabdb2fd25a009dd3dd91a2556cc0d3,2014-08,Essex Police,Essex Police,0.439330,51.571374,On or near Mynchens,E01021292,Basildon 017B,Public order,Awaiting court outcome,
dc6e89229515a739fed687a72cf4da090184f24a09e7180ce08d7ddb7112b75d,2014-08,Essex Police,Essex Police,0.435198,51.572107,On or near Sports/Recreation Area,E01021292,Basildon 017B,Robbery,Under investigation,
2917b527464705c3cf094882457ef99fd71f4da46804cc8370eea29a17803531,2014-08,Essex Police,Essex Police,0.441060,51.574045,On or near Thornbush,E01021292,Basildon 017B,Vehicle crime,Investigation complete; no suspect identified,
0e10cf3461a41db93bc788ef4b862c7ef45dc0f38b35b32e6b99799490486799,2014-08,Essex Police,Essex Police,0.432912,51.570113,On or near Turner Close,E01021292,Basildon 017B,Vehicle crime,Investigation complete; no suspect identified,
bb3af80ea7375bd4145b98d6f95e0717c186e1b06ea7e7364276706ac8481797,2014-08,Essex Police,Essex Police,0.435198,51.572107,On or near Sports/Recreation Area,E01021292,Basildon 017B,Vehicle crime,Investigation complete; no suspect identified,
22c5c1b1d68decd201d4bf3d8ea25cc06df2ec4a092679ca8fe8322350a6b541,2014-08,Essex Police,Essex Police,0.436143,51.574120,On or near Belstedes,E01021292,Basildon 017B,Vehicle crime,Investigation complete; no suspect identified,
2aa1f863cb21a35e30565336772734b2d3d7cfb58f6bd9831ca1275e2751f2ed,2014-08,Essex Police,Essex Police,0.432912,51.570113,On or near Turner Close,E01021292,Basildon 017B,Vehicle crime,Under investigation,
9822abf6d4ef295f8b36e0ae5848934effb7e4067c436b58e48b1140db9e2758,2014-08,Essex Police,Essex Police,0.441060,51.574045,On or near Thornbush,E01021292,Basildon 017B,Violence and sexual offences,Under investigation,
,2014-08,Essex Police,Essex Police,0.446568,51.574479,On or near Upper Mayne,E01021293,Basildon 017C,Anti-social behaviour,,
,2014-08,Essex Police,Essex Police,0.444697,51.570003,On or near Rise Park,E01021293,Basildon 017C,Anti-social behaviour,,
536ab6bee92ac9582f721f058ded16641ea3e8209778e45307ef6adf5ff313cd,2014-08,Essex Police,Essex Police,0.445296,51.573912,On or near Little Lullaway,E01021293,Basildon 017C,Burglary,Investigation complete; no suspect identified,
1134a00c8c282911f20ad12f4d90e24caa84af79f538a7e54e80c57a50289c98,2014-08,Essex Police,Essex Police,0.446568,51.574479,On or near Upper Mayne,E01021293,Basildon 017C,Burglary,Under investigation,
f69ceeeb0bea7781bda390790a2a38d12a62cb838f4c465f634751c8f8524557,2014-08,Essex Police,Essex Police,0.447317,51.572044,On or near Delimands,E01021293,Basildon 017C,Burglary,Under investigation,
8dd5d3857cc7186c8cbb21d1074dad08526de9de04a8b2232719eef42ce2136c,2014-08,Essex Police,Essex Police,0.444697,51.570003,On or near Rise Park,E01021293,Basildon 017C,Other theft,Under investigation,
c8f7995f9805286050dc48f019a203fb9d28f230319bcc623c4e714b77908be4,2014-08,Essex Police,Essex Police,0.448664,51.571054,On or near Panadown,E01021293,Basildon 017C,Other theft,Investigation complete; no suspect identified,
9e560555d1517d12434c0358dbe298753495a7ec9faafb0d7531ac5056f89600,2014-08,Essex Police,Essex Police,0.445296,51.573912,On or near Little Lullaway,E01021293,Basildon 017C,Theft from the person,Investigation complete; no suspect identified,
d09fa9000840aa7c828dd54b08f0d5420b06bf6fe3e616000263cdc4d832f7b9,2014-08,Essex Police,Essex Police,0.448664,51.571054,On or near Panadown,E01021293,Basildon 017C,Vehicle crime,Investigation complete; no suspect identified,
924d13211aeca2132f408fa8a901196f6c19a9fa0a3814492fc20f43dc3d0481,2014-08,Essex Police,Essex Police,0.448664,51.571054,On or near Panadown,E01021293,Basildon 017C,Vehicle crime,Investigation complete; no suspect identified,
4ebb28648cd69a3abfe7750c149b8dcebb46e24498244a9d9926aea5db9e02e2,2014-08,Essex Police,Essex Police,0.450740,51.569940,On or near Parking Area,E01021293,Basildon 017C,Violence and sexual offences,Investigation complete; no suspect identified,
,2014-08,Essex Police,Essex Police,0.447427,51.565755,On or near Ingaway,E01021298,Basildon 017D,Anti-social behaviour,,
,2014-08,Essex Police,Essex Police,0.447427,51.565755,On or near Ingaway,E01021298,Basildon 017D,Anti-social behaviour,,
,2014-08,Essex Police,Essex Police,0.447427,51.565755,On or near Ingaway,E01021298,Basildon 017D,Anti-social behaviour,,
,2014-08,Essex Police,Essex Police,0.447427,51.565755,On or near Ingaway,E01021298,Basildon 017D,Anti-social behaviour,,
97fd43b5a630ea6195ecd85d5c1306c310b13619af70b8584600fd80d23fe5ab,2014-08,Essex Police,Essex Police,0.441732,51.566656,On or near Ardleigh,E01021298,Basildon 017D,Burglary,Under investigation,
bd63f0f0d03eb6e3745b2bca1ffbb34b0380edc0d6425c2713730cb4ccca5909,2014-08,Essex Police,Essex Police,0.447427,51.565755,On or near Ingaway,E01021298,Basildon 017D,Vehicle crime,Investigation complete; no suspect identified,
80a9d8a46a1cdb6de30fc25f89c6768fec832fc69cf5b2b4599edcb78a01aab7,2014-08,Essex Police,Essex Police,0.441732,51.566656,On or near Ardleigh,E01021298,Basildon 017D,Vehicle crime,Investigation complete; no suspect identified,
2fb99ce348078eaab96343629189e299e1ef24958a62b7cf3fa414d3f36b09b7,2014-08,Essex Police,Essex Police,0.448800,51.566599,On or near Wetherland,E01021298,Basildon 017D,Violence and sexual offences,Awaiting court outcome,
ef0e36942f57ca849b68447280a820eae85501062ab07f634079371447913e3d,2014-08,Essex Police,Essex Police,0.448800,51.566599,On or near Wetherland,E01021298,Basildon 017D,Violence and sexual offences,Awaiting court outcome,
,2014-08,Essex Police,Essex Police,0.448964,51.575553,On or near Park/Open Space,E01021319,Basildon 017E,Anti-social behaviour,,
,2014-08,Essex Police,Essex Police,0.448964,51.575553,On or near Park/Open Space,E01021319,Basildon 017E,Anti-social behaviour,,
,2014-08,Essex Police,Essex Police,0.460282,51.576674,On or near Landermere,E01021319,Basildon 017E,Anti-social behaviour,,
,2014-08,Essex Police,Essex Police,0.456103,51.574918,On or near Brempsons,E01021319,Basildon 017E,Anti-social behaviour,,
,2014-08,Essex Police,Essex Police,0.448964,51.575553,On or near Park/Open Space,E01021319,Basildon 017E,Anti-social behaviour,,
,2014-08,Essex Police,Essex Police,0.461625,51.576151,On or near Butneys,E01021319,Basildon 017E,Anti-social behaviour,,
,2014-08,Essex Police,Essex Police,0.456103,51.574918,On or near Brempsons,E01021319,Basildon 017E,Anti-social behaviour,,
e82739a413bcd9732a141f896870fa79211cf7330a7c738e75e4b2b81d0cadc3,2014-08,Essex Police,Essex Police,0.459412,51.573653,On or near Neville Shaw,E01021319,Basildon 017E,Burglary,Investigation complete; no suspect identified,
3107469487f7de7d0b888fc15be36441427a9b0b8f43a22f418fa194d501a991,2014-08,Essex Police,Essex Police,0.454994,51.574168,On or near Roodegate,E01021319,Basildon 017E,Criminal damage and arson,Investigation complete; no suspect identified,
b08bc1e6c78b8fb1e940c39538115bdbd97be5e2d1e4f29716b4fa0ed364b2a0,2014-08,Essex Police,Essex Police,0.456103,51.574918,On or near Brempsons,E01021319,Basildon 017E,Criminal damage and arson,Unable to prosecute suspect,
506fdcd23bf1559647d31310e2aec051f5f122ace7c74d48a9861c72a76331a8,2014-08,Essex Police,Essex Police,0.456558,51.574792,On or near Rokells,E01021319,Basildon 017E,Criminal damage and arson,Under investigation,
41146f676d4c59e6a34f5dfa10c09afa9bfc094395a14f4f0aecc094d6fdc382,2014-08,Essex Police,Essex Police,0.461625,51.576151,On or near Butneys,E01021319,Basildon 017E,Criminal damage and arson,Investigation complete; no suspect identified,
cdb1806f4813176e1068ea0418ac986e21b654963328320a6ea37876438c43df,2014-08,Essex Police,Essex Police,0.445960,51.579555,On or near Miles Gray Road,E01021319,Basildon 017E,Other theft,Investigation complete; no suspect identified,
c6611942b8702b442b811be0ca379cacade36c957037d4d15eed0620defaa7f2,2014-08,Essex Police,Essex Police,0.459412,51.573653,On or near Neville Shaw,E01021319,Basildon 017E,Robbery,Under investigation,
853f4e22bbd3e03c0db494a8252350892647e79b2cdecbf96508f9f314bc5eb6,2014-08,Essex Police,Essex Police,0.448964,51.575553,On or near Park/Open Space,E01021319,Basildon 017E,Robbery,Unable to prosecute suspect,
37097f3d9065bd64a30f6572807a279d71e6547415721b94a5f7ba287bd8e7c2,2014-08,Essex Police,Essex Police,0.454994,51.574168,On or near Roodegate,E01021319,Basildon 017E,Vehicle crime,Awaiting court outcome,
eed7fbbec7676cc68ed6c827f01bb93bc17559c3345b2eef6f48940d117f928e,2014-08,Essex Police,Essex Police,0.445960,51.579555,On or near Miles Gray Road,E01021319,Basildon 017E,Vehicle crime,Investigation complete; no suspect identified,
6f00504f61484eee6fdbe4397616d231e1e6543f27133738e72bcabe5507184f,2014-08,Essex Police,Essex Police,0.461625,51.576151,On or near Butneys,E01021319,Basildon 017E,Violence and sexual offences,Under investigation,
63eb26eb459b05eac8a633c025496d15e032b137eedb9ddbeefb46268b909c8a,2014-08,Essex Police,Essex Police,0.461625,51.576151,On or near Butneys,E01021319,Basildon 017E,Violence and sexual offences,Unable to prosecute suspect,
49a1883f9de722df665ed28b66bb34a039ab8ffcd4b3748e4185550c9bcfcf7d,2014-08,Essex Police,Essex Police,0.459412,51.573653,On or near Neville Shaw,E01021319,Basildon 017E,Violence and sexual offences,Under investigation,
5769e005422a7234c032a6cde5bd807605e83af0d751f020984a24a20de04d14,2014-08,Essex Police,Essex Police,0.459412,51.573653,On or near Neville Shaw,E01021319,Basildon 017E,Violence and sexual offences,Under investigation,
38353aec6998bca29c8681ecfbe41dfed4615ab66ad80b1bf316ffadf5e434e9,2014-08,Essex Police,Essex Police,0.531558,51.571021,On or near William Road,E01021313,Basildon 018A,Burglary,Under investigation,
6ef95de1c915447fc8fde6642c485dd80afc5ba0675571a48638cd627fc5abb7,2014-08,Essex Police,Essex Police,0.531558,51.571021,On or near William Road,E01021313,Basildon 018A,Burglary,Investigation complete; no suspect identified,
45c9ec38fe714bbd0968e37a1e7ae8c565f057282acbca326d7a119796fcd7ef,2014-08,Essex Police,Essex Police,0.530989,51.571689,On or near Westlake Avenue,E01021313,Basildon 018A,Burglary,Investigation complete; no suspect identified,
6d6129c358c98b5c202d5108f19c73950bcea5a0a52f252991ca8163201e05c3,2014-08,Essex Police,Essex Police,0.520607,51.568469,On or near Eversley Road,E01021313,Basildon 018A,Burglary,Under investigation,
db97cfaefad0d36224b587cd1214d93b12f3402ad32a2d15304429b85f47597d,2014-08,Essex Police,Essex Police,0.516060,51.566615,On or near Bradbourne Way,E01021313,Basildon 018A,Other theft,Under investigation,
94241668ebc6e03e7a13c190ca8aede2a6b55ed45126a72d427c0656ee9b21fc,2014-08,Essex Police,Essex Police,0.520607,51.568469,On or near Eversley Road,E01021313,Basildon 018A,Vehicle crime,Under investigation,
c0ecaf33d5b0c800bc5cd7a7fbf66c5be3a29f731cf4a6aa7c63800c187b7d26,2014-08,Essex Police,Essex Police,0.517928,51.565414,On or near Sports/Recreation Area,E01021313,Basildon 018A,Vehicle crime,Awaiting court outcome,
cde5638044f53afcf5cd02f6b3b679383810e6010a2881552d0cf941b83adfd2,2014-08,Essex Police,Essex Police,0.514430,51.568709,On or near Biddenden Court,E01021313,Basildon 018A,Violence and sexual offences,Unable to prosecute suspect,
,2014-08,Essex Police,Essex Police,0.516423,51.573972,On or near Crown Avenue,E01021314,Basildon 018B,Anti-social behaviour,,
,2014-08,Essex Police,Essex Police,0.511410,51.572569,On or near St Mary'S Crescent,E01021314,Basildon 018B,Anti-social behaviour,,
,2014-08,Essex Police,Essex Police,0.515670,51.574699,On or near Clarendon Road,E01021314,Basildon 018B,Anti-social behaviour,,
,2014-08,Essex Police,Essex Police,0.511410,51.572569,On or near St Mary'S Crescent,E01021314,Basildon 018B,Anti-social behaviour,,
,2014-08,Essex Police,Essex Police,0.511410,51.572569,On or near St Mary'S Crescent,E01021314,Basildon 018B,Anti-social behaviour,,
,2014-08,Essex Police,Essex Police,0.511187,51.575065,On or near Charlton Close,E01021314,Basildon 018B,Anti-social behaviour,,
,2014-08,Essex Police,Essex Police,0.510072,51.571860,On or near Shopping Area,E01021314,Basildon 018B,Anti-social behaviour,,
4a0b7339ce17e1d14d9962a2522e98d39bde2f15c6ac1a16785ca879bf6ef918,2014-08,Essex Police,Essex Police,0.515670,51.574699,On or near Clarendon Road,E01021314,Basildon 018B,Bicycle theft,Investigation complete; no suspect identified,
0c149fd2a780c1b4429833d461644d908dd4c6d86dae1bc100386f0d2364a424,2014-08,Essex Police,Essex Police,0.513746,51.572537,On or near Manor Avenue,E01021314,Basildon 018B,Bicycle theft,Investigation complete; no suspect identified,
8b6f82611a43b2fd4b8fa5e1b84a9c44ce06d112ed28fb9b87d1924f0133229a,2014-08,Essex Police,Essex Police,0.515670,51.574699,On or near Clarendon Road,E01021314,Basildon 018B,Drugs,Offender given a caution,
6ca48ae46328d9b3f1b4fce9251f865284dc93d38fa6360016632d26fee99ac7,2014-08,Essex Police,Essex Police,0.513746,51.572537,On or near Manor Avenue,E01021314,Basildon 018B,Other theft,Investigation complete; no suspect identified,
375b42ecc4020697b9faa7cd663cf5eab7b82e7c4f1e363eada10a1fb4614293,2014-08,Essex Police,Essex Police,0.515670,51.574699,On or near Clarendon Road,E01021314,Basildon 018B,Other theft,Unable to prosecute suspect,
d3183a053553551857acb25b15905dd8a730878fa31b0cc44c7337f4e793c9fc,2014-08,Essex Police,Essex Police,0.516423,51.573972,On or near Crown Avenue,E01021314,Basildon 018B,Robbery,Under investigation,
fdcc87dd19d74e3b1abbac5392d863bf7228aa95d178190820b8c539df2f7c82,2014-08,Essex Police,Essex Police,0.511410,51.572569,On or near St Mary'S Crescent,E01021314,Basildon 018B,Vehicle crime,Investigation complete; no suspect identified,
03a3fa0097054123b95646ead7028d24b57ac41488ef80396fe6e558d1a4ed5a,2014-08,Essex Police,Essex Police,0.516019,51.572659,On or near Crown Close,E01021314,Basildon 018B,Vehicle crime,Investigation complete; no suspect identified,
cb716a4721b56d81bc74f37c23f3ebfdc06310a0e630f5aa3fe7daf498604b1a,2014-08,Essex Police,Essex Police,0.515670,51.574699,On or near Clarendon Road,E01021314,Basildon 018B,Violence and sexual offences,Under investigation,
597ad11dbb14b12f8ba9f06a5016ad31ed3a6379c2dbc6d424116e6ef9b24382,2014-08,Essex Police,Essex Police,0.515670,51.574699,On or near Clarendon Road,E01021314,Basildon 018B,Violence and sexual offences,Under investigation,
,2014-08,Essex Police,Essex Police,0.508696,51.570451,On or near Carlisle Way,E01021315,Basildon 018C,Anti-social behaviour,,
,2014-08,Essex Police,Essex Police,0.508696,51.570451,On or near Carlisle Way,E01021315,Basildon 018C,Anti-social behaviour,,
,2014-08,Essex Police,Essex Police,0.508419,51.568568,On or near Dover Way,E01021315,Basildon 018C,Anti-social behaviour,,
,2014-08,Essex Police,Essex Police,0.515047,51.571790,On or near Leigh Fells,E01021315,Basildon 018C,Anti-social behaviour,,
,2014-08,Essex Police,Essex Police,0.512418,51.569391,On or near Little Charlton,E01021315,Basildon 018C,Anti-social behaviour,,
,2014-08,Essex Police,Essex Police,0.508696,51.570451,On or near Carlisle Way,E01021315,Basildon 018C,Anti-social behaviour,,
,2014-08,Essex Police,Essex Police,0.515047,51.571790,On or near Leigh Fells,E01021315,Basildon 018C,Anti-social behaviour,,
,2014-08,Essex Police,Essex Police,0.507143,51.566095,On or near Church Park Road,E01021316,Basildon 018D,Anti-social behaviour,,
,2014-08,Essex Police,Essex Police,0.505657,51.565066,On or near High Road,E01021316,Basildon 018D,Anti-social behaviour,,
,2014-08,Essex Police,Essex Police,0.510671,51.566487,On or near Howard Crescent,E01021316,Basildon 018D,Anti-social behaviour,,
,2014-08,Essex Police,Essex Police,0.501973,51.565513,On or near Popes Crescent,E01021316,Basildon 018D,Anti-social behaviour,,
,2014-08,Essex Police,Essex Police,0.502359,51.564129,On or near Tennyson Drive,E01021316,Basildon 018D,Anti-social behaviour,,
,2014-08,Essex Police,Essex Police,0.504768,51.564104,On or near Broadway Link,E01021316,Basildon 018D,Anti-social behaviour,,
,2014-08,Essex Police,Essex Police,0.508821,51.568281,On or near Corfe Close,E01021316,Basildon 018D,Anti-social behaviour,,
,2014-08,Essex Police,Essex Police,0.510839,51.567716,On or near Throwley Close,E01021316,Basildon 018D,Anti-social behaviour,,
,2014-08,Essex Police,Essex Police,0.505657,51.565066,On or near High Road,E01021316,Basildon 018D,Anti-social behaviour,,
,2014-08,Essex Police,Essex Police,0.507593,51.569305,On or near Caister Drive,E01021316,Basildon 018D,Anti-social behaviour,,
,2014-08,Essex Police,Essex Police,0.504768,51.564104,On or near Broadway Link,E01021316,Basildon 018D,Anti-social behaviour,,
,2014-08,Essex Police,Essex Police,0.505657,51.565066,On or near High Road,E01021316,Basildon 018D,Anti-social behaviour,,
,2014-08,Essex Police,Essex Police,0.508183,51.565596,On or near Parkhurst Road,E01021316,Basildon 018D,Anti-social behaviour,,
0a9b4c8a82cdf3fe63bd38074467bd6461ee9272210c1e534b32953f9a521475,2014-08,Essex Police,Essex Police,0.506145,51.566323,On or near Rectory Park Drive,E01021316,Basildon 018D,Burglary,Investigation complete; no suspect identified,
1b433255b72394e4b1e08cb2882bf19f358f1409c02cbf997b7b52ec3ead4fb2,2014-08,Essex Police,Essex Police,0.505657,51.565066,On or near High Road,E01021316,Basildon 018D,Criminal damage and arson,Investigation complete; no suspect identified,
4aa5dd81fac9f4b0ffdbafbf0c7ca4fe5c90eb54ce76a6fd4bea0f942bcb571f,2014-08,Essex Police,Essex Police,0.508183,51.565596,On or near Parkhurst Road,E01021316,Basildon 018D,Criminal damage and arson,Local resolution,
ae70051b3c31f5c671074078a5d46cdebb58e266bee242d822a0fe9be6576ac7,2014-08,Essex Police,Essex Police,0.510839,51.567716,On or near Throwley Close,E01021316,Basildon 018D,Criminal damage and arson,Investigation complete; no suspect identified,
d4755f522376009064d5a12ccef646a67d9a543a0e3c695ef089b81fd69c4933,2014-08,Essex Police,Essex Police,0.507143,51.566095,On or near Church Park Road,E01021316,Basildon 018D,Criminal damage and arson,Offender given a caution,
cd8395465051cd107a445e7e529630ad115fa2d615a96733ec9f822ac22e2ec3,2014-08,Essex Police,Essex Police,0.508058,51.570410,On or near Pevensey Way,E01021316,Basildon 018D,Criminal damage and arson,Investigation complete; no suspect identified,
d9a35fbfb06af720b22a130d0c806c90107b0bc3b115fc869103b4d234f8b536,2014-08,Essex Police,Essex Police,0.507143,51.566095,On or near Church Park Road,E01021316,Basildon 018D,Criminal damage and arson,Offender given a caution,
0782d28b9e37590ab6481a8c8f62281ad9aa8197ca148b414752e41a5074f0b0,2014-08,Essex Police,Essex Police,0.504052,51.566305,On or near Supermarket,E01021316,Basildon 018D,Criminal damage and arson,Investigation complete; no suspect identified,
a8f23f93347d8181a18a56adb351c0d137e712e0f24256719b5d54a3a5118056,2014-08,Essex Police,Essex Police,0.506661,51.567571,On or near Gifford Green,E01021316,Basildon 018D,Drugs,Awaiting court outcome,
cfc0af1e41b63a33666462a300007f152d81279a1d711179c164ccfc4c7c2c46,2014-08,Essex Police,Essex Police,0.508354,51.567130,On or near Sports/Recreation Area,E01021316,Basildon 018D,Drugs,Awaiting court outcome,
e5687d09a2593bec1cfd3a2556abc2111295c129e18efd983d563b7b45ebfe57,2014-08,Essex Police,Essex Police,0.498901,51.564751,On or near Rokescroft,E01021316,Basildon 018D,Other theft,Investigation complete; no suspect identified,
accab8842fefbaf6eb35b072f5c9d0f143d72eeb4389f5dfd8f283e83cd98398,2014-08,Essex Police,Essex Police,0.508354,51.567130,On or near Sports/Recreation Area,E01021316,Basildon 018D,Other theft,Investigation complete; no suspect identified,
7325d8d63c04152846f65200b9a6a4a48cbc3edbc5f0f03235230e9894dc454b,2014-08,Essex Police,Essex Police,0.504052,51.566305,On or near Supermarket,E01021316,Basildon 018D,Other theft,Under investigation,
756f5796fbe37049daab1c789ad32be88cee98df0f58b0ee1fbd538f5d8a52ec,2014-08,Essex Police,Essex Police,0.508354,51.567130,On or near Sports/Recreation Area,E01021316,Basildon 018D,Public order,Awaiting court outcome,
54b7d49314200b141165ca386ade009a2ea06b5ee6688fb6cdfa09d74867e68c,2014-08,Essex Police,Essex Police,0.504052,51.566305,On or near Supermarket,E01021316,Basildon 018D,Public order,Under investigation,
b5e96ba9570b8b7c62ce7c1263752c691a937906fac2b6293c330839ef22aa64,2014-08,Essex Police,Essex Police,0.504052,51.566305,On or near Supermarket,E01021316,Basildon 018D,Shoplifting,Offender given community sentence,
e2e9442d67091e5b26a24fd5e9365f95efcbc1c78e1fdbc6c57697816ddce3d5,2014-08,Essex Police,Essex Police,0.508183,51.565596,On or near Parkhurst Road,E01021316,Basildon 018D,Shoplifting,Under investigation,
09ac76ad31c29ee8c966785d5307a8b3c6f4fa433bf7b3bb6689f9828f093a37,2014-08,Essex Police,Essex Police,0.504768,51.564104,On or near Broadway Link,E01021316,Basildon 018D,Vehicle crime,Under investigation,
51ad82c7148f530d7d84b309b1f536c21be9506499d2a49fa8cc2d32b1f1ea1c,2014-08,Essex Police,Essex Police,0.506959,51.568266,On or near Harlech Road,E01021316,Basildon 018D,Violence and sexual offences,Under investigation,
1bfd223eb66c04daaf477f38791cc0796415a6a5ef20b059a84efb83b0346968,2014-08,Essex Police,Essex Police,0.505657,51.565066,On or near High Road,E01021316,Basildon 018D,Violence and sexual offences,Investigation complete; no suspect identified,
4490c1b6a4e63bea0ff02c8a9a99c804a85cea65b495c790fd8a10a9510276b8,2014-08,Essex Police,Essex Police,0.504052,51.566305,On or near Supermarket,E01021316,Basildon 018D,Violence and sexual offences,Investigation complete; no suspect identified,
cc364d463707c27103f107266751ceb61a9da66e513c563c59212cee580d3faf,2014-08,Essex Police,Essex Police,0.504768,51.564104,On or near Broadway Link,E01021316,Basildon 018D,Violence and sexual offences,Under investigation,
c35f548572feacbdc70afae5c8823f056e4bad51531db5433ea353eadae4b8b6,2014-08,Essex Police,Essex Police,0.504768,51.564104,On or near Broadway Link,E01021316,Basildon 018D,Violence and sexual offences,Unable to prosecute suspect,
3e80073d6c715ab9e967981fe65501e1cb8a8cd58694686ecc59c67d157a7c01,2014-08,Essex Police,Essex Police,0.508119,51.570985,On or near Bodiam Close,E01021316,Basildon 018D,Violence and sexual offences,Under investigation,
,2014-08,Essex Police,Essex Police,0.498523,51.565218,On or near Elm Green,E01021317,Basildon 018E,Anti-social behaviour,,
,2014-08,Essex Police,Essex Police,0.504477,51.568005,On or near Wickford Avenue,E01021317,Basildon 018E,Anti-social behaviour,,
,2014-08,Essex Police,Essex Police,0.496933,51.568597,On or near Buckerills,E01021317,Basildon 018E,Anti-social behaviour,,
,2014-08,Essex Police,Essex Police,0.500226,51.568374,On or near Hartford End,E01021317,Basildon 018E,Anti-social behaviour,,
,2014-08,Essex Police,Essex Police,0.496123,51.566186,On or near Pitsea Road,E01021317,Basildon 018E,Anti-social behaviour,,
,2014-08,Essex Police,Essex Police,0.497597,51.564914,On or near Gordons,E01021317,Basildon 018E,Anti-social behaviour,,
,2014-08,Essex Police,Essex Police,0.501870,51.568096,On or near Steeplehall,E01021317,Basildon 018E,Anti-social behaviour,,
,2014-08,Essex Police,Essex Police,0.496933,51.568597,On or near Buckerills,E01021317,Basildon 018E,Anti-social behaviour,,
,2014-08,Essex Police,Essex Police,0.497597,51.564914,On or near Gordons,E01021317,Basildon 018E,Anti-social behaviour,,
,2014-08,Essex Police,Essex Police,0.496933,51.568597,On or near Buckerills,E01021317,Basildon 018E,Anti-social behaviour,,
,2014-08,Essex Police,Essex Police,0.498588,51.568517,On or near Chevers Pawen,E01021317,Basildon 018E,Anti-social behaviour,,
,2014-08,Essex Police,Essex Police,0.498523,51.565218,On or near Elm Green,E01021317,Basildon 018E,Anti-social behaviour,,
,2014-08,Essex Police,Essex Police,0.503524,51.567737,On or near Maydells,E01021317,Basildon 018E,Anti-social behaviour,,
,2014-08,Essex Police,Essex Police,0.498523,51.565218,On or near Elm Green,E01021317,Basildon 018E,Anti-social behaviour,,
,2014-08,Essex Police,Essex Police,0.500226,51.568374,On or near Hartford End,E01021317,Basildon 018E,Anti-social behaviour,,
,2014-08,Essex Police,Essex Police,0.501870,51.568096,On or near Steeplehall,E01021317,Basildon 018E,Anti-social behaviour,,
,2014-08,Essex Police,Essex Police,0.502698,51.568187,On or near Piercys,E01021317,Basildon 018E,Anti-social behaviour,,
af43986797bb604ef88de4ccd5db83fe92c5afc1a04d3763b8f016ae0780446c,2014-08,Essex Police,Essex Police,0.502698,51.568187,On or near Piercys,E01021317,Basildon 018E,Bicycle theft,Under investigation,
ed3d2f85982b3a46cb26b90cef6789cf70b19d856321665fb06c826db483ef5a,2014-08,Essex Police,Essex Police,0.497597,51.564914,On or near Gordons,E01021317,Basildon 018E,Burglary,Investigation complete; no suspect identified,
7175846b4a5dc71679e109b855562851ba4b53f67f2719d04d0913c930632ef7,2014-08,Essex Police,Essex Police,0.496003,51.567160,On or near Little Garth,E01021317,Basildon 018E,Criminal damage and arson,Investigation complete; no suspect identified,
3fc74260895591d5bee65ac8ab152b0e102771112cabbf71b8f985cf7672f352,2014-08,Essex Police,Essex Police,0.503524,51.567737,On or near Maydells,E01021317,Basildon 018E,Other theft,Under investigation,
e3f3b59c57048bcf8fcee1641b7852efd80af436ac19b80fbe8c4b7454d3ddeb,2014-08,Essex Police,Essex Police,0.496123,51.566186,On or near Pitsea Road,E01021317,Basildon 018E,Other theft,Investigation complete; no suspect identified,
bcdbe1f6224005aa8b5132c8762aad85a040fb3bf052ddfbbab6875e9a095a6e,2014-08,Essex Police,Essex Police,0.504477,51.568005,On or near Wickford Avenue,E01021317,Basildon 018E,Robbery,Under investigation,
90aca6f02ae96f7968481396b39e11eb418d031097b2ed3b7dd1ab89026a5151,2014-08,Essex Police,Essex Police,0.498588,51.568517,On or near Chevers Pawen,E01021317,Basildon 018E,Vehicle crime,Investigation complete; no suspect identified,
b02688210e592f4e729e62bd614baa17ea05dae65045a7e12913c42c7d9d4406,2014-08,Essex Police,Essex Police,0.497597,51.564914,On or near Gordons,E01021317,Basildon 018E,Vehicle crime,Investigation complete; no suspect identified,
9ec6c935bd82246762eed4581d14e5c2427968aba26e35bc54a204c41fe93952,2014-08,Essex Police,Essex Police,0.500226,51.568374,On or near Hartford End,E01021317,Basildon 018E,Violence and sexual offences,Unable to prosecute suspect,
e6cf8d19c06abd66d9eb7375f7d1e28cd773925f17cf9965e6a61091db2ed70f,2014-08,Essex Police,Essex Police,0.497597,51.564914,On or near Gordons,E01021317,Basildon 018E,Violence and sexual offences,Under investigation,
4ebaf208ef27c4766ab9092e356875127da00cfd1d658a28f0b694db003826b4,2014-08,Essex Police,Essex Police,0.501870,51.568096,On or near Steeplehall,E01021317,Basildon 018E,Violence and sexual offences,Under investigation,
47d0a4aeb7b6d8578fb94eb380d5c059141887065266a4a0869af75b4b411389,2014-08,Essex Police,Essex Police,0.500226,51.568374,On or near Hartford End,E01021317,Basildon 018E,Other crime,Under investigation,
,2014-08,Essex Police,Essex Police,0.485254,51.571156,On or near Parking Area,E01021322,Basildon 019A,Anti-social behaviour,,
,2014-08,Essex Police,Essex Police,0.484983,51.570416,On or near Gibcracks,E01021322,Basildon 019A,Anti-social behaviour,,
83f260a43e3035c85019a393f61e738cb234316bc53498c0b88d649ceb023ab3,2014-08,Essex Police,Essex Police,0.481969,51.569131,On or near Fairview Road,E01021322,Basildon 019A,Burglary,Under investigation,
fdd1bb7477971fe638b3bc88b798239dd1d0c457b9db5a628809c3887c29e139,2014-08,Essex Police,Essex Police,0.483888,51.572570,On or near Chittock Gate,E01021322,Basildon 019A,Burglary,Under investigation,
d052cf32f79d5b411a0a059923428d612bfb07f0ab299688cb4e8256e09b7a7f,2014-08,Essex Police,Essex Police,0.484331,51.572750,On or near Little Chittock,E01021322,Basildon 019A,Burglary,Investigation complete; no suspect identified,
46544bf4b6b531f832cfddad91cd02e9b4a12de63a0044f61807f473af562888,2014-08,Essex Police,Essex Police,0.481554,51.569211,On or near Frettons,E01021322,Basildon 019A,Criminal damage and arson,Under investigation,
75aa71a0137de469ca1dd3b465f04f5cbc3c7a0b168c1571d0cfee637c66d69e,2014-08,Essex Police,Essex Police,0.481140,51.570614,On or near Beatty Lane,E01021322,Basildon 019A,Drugs,Under investigation,
f1de6299da3607b4a6e0dfff6d6a2ac4f24aa4f40def601957a071a219dff22e,2014-08,Essex Police,Essex Police,0.484040,51.567423,On or near Pathways,E01021322,Basildon 019A,Public order,Unable to prosecute suspect,
1be0533ca99115c507c2939c6d28985c843c2459b05062437c158f12f618bdbc,2014-08,Essex Police,Essex Police,0.484983,51.570416,On or near Gibcracks,E01021322,Basildon 019A,Shoplifting,Under investigation,
8879ba1e2664b05049886e70a7544cbb0553b3105cb39654dc7ec5202b63ee60,2014-08,Essex Police,Essex Police,0.479805,51.568349,On or near Gordon Road,E01021322,Basildon 019A,Vehicle crime,Investigation complete; no suspect identified,
d308ccc977610444e83e5eec5908235e6c3259524397a38efa7d986cce11dcb2,2014-08,Essex Police,Essex Police,0.483466,51.572238,On or near Chittock Mead,E01021322,Basildon 019A,Vehicle crime,Under investigation,
bb86ad8fa7dbe86fde82cd4615f634e75b96b775a911ab1382fce9402492e0a6,2014-08,Essex Police,Essex Police,0.483466,51.572238,On or near Chittock Mead,E01021322,Basildon 019A,Vehicle crime,Under investigation,
5861018491886ec28fe9aefc80019f671a4931017d01ad5dd6c7596e52e7db36,2014-08,Essex Police,Essex Police,0.483466,51.572238,On or near Chittock Mead,E01021322,Basildon 019A,Vehicle crime,Investigation complete; no suspect identified,
82c7f1efcc3119e29fcc0ca99a609c760db75de57eff6f1405070be9e6ff7afc,2014-08,Essex Police,Essex Police,0.484983,51.570416,On or near Gibcracks,E01021322,Basildon 019A,Vehicle crime,Under investigation,
8ad0c60e40e42e053eacda3bd9ee0ed63af516f84dfc4f15ccf9e95be96947b2,2014-08,Essex Police,Essex Police,0.479805,51.568349,On or near Gordon Road,E01021322,Basildon 019A,Vehicle crime,Awaiting court outcome,
8e25ff8dbbfa96f6cc23f7cf7aadeed1339496b10782536f4b43f3f5d01236bb,2014-08,Essex Police,Essex Police,0.485254,51.571156,On or near Parking Area,E01021322,Basildon 019A,Vehicle crime,Investigation complete; no suspect identified,
cf5c0a94db94abd4ee768dd7b3c396564a90f68ed05c5a06bb135de170097ff3,2014-08,Essex Police,Essex Police,0.481969,51.569131,On or near Fairview Road,E01021322,Basildon 019A,Vehicle crime,Investigation complete; no suspect identified,
f934e181daf02581bba0777c23c176d2ac83a3a14d1a426b2433ab88118abc0f,2014-08,Essex Police,Essex Police,0.484983,51.570416,On or near Gibcracks,E01021322,Basildon 019A,Vehicle crime,Under investigation,
0743a659c0af2f83e5736c5937b6efbc5acc39e28dfc52e74dd6375490e9d5a3,2014-08,Essex Police,Essex Police,0.481140,51.570614,On or near Beatty Lane,E01021322,Basildon 019A,Vehicle crime,Under investigation,
,2014-08,Essex Police,Essex Police,0.484843,51.564159,On or near North Crockerford,E01021323,Basildon 019B,Anti-social behaviour,,
,2014-08,Essex Police,Essex Police,0.481232,51.562752,On or near Vange Hill Drive,E01021323,Basildon 019B,Anti-social behaviour,,
,2014-08,Essex Police,Essex Police,0.483438,51.562193,On or near Oldwyk,E01021323,Basildon 019B,Anti-social behaviour,,
,2014-08,Essex Police,Essex Police,0.482633,51.563046,On or near Dewsgreen,E01021323,Basildon 019B,Anti-social behaviour,,
,2014-08,Essex Police,Essex Police,0.488976,51.563478,On or near Kent View Road,E01021323,Basildon 019B,Anti-social behaviour,,
,2014-08,Essex Police,Essex Police,0.481232,51.562752,On or near Vange Hill Drive,E01021323,Basildon 019B,Anti-social behaviour,,
,2014-08,Essex Police,Essex Police,0.484843,51.564159,On or near North Crockerford,E01021323,Basildon 019B,Anti-social behaviour,,
,2014-08,Essex Police,Essex Police,0.477355,51.563104,On or near Mapleford Sweep,E01021323,Basildon 019B,Anti-social behaviour,,
,2014-08,Essex Police,Essex Police,0.481232,51.562752,On or near Vange Hill Drive,E01021323,Basildon 019B,Anti-social behaviour,,
,2014-08,Essex Police,Essex Police,0.477355,51.563104,On or near Mapleford Sweep,E01021323,Basildon 019B,Anti-social behaviour,,
,2014-08,Essex Police,Essex Police,0.481232,51.562752,On or near Vange Hill Drive,E01021323,Basildon 019B,Anti-social behaviour,,
,2014-08,Essex Police,Essex Police,0.482633,51.563046,On or near Dewsgreen,E01021323,Basildon 019B,Anti-social behaviour,,
1d99f1cb9ea2b36a2a21ccabaf4face31571b4e741c6339279e1c1f4bcdd647b,2014-08,Essex Police,Essex Police,0.484843,51.564159,On or near North Crockerford,E01021323,Basildon 019B,Bicycle theft,Investigation complete; no suspect identified,
b109776961eae4ee4c3d0806fc89bfefaef1c0fb2c5df129849b4d6f03c787d6,2014-08,Essex Police,Essex Police,0.482633,51.563046,On or near Dewsgreen,E01021323,Basildon 019B,Criminal damage and arson,Investigation complete; no suspect identified,
3f1d974cab916d2a55b47c940667aca904da1c3585c7a1e62a5fdb6a21ba721c,2014-08,Essex Police,Essex Police,0.482633,51.563046,On or near Dewsgreen,E01021323,Basildon 019B,Other theft,Under investigation,
ff6b54c7b784473ce68bfd71b12d7d7ad67f6ed8d617b65cdf3aa349c2cb5d46,2014-08,Essex Police,Essex Police,0.483438,51.562193,On or near Oldwyk,E01021323,Basildon 019B,Vehicle crime,Investigation complete; no suspect identified,
7383e947c851215ca399dcf95343d4046bf02b7a74bb336dafa4eeaded0cbc28,2014-08,Essex Police,Essex Police,0.484843,51.564159,On or near North Crockerford,E01021323,Basildon 019B,Vehicle crime,Investigation complete; no suspect identified,
bc1354bec47a0d9876dd84941398528f073439d86116c1b6bf7a976cfa75bf1d,2014-08,Essex Police,Essex Police,0.487830,51.562837,On or near Tilney Turn,E01021323,Basildon 019B,Vehicle crime,Investigation complete; no suspect identified,
03ee88952d19bd2771857a656a6e4129eb4963d768c077fd3a150399aba70fdc,2014-08,Essex Police,Essex Police,0.485242,51.563000,On or near Middle Crockerford,E01021323,Basildon 019B,Violence and sexual offences,Awaiting court outcome,
,2014-08,Essex Police,Essex Police,0.478233,51.564929,On or near Berdens,E01021324,Basildon 019C,Anti-social behaviour,,
,2014-08,Essex Police,Essex Police,0.478516,51.565615,On or near Clay Hill Road,E01021324,Basildon 019C,Anti-social behaviour,,
,2014-08,Essex Police,Essex Police,0.480675,51.564454,On or near Pitseaville Grove,E01021324,Basildon 019C,Anti-social behaviour,,
,2014-08,Essex Police,Essex Police,0.480675,51.564454,On or near Pitseaville Grove,E01021324,Basildon 019C,Anti-social behaviour,,
,2014-08,Essex Police,Essex Police,0.473646,51.564414,On or near Swan Mead,E01021324,Basildon 019C,Anti-social behaviour,,
,2014-08,Essex Police,Essex Police,0.481222,51.566817,On or near Southview Road,E01021324,Basildon 019C,Anti-social behaviour,,
,2014-08,Essex Police,Essex Police,0.478233,51.564929,On or near Berdens,E01021324,Basildon 019C,Anti-social behaviour,,
836cdc5eb5f7e936e4502336889945968e4c3c63af83a5ab017a0c748cba033e,2014-08,Essex Police,Essex Police,0.480675,51.564454,On or near Pitseaville Grove,E01021324,Basildon 019C,Burglary,Under investigation,
712b44156256d08b497d041118153eb88bfed6d187364ceaff82dc51e340340f,2014-08,Essex Police,Essex Police,0.480675,51.564454,On or near Pitseaville Grove,E01021324,Basildon 019C,Criminal damage and arson,Investigation complete; no suspect identified,
49d58843b63e37e77f5c3fcf7f02608c0732e33c173cb51f6301eb6647ab6e7a,2014-08,Essex Police,Essex Police,0.480675,51.564454,On or near Pitseaville Grove,E01021324,Basildon 019C,Criminal damage and arson,Under investigation,
9eed0145b6cfe533538e5e1d0c8e2a67ad5cf8ab4f04b42e474735d169fa43e7,2014-08,Essex Police,Essex Police,0.481222,51.566817,On or near Southview Road,E01021324,Basildon 019C,Criminal damage and arson,Under investigation,
57755caf162bdaca38d057350513d2fe992876dcbaefc4bb01370005ba46aee4,2014-08,Essex Police,Essex Police,0.473646,51.564414,On or near Swan Mead,E01021324,Basildon 019C,Drugs,Under investigation,
b14e9f4907188ad6591793ab02460b7823ecc298d447fc3d523bf9bfc66a8786,2014-08,Essex Police,Essex Police,0.481222,51.566817,On or near Southview Road,E01021324,Basildon 019C,Other theft,Investigation complete; no suspect identified,
21a23ed4d1ce60e1a8178c9e4c0d2a67895a4615be7a054b151fb8eae956b14a,2014-08,Essex Police,Essex Police,0.478233,51.564929,On or near Berdens,E01021324,Basildon 019C,Other theft,Under investigation,
29152ae2267853110ba06f9706652107a120a065cb6ed4a00eb181117b27ea67,2014-08,Essex Police,Essex Police,0.480675,51.564454,On or near Pitseaville Grove,E01021324,Basildon 019C,Vehicle crime,Under investigation,
b57a0bb9f655642ff3e73a6a4c185d418c16e7bc1b6125c3816c5f7ac88cd570,2014-08,Essex Police,Essex Police,0.479067,51.566467,On or near Sunnedon,E01021324,Basildon 019C,Violence and sexual offences,Under investigation,
2332e165383217d188da4ec8cac0470e2a256b5c9ba9f7e46b6eebc124957c11,2014-08,Essex Police,Essex Police,0.478516,51.565615,On or near Clay Hill Road,E01021324,Basildon 019C,Violence and sexual offences,Under investigation,
88f64ef5091a48655e9528e5dd5771007b1aad20b90c0a3ec596ba46364c6116,2014-08,Essex Police,Essex Police,0.480675,51.564454,On or near Pitseaville Grove,E01021324,Basildon 019C,Violence and sexual offences,Awaiting court outcome,
6df7eeaf22fa506645d7e1a5da45cf1a603da38876ef04046645edfd89cbe8b1,2014-08,Essex Police,Essex Police,0.481222,51.566817,On or near Southview Road,E01021324,Basildon 019C,Violence and sexual offences,Under investigation,
7870ce0f5ca5577f9b4e8989bd0c1505668b1aed36bbff456306544ea9240ed2,2014-08,Essex Police,Essex Police,0.479067,51.566467,On or near Sunnedon,E01021324,Basildon 019C,Violence and sexual offences,Under investigation,
,2014-08,Essex Police,Essex Police,0.484223,51.560719,On or near Swanstead,E01021325,Basildon 019D,Anti-social behaviour,,
,2014-08,Essex Police,Essex Police,0.484223,51.560719,On or near Swanstead,E01021325,Basildon 019D,Anti-social behaviour,,
,2014-08,Essex Police,Essex Police,0.483178,51.559815,On or near Gambleside,E01021325,Basildon 019D,Anti-social behaviour,,
,2014-08,Essex Police,Essex Police,0.484223,51.560719,On or near Swanstead,E01021325,Basildon 019D,Anti-social behaviour,,
,2014-08,Essex Police,Essex Police,0.485409,51.561566,On or near South Crockerford,E01021325,Basildon 019D,Anti-social behaviour,,
,2014-08,Essex Police,Essex Police,0.484223,51.560719,On or near Swanstead,E01021325,Basildon 019D,Anti-social behaviour,,
,2014-08,Essex Police,Essex Police,0.481810,51.559070,On or near Paynters Mead,E01021325,Basildon 019D,Anti-social behaviour,,
,2014-08,Essex Police,Essex Police,0.481810,51.559070,On or near Paynters Mead,E01021325,Basildon 019D,Anti-social behaviour,,
,2014-08,Essex Police,Essex Police,0.484223,51.560719,On or near Swanstead,E01021325,Basildon 019D,Anti-social behaviour,,
,2014-08,Essex Police,Essex Police,0.484223,51.560719,On or near Swanstead,E01021325,Basildon 019D,Anti-social behaviour,,
1d13ca59352f33a81c30b029f69f18d191eb425cc37a5c719052e3857df82327,2014-08,Essex Police,Essex Police,0.485409,51.561566,On or near South Crockerford,E01021325,Basildon 019D,Burglary,Under investigation,
8823c23bcee5436808c60448355aa637e55e72c18586241b415a3a545e2e716a,2014-08,Essex Police,Essex Police,0.484223,51.560719,On or near Swanstead,E01021325,Basildon 019D,Criminal damage and arson,Under investigation,
6ee466d215b0240ce1dba7d2e02cb71b35a108112a715e51e22aedd3338d919f,2014-08,Essex Police,Essex Police,0.484223,51.560719,On or near Swanstead,E01021325,Basildon 019D,Criminal damage and arson,Investigation complete; no suspect identified,
c33dec28874e65307765d4d5b2323d82656b1c90219e69c4222a731dc4219794,2014-08,Essex Police,Essex Police,0.484223,51.560719,On or near Swanstead,E01021325,Basildon 019D,Drugs,Offender fined,
c68a957b63fc1cf80ce0d5f0994fa3c621235785ef32c17148187e6fbea36ca0,2014-08,Essex Police,Essex Police,0.484223,51.560719,On or near Swanstead,E01021325,Basildon 019D,Drugs,Awaiting court outcome,
48633a6f7b14828aee2a451566eb651d5af3b492a81842a75072516411119b77,2014-08,Essex Police,Essex Police,0.484223,51.560719,On or near Swanstead,E01021325,Basildon 019D,Other theft,Under investigation,
30b010dd9db72e78c96eed07156658c1da84fed0176b1edd22e5f681b6ab51bd,2014-08,Essex Police,Essex Police,0.481810,51.559070,On or near Paynters Mead,E01021325,Basildon 019D,Vehicle crime,Under investigation,
e04a3257587270854d4d6077b401a169d83281ff7734ddb0a76e2c814e367fbb,2014-08,Essex Police,Essex Police,0.484223,51.560719,On or near Swanstead,E01021325,Basildon 019D,Vehicle crime,Under investigation,
,2014-08,Essex Police,Essex Police,0.485678,51.567550,On or near Lindsell Lane,E01021327,Basildon 019E,Anti-social behaviour,,
,2014-08,Essex Police,Essex Police,0.483487,51.566284,On or near Parking Area,E01021327,Basildon 019E,Anti-social behaviour,,
,2014-08,Essex Police,Essex Police,0.483487,51.566284,On or near Parking Area,E01021327,Basildon 019E,Anti-social behaviour,,
,2014-08,Essex Police,Essex Police,0.483487,51.566284,On or near Parking Area,E01021327,Basildon 019E,Anti-social behaviour,,
,2014-08,Essex Police,Essex Police,0.483487,51.566284,On or near Parking Area,E01021327,Basildon 019E,Anti-social behaviour,,
,2014-08,Essex Police,Essex Police,0.490060,51.568249,On or near Luncies Road,E01021327,Basildon 019E,Anti-social behaviour,,
a76290c906bcaf4d4641875cd097fa340810c102cbd8808c31da0c0e978fa484,2014-08,Essex Police,Essex Police,0.486162,51.568763,On or near Hanover Close,E01021327,Basildon 019E,Bicycle theft,Investigation complete; no suspect identified,
86dea40cff91fe4f2557cb5a233408590ae87e125abd123ae0e5aadf7fa26cf3,2014-08,Essex Police,Essex Police,0.481838,51.564610,On or near Redgrave Road,E01021327,Basildon 019E,Bicycle theft,Investigation complete; no suspect identified,
1b94ffafafe228e6e1ab45bdad67d544d2c79b08f9d4519c41dc6d2ebb368d1d,2014-08,Essex Police,Essex Police,0.481838,51.564610,On or near Redgrave Road,E01021327,Basildon 019E,Burglary,Under investigation,
7372f673ef4f1463e89fcc7dfa697bef6e4319d104aa89d90f5459f8f64ae892,2014-08,Essex Police,Essex Police,0.487175,51.569857,On or near Kirby Road,E01021327,Basildon 019E,Burglary,Under investigation,
0f2671f086a14d575c414f8b6027ab3139b17a47b76010de3181480bf56a5b89,2014-08,Essex Police,Essex Police,0.490060,51.568249,On or near Luncies Road,E01021327,Basildon 019E,Criminal damage and arson,Investigation complete; no suspect identified,
e5598a4e1d2a6125d423c2cd34a57c1aa51f084929a1f359a0d4c88d4dfc2aef,2014-08,Essex Police,Essex Police,0.482637,51.565249,On or near Ravenscourt Drive,E01021327,Basildon 019E,Criminal damage and arson,Investigation complete; no suspect identified,
c7c497fb23989afee289e39db8fa98ca3c8729bbbd38ac8f04d78861e3e8b0a2,2014-08,Essex Police,Essex Police,0.490060,51.568249,On or near Luncies Road,E01021327,Basildon 019E,Drugs,Offender given a drugs possession warning,
1e025ca736f36c9362f3e6aed300beac294f1fba488fc1a2d064b58910d71a08,2014-08,Essex Police,Essex Police,0.481838,51.564610,On or near Redgrave Road,E01021327,Basildon 019E,Public order,Unable to prosecute suspect,
d4903b3260f56250be9a5cbe6ab1f69ba7fa7dfd6257d6a286f7ed014f934599,2014-08,Essex Police,Essex Police,0.485678,51.567550,On or near Lindsell Lane,E01021327,Basildon 019E,Public order,Unable to prosecute suspect,
5aa9d6341824b9304ffdc32b6a3c6774cfed325e3834c691fd99bbaf84a38968,2014-08,Essex Police,Essex Police,0.483066,51.565699,On or near Rookyards,E01021327,Basildon 019E,Vehicle crime,Investigation complete; no suspect identified,
0b33479950bf59efffd824fec90759294d034af0a7635e989982f7381d6ba9d3,2014-08,Essex Police,Essex Police,0.486978,51.566785,On or near Maplin Gardens,E01021327,Basildon 019E,Vehicle crime,Investigation complete; no suspect identified,
acb050cb35ceac24585021219134848a8c33ce350fd450e12267f268331fdd39,2014-08,Essex Police,Essex Police,0.486162,51.568763,On or near Hanover Close,E01021327,Basildon 019E,Vehicle crime,Investigation complete; no suspect identified,
e7c62dc3cbb314b452eac83c24e7d1493204dba5e4bb1af3d7d59009c1e46498,2014-08,Essex Police,Essex Police,0.483066,51.565699,On or near Rookyards,E01021327,Basildon 019E,Vehicle crime,Investigation complete; no suspect identified,
f4e2910bc4673fa0b48542641ec0026d3c12a76691d86a1b7901cda99d9df50a,2014-08,Essex Police,Essex Police,0.490060,51.568249,On or near Luncies Road,E01021327,Basildon 019E,Violence and sexual offences,Under investigation,
7397b25fa4d66aabbd349ce7d02949feb9a58b1c282d49f1d71d310885d8b9e3,2014-08,Essex Police,Essex Police,0.489155,51.566217,On or near Dencourt Crescent,E01021327,Basildon 019E,Violence and sexual offences,Unable to prosecute suspect,
2cbf280691c03b55f6a1a7959f44d8990ad312e766bfb3e3ac95a7d08bdd7a9d,2014-08,Essex Police,Essex Police,0.485939,51.567041,On or near Lindsell Green,E01021327,Basildon 019E,Violence and sexual offences,Awaiting court outcome,
,2014-08,Essex Police,Essex Police,0.445044,51.562226,On or near Sporhams,E01021294,Basildon 020A,Anti-social behaviour,,
,2014-08,Essex Police,Essex Police,0.447985,51.562974,On or near Gernons,E01021294,Basildon 020A,Anti-social behaviour,,
582fa17500f754cbbe561f04da0966ffce02b3808dcfd8c342083073b4e95254,2014-08,Essex Police,Essex Police,0.444776,51.563940,On or near Supermarket,E01021294,Basildon 020A,Burglary,Investigation complete; no suspect identified,
81876480546ffe03a3bf6487c16fa5356236f464072e425caeda06ec8e874b59,2014-08,Essex Police,Essex Police,0.443287,51.560671,On or near Fletchers,E01021294,Basildon 020A,Criminal damage and arson,Investigation complete; no suspect identified,
0cb31a59564a32cf2b45e232f2004f01b1b7ae143c7a523022be6d0fd144a34d,2014-08,Essex Police,Essex Police,0.440662,51.565537,On or near Paprills,E01021294,Basildon 020A,Other theft,Investigation complete; no suspect identified,
a49884085bce910cf90b07be48ad5ffe3c3056f2fab00817da867f4bc5c811c1,2014-08,Essex Police,Essex Police,0.440662,51.565537,On or near Paprills,E01021294,Basildon 020A,Vehicle crime,Investigation complete; no suspect identified,
,2014-08,Essex Police,Essex Police,0.466294,51.567222,On or near Gun Hill Place,E01021295,Basildon 020B,Anti-social behaviour,,
,2014-08,Essex Police,Essex Police,0.466294,51.567222,On or near Gun Hill Place,E01021295,Basildon 020B,Anti-social behaviour,,
,2014-08,Essex Police,Essex Police,0.472504,51.567568,On or near Mistley Side,E01021295,Basildon 020B,Anti-social behaviour,,
7d04b2e191cfee225355b2cfc7a0980ed333b869596e41a7340745eb7f3b7638,2014-08,Essex Police,Essex Police,0.470942,51.566180,On or near Mistley End,E01021295,Basildon 020B,Burglary,Investigation complete; no suspect identified,
8ad60ee4ee5dd784358da4b9eb16d0c2125df0027c1e4a305821d9680f2a9a20,2014-08,Essex Police,Essex Police,0.466294,51.567222,On or near Gun Hill Place,E01021295,Basildon 020B,Criminal damage and arson,Investigation complete; no suspect identified,
7f7daaf1dc30a0de463d2948fa8841ec86cc5e244197b7a9fc6e0f15264c9133,2014-08,Essex Police,Essex Police,0.471884,51.568111,On or near Osborne Road,E01021295,Basildon 020B,Criminal damage and arson,Under investigation,
2c543d6ca34ebd7141198e99bab4c53b72f87522bf203021a9d75449a3e66cdf,2014-08,Essex Police,Essex Police,0.466294,51.567222,On or near Gun Hill Place,E01021295,Basildon 020B,Criminal damage and arson,Investigation complete; no suspect identified,
97885eaefcc92c70ec45dca2214af05da59fe7fc7a84e2d268dd8482a421fb06,2014-08,Essex Police,Essex Police,0.472504,51.567568,On or near Mistley Side,E01021295,Basildon 020B,Vehicle crime,Under investigation,
638645b70e3373131ac3e4a7ebac1552a8b6d8be4eb72f978c79ec67de89e9ec,2014-08,Essex Police,Essex Police,0.471884,51.568111,On or near Osborne Road,E01021295,Basildon 020B,Violence and sexual offences,Under investigation,
6b8aaa70e66f99df55174b581c69db543249be19235d8658e69eacf584756f1f,2014-08,Essex Police,Essex Police,0.471884,51.568111,On or near Osborne Road,E01021295,Basildon 020B,Violence and sexual offences,Under investigation,
202da6906ba46d4115581052e5c4fca32357119c60f97ad8bfc25a7bb7661c2f,2014-08,Essex Police,Essex Police,0.466294,51.567222,On or near Gun Hill Place,E01021295,Basildon 020B,Violence and sexual offences,Unable to prosecute suspect,
542a9f86f32cfdcec8d264934d7167e034f1aaa249f690f504b4a8a3202b88a3,2014-08,Essex Police,Essex Police,0.467386,51.567397,On or near Durrington Close,E01021295,Basildon 020B,Violence and sexual offences,Under investigation,
,2014-08,Essex Police,Essex Police,0.462750,51.565722,On or near Terling,E01021296,Basildon 020C,Anti-social behaviour,,
,2014-08,Essex Police,Essex Police,0.463349,51.564523,On or near Sports/Recreation Area,E01021296,Basildon 020C,Anti-social behaviour,,
,2014-08,Essex Police,Essex Police,0.460744,51.564658,On or near Codenham Green,E01021296,Basildon 020C,Anti-social behaviour,,
,2014-08,Essex Police,Essex Police,0.460744,51.564658,On or near Codenham Green,E01021296,Basildon 020C,Anti-social behaviour,,
,2014-08,Essex Police,Essex Police,0.463191,51.566676,On or near Witchards,E01021296,Basildon 020C,Anti-social behaviour,,
,2014-08,Essex Police,Essex Police,0.460901,51.562749,On or near Latchetts Shaw,E01021296,Basildon 020C,Anti-social behaviour,,
89f0b802c5f09f4a4c9ab2ea5079089b846f232b253db41041b45fb8d692b9c7,2014-08,Essex Police,Essex Police,0.458379,51.567352,On or near Cherrydown East,E01021296,Basildon 020C,Bicycle theft,Investigation complete; no suspect identified,
f73b74058366d0b84ff39144852bf1e5bc38c6ce858f5335f5e5f2b55df3c49b,2014-08,Essex Police,Essex Police,0.458379,51.567352,On or near Cherrydown East,E01021296,Basildon 020C,Burglary,Under investigation,
70f554cd45bcaca7446db6ee18031aac778fb2ad0ec3d52a7b989f424a9bf8c3,2014-08,Essex Police,Essex Police,0.458379,51.567352,On or near Cherrydown East,E01021296,Basildon 020C,Criminal damage and arson,Investigation complete; no suspect identified,
b2a79a3451c4078790b7d3eb336591256fab676f53706816a3ccef4d17676a94,2014-08,Essex Police,Essex Police,0.458379,51.567352,On or near Cherrydown East,E01021296,Basildon 020C,Criminal damage and arson,Local resolution,
19bb1f0e2b311245e1d3a8a79a8e2b66caef646e79c651fe2623f44948da7c8c,2014-08,Essex Police,Essex Police,0.460744,51.564658,On or near Codenham Green,E01021296,Basildon 020C,Criminal damage and arson,Investigation complete; no suspect identified,
a8e6540694b3856a74836afe282f58c7733d1396bbac63d1f350ff7b5e1f3edc,2014-08,Essex Police,Essex Police,0.458379,51.567352,On or near Cherrydown East,E01021296,Basildon 020C,Drugs,Offender given a caution,
f30fafdb6a273919ae12282680acf8b2153c763a498fd635750c08c58aec09c5,2014-08,Essex Police,Essex Police,0.458379,51.567352,On or near Cherrydown East,E01021296,Basildon 020C,Other theft,Investigation complete; no suspect identified,
34c31f22491a97564cff5bfe7a68eec9b49ee7e9019b16434aa7974577b3a767,2014-08,Essex Police,Essex Police,0.458379,51.567352,On or near Cherrydown East,E01021296,Basildon 020C,Other theft,Under investigation,
91fd7b27336bd98302800943e1c37ef602b846ba9a71b0a8e7fb5d041f01702f,2014-08,Essex Police,Essex Police,0.458379,51.567352,On or near Cherrydown East,E01021296,Basildon 020C,Vehicle crime,Investigation complete; no suspect identified,
121f4ab6325181d87e75d2fda8943b3b56e084a64a590dec46aca39dbf36ec8c,2014-08,Essex Police,Essex Police,0.463191,51.566676,On or near Witchards,E01021296,Basildon 020C,Vehicle crime,Investigation complete; no suspect identified,
f5925c2af49a9bf1badd04ccb9821b54be3d218bad3d92bbceecef857ba92a60,2014-08,Essex Police,Essex Police,0.458379,51.567352,On or near Cherrydown East,E01021296,Basildon 020C,Violence and sexual offences,Unable to prosecute suspect,
1c9a08bc0dfd267b0820e991087d142eca2d0552638c49e476ab36891864ffa0,2014-08,Essex Police,Essex Police,0.458379,51.567352,On or near Cherrydown East,E01021296,Basildon 020C,Violence and sexual offences,Under investigation,
e496aea17ac259b426526afb539509f7a05aa42fbafdd32b278bb81f99281acd,2014-08,Essex Police,Essex Police,0.463349,51.564523,On or near Sports/Recreation Area,E01021296,Basildon 020C,Violence and sexual offences,Under investigation,
,2014-08,Essex Police,Essex Police,0.451568,51.563609,On or near Eastley,E01021297,Basildon 020D,Anti-social behaviour,,
,2014-08,Essex Police,Essex Police,0.451568,51.563609,On or near Eastley,E01021297,Basildon 020D,Anti-social behaviour,,
,2014-08,Essex Police,Essex Police,0.451568,51.563609,On or near Eastley,E01021297,Basildon 020D,Anti-social behaviour,,
,2014-08,Essex Police,Essex Police,0.455025,51.557871,On or near Fobbing Farm Close,E01021297,Basildon 020D,Anti-social behaviour,,
,2014-08,Essex Police,Essex Police,0.455025,51.557871,On or near Fobbing Farm Close,E01021297,Basildon 020D,Anti-social behaviour,,
,2014-08,Essex Police,Essex Police,0.451568,51.563609,On or near Eastley,E01021297,Basildon 020D,Anti-social behaviour,,
d9d7fe4805ede27306c24b62ee40cdeea741f9459cce185894321b0dbcf74fc2,2014-08,Essex Police,Essex Police,0.453609,51.566409,On or near Fauners,E01021297,Basildon 020D,Bicycle theft,Investigation complete; no suspect identified,
5e68844c19a1b6a83a798776a46288f4538fc7909a0cb6f5c45c3782afc19152,2014-08,Essex Police,Essex Police,0.455301,51.567282,On or near Parking Area,E01021297,Basildon 020D,Burglary,Under investigation,
f837f2ec212f5f035431aa0a38936f8799efeb29176cd3ffdd349aa66efb1422,2014-08,Essex Police,Essex Police,0.455025,51.557871,On or near Fobbing Farm Close,E01021297,Basildon 020D,Drugs,Awaiting court outcome,
44f6286ee9772d416342996fa0d8abb543230e876bde6159f7e70b0c88689084,2014-08,Essex Police,Essex Police,0.455025,51.557871,On or near Fobbing Farm Close,E01021297,Basildon 020D,Other theft,Investigation complete; no suspect identified,
722147e9f623ef4a8cfbe637ac0e7faf1ea9267f37a563f6549a33eb9be9573a,2014-08,Essex Police,Essex Police,0.455025,51.557871,On or near Fobbing Farm Close,E01021297,Basildon 020D,Other theft,Investigation complete; no suspect identified,
f9bc7554b01c298becb2014de7237f0f96c995d17dea758558c3fc843677bf56,2014-08,Essex Police,Essex Police,0.453369,51.567043,On or near Bessemer Close,E01021297,Basildon 020D,Other theft,Under investigation,
9acdeed11e95bba8f2f76c3f923f56c792546915e66efa7566fa907cdcc0041d,2014-08,Essex Police,Essex Police,0.455025,51.557871,On or near Fobbing Farm Close,E01021297,Basildon 020D,Public order,Under investigation,
9f700b45ede6952191f938bfe8f8fa5fe16efee6669a4513e275d6e9c83b818e,2014-08,Essex Police,Essex Police,0.453609,51.566409,On or near Fauners,E01021297,Basildon 020D,Vehicle crime,Awaiting court outcome,
69b74845c9effba5000386c4bc4511b5dee74afb767468aa7e9519c507a46099,2014-08,Essex Police,Essex Police,0.455025,51.557871,On or near Fobbing Farm Close,E01021297,Basildon 020D,Vehicle crime,Investigation complete; no suspect identified,
49ff91390a855b7d4240916d3d91a4c65cd0f038f066293578ea893f9c58ea6b,2014-08,Essex Police,Essex Police,0.455025,51.557871,On or near Fobbing Farm Close,E01021297,Basildon 020D,Violence and sexual offences,Awaiting court outcome,
273f2658e19b4ae2a68e7441d89201235f0cd12caf45b470fa29283e8f88b64a,2014-08,Essex Police,Essex Police,0.455025,51.557871,On or near Fobbing Farm Close,E01021297,Basildon 020D,Violence and sexual offences,Unable to prosecute suspect,
7c3acba94f66d6d6f474e81554c9dabe7628f1239c8f421df1ba539942d766a3,2014-08,Essex Police,Essex Police,0.455025,51.557871,On or near Fobbing Farm Close,E01021297,Basildon 020D,Violence and sexual offences,Awaiting court outcome,
b7b201b7cb37fa5c2144a24754d894b7f6a028aa49625d25c803ad55f1bdd7e5,2014-08,Essex Police,Essex Police,0.455025,51.557871,On or near Fobbing Farm Close,E01021297,Basildon 020D,Violence and sexual offences,Under investigation,
db8e016c161d17291269a5ff5e04beb98e4038e53e1fc300291d27e5602803f3,2014-08,Essex Police,Essex Police,0.455025,51.557871,On or near Fobbing Farm Close,E01021297,Basildon 020D,Violence and sexual offences,Under investigation,
,2014-08,Essex Police,Essex Police,0.464140,51.561547,On or near Ravensdale,E01021299,Basildon 020E,Anti-social behaviour,,
,2014-08,Essex Police,Essex Police,0.461407,51.562495,On or near Langleys,E01021299,Basildon 020E,Anti-social behaviour,,
,2014-08,Essex Police,Essex Police,0.464140,51.561547,On or near Ravensdale,E01021299,Basildon 020E,Anti-social behaviour,,
,2014-08,Essex Police,Essex Police,0.453472,51.561447,On or near Lee Woottens Lane,E01021299,Basildon 020E,Anti-social behaviour,,
df538fee5e355463b31ac8af72179a95920e2a5bbe161c54ef1235d173c411eb,2014-08,Essex Police,Essex Police,0.457546,51.561272,On or near Lingcroft,E01021299,Basildon 020E,Criminal damage and arson,Investigation complete; no suspect identified,
deb1838fcd7fc87b59366bdb2d820a56959c686eab3744c72bf79f2dee3ca7a1,2014-08,Essex Police,Essex Police,0.462833,51.553373,On or near Leonard Road,E01021299,Basildon 020E,Other theft,Under investigation,
bf8d5d4c1fd59a1f4d317d1b278de504bf0f17eb658b608df66cbb77bfbec965,2014-08,Essex Police,Essex Police,0.458632,51.559747,On or near Sports/Recreation Area,E01021299,Basildon 020E,Other theft,Investigation complete; no suspect identified,
b8adceeb0f326a777e3527e276f13f0110c88205e917caa9ae98a1c97f01ba60,2014-08,Essex Police,Essex Police,0.459798,51.561027,On or near Sparrows Herne,E01021299,Basildon 020E,Public order,Under investigation,
f6d242faf1cee350f3a9b090ccbb0c50bd78c20f9a52735cd87034442f2f5f1b,2014-08,Essex Police,Essex Police,0.464140,51.561547,On or near Ravensdale,E01021299,Basildon 020E,Vehicle crime,Investigation complete; no suspect identified,
15dcaeae738c5d8675f13dcdfb826077b68ce5fae707eaa5709d7343b2f487d3,2014-08,Essex Police,Essex Police,0.456384,51.559264,On or near Linnets,E01021299,Basildon 020E,Violence and sexual offences,Unable to prosecute suspect,
e060abaac8b307e4b97cfc5ce0fed405ea180e9df899d430c29ace2853ddcdd2,2014-08,Essex Police,Essex Police,0.463470,51.551813,On or near Vange Park Road,E01021299,Basildon 020E,Violence and sexual offences,Investigation complete; no suspect identified,
93a9d6e18316e8a0225f84aba2d7356b32cc126902cd76f3082b8cb529aa29cf,2014-08,Essex Police,Essex Police,0.454832,51.561518,On or near Whiteshott,E01021299,Basildon 020E,Violence and sexual offences,Unable to prosecute suspect,
97a37d06cbf4f1960376794f4584cf1b131fd0aa076d5c3019fe1bad3b9f240c,2014-08,Essex Police,Essex Police,0.465444,51.563247,On or near Peregrine Close,E01021299,Basildon 020E,Violence and sexual offences,Under investigation,
,2014-08,Essex Police,Essex Police,0.407536,51.566176,On or near Mahonia Drive,E01021280,Basildon 021A,Anti-social behaviour,,
,2014-08,Essex Police,Essex Police,0.402650,51.565998,On or near Northampton Grove,E01021280,Basildon 021A,Anti-social behaviour,,
,2014-08,Essex Police,Essex Police,0.409239,51.564531,On or near Dovedale Close,E01021280,Basildon 021A,Anti-social behaviour,,
91021e419127bbce692c5b65af373e795853f921f522c268a0c3f14f153069c0,2014-08,Essex Police,Essex Police,0.406204,51.564180,On or near Jasmine Close,E01021280,Basildon 021A,Burglary,Under investigation,
6dea18def968ff524bdff0009437088385d07c5e6e50e0feeacbff09bd001950,2014-08,Essex Police,Essex Police,0.404516,51.566904,On or near Oakham Close,E01021280,Basildon 021A,Criminal damage and arson,Under investigation,
2825b11c7cc58fee8023248e1085faafdbf5a32d33b1f3a05bdf34d5daa71794,2014-08,Essex Police,Essex Police,0.410530,51.564667,On or near Sherwood Close,E01021280,Basildon 021A,Vehicle crime,Investigation complete; no suspect identified,
,2014-08,Essex Police,Essex Police,0.412853,51.566022,On or near Great Berry Lane,E01021281,Basildon 021B,Anti-social behaviour,,
,2014-08,Essex Police,Essex Police,0.412223,51.564758,On or near New Avenue,E01021281,Basildon 021B,Anti-social behaviour,,
,2014-08,Essex Police,Essex Police,0.412853,51.566022,On or near Great Berry Lane,E01021281,Basildon 021B,Anti-social behaviour,,
93b3a30ed579ff4e6c3f107ae651d7ef39c5766d407b16f98b1ea7bf87d7cf15,2014-08,Essex Police,Essex Police,0.413497,51.564840,On or near Welbeck Drive,E01021281,Basildon 021B,Burglary,Under investigation,
8595b1c94e9068e3bdac739ed610399c9b7c0ac450b48bc0c4ef3ab7e4638e87,2014-08,Essex Police,Essex Police,0.420003,51.568060,On or near Mandeville Way,E01021281,Basildon 021B,Burglary,Investigation complete; no suspect identified,
623c3ea438cd1fd3ed2679f51f2eb72fcb716235cc46cf9b0aa98832c830864e,2014-08,Essex Police,Essex Police,0.412853,51.566022,On or near Great Berry Lane,E01021281,Basildon 021B,Vehicle crime,Investigation complete; no suspect identified,
0074c4a4f27dd2cb31f60c48dd59aadef531620882837dabbf25b7ce3b6f13b7,2014-08,Essex Police,Essex Police,0.413497,51.564840,On or near Welbeck Drive,E01021281,Basildon 021B,Vehicle crime,Under investigation,
07225a634679a8c64f5b9f206e3d163930929d21a4d2fc84afdab5a13d36be38,2014-08,Essex Police,Essex Police,0.420683,51.565375,On or near Vowler Road,E01021281,Basildon 021B,Vehicle crime,Under investigation,
23fb9d028055f2ee99c926083c61728ea68e65f01612690a48ce0e5fa48ef442,2014-08,Essex Police,Essex Police,0.413497,51.564840,On or near Welbeck Drive,E01021281,Basildon 021B,Vehicle crime,Investigation complete; no suspect identified,
f6341bb9dde92af1d9bcd78049d83ec5c1e1ee81ade533355fdefd9d861716f3,2014-08,Essex Police,Essex Police,0.412223,51.564758,On or near New Avenue,E01021281,Basildon 021B,Vehicle crime,Investigation complete; no suspect identified,
,2014-08,Essex Police,Essex Police,0.424112,51.566635,On or near Milton Green,E01021282,Basildon 021C,Anti-social behaviour,,
,2014-08,Essex Police,Essex Police,0.439130,51.566567,On or near Mandeville Way,E01021282,Basildon 021C,Anti-social behaviour,,
,2014-08,Essex Police,Essex Police,0.438472,51.551571,On or near Dry Street,E01021282,Basildon 021C,Anti-social behaviour,,
8e36f7e2af0d344536618754a1f0ef03170cf8aa4436f96dea6dd5343f064210,2014-08,Essex Police,Essex Police,0.424112,51.566635,On or near Milton Green,E01021282,Basildon 021C,Burglary,Under investigation,
8555dc76bd8a2ac1531d623a7aac77e0549eae6a83449d2919f3953400f82c76,2014-08,Essex Police,Essex Police,0.430606,51.558794,On or near Lee Chapel Lane,E01021282,Basildon 021C,Burglary,Investigation complete; no suspect identified,
d8178c5ebfadc4d013e50f1480a58775582b1844b2b6bd1b447d857e5caa0f86,2014-08,Essex Police,Essex Police,0.438472,51.551571,On or near Dry Street,E01021282,Basildon 021C,Drugs,Offender given a drugs possession warning,
f7e38d43d549d0563226603a366c159d0a74baa508ea465634436a70cd09ef3e,2014-08,Essex Police,Essex Police,0.426859,51.556713,On or near Beeleigh Avenue,E01021282,Basildon 021C,Drugs,Offender given a drugs possession warning,
38fdbc34610f1d4a73e4b1d4b211ca498ea90ad6db8d38e51055294564432df1,2014-08,Essex Police,Essex Police,0.438472,51.551571,On or near Dry Street,E01021282,Basildon 021C,Drugs,Offender given a drugs possession warning,
afb5aefe0765387072584364fbdd819b07f33e6591fb8e4fada045dad6501f38,2014-08,Essex Police,Essex Police,0.438472,51.551571,On or near Dry Street,E01021282,Basildon 021C,Drugs,Offender given a drugs possession warning,
01ca5336ced16292dadab8f481d5bc69ec4ccd2a4b7be4bf5088bd52b2e5672c,2014-08,Essex Police,Essex Police,0.438472,51.551571,On or near Dry Street,E01021282,Basildon 021C,Drugs,Offender given a drugs possession warning,
37949dd95588b160149d7ef76e61159d3d2d89c61dbf85c9afa5fa465dc4ef1b,2014-08,Essex Police,Essex Police,0.415927,51.562487,On or near Barons Way,E01021282,Basildon 021C,Vehicle crime,Investigation complete; no suspect identified,
88d07bd39e1501cc96d9cf1461a2d8b6753fb47f3e9b855d0d3564ebee4ca206,2014-08,Essex Police,Essex Police,0.416778,51.563315,On or near The Durdans,E01021282,Basildon 021C,Vehicle crime,Investigation complete; no suspect identified,
9395e310b6d26e4674885662c4faa0267e1d7f81446e437531534e8a5b3d102f,2014-08,Essex Police,Essex Police,0.438472,51.551571,On or near Dry Street,E01021282,Basildon 021C,Vehicle crime,Investigation complete; no suspect identified,
5d3d51ab64a41861ed1a47ebd4c24720172c07a1afa23916464eeb21e71a9f0f,2014-08,Essex Police,Essex Police,0.418131,51.558899,On or near Firmans,E01021282,Basildon 021C,Vehicle crime,Under investigation,
f67848b7d08b08e5ba130b0d57359931c893614ee1ce95a69064ec5b320472a5,2014-08,Essex Police,Essex Police,0.417807,51.562844,On or near Roseberry Avenue,E01021282,Basildon 021C,Vehicle crime,Investigation complete; no suspect identified,
794974f1d5224bcb140a03f8428008e1b0e77f468ef222b2e0b0a22c5acf5f69,2014-08,Essex Police,Essex Police,0.417807,51.562844,On or near Roseberry Avenue,E01021282,Basildon 021C,Vehicle crime,Investigation complete; no suspect identified,
aa9e68fa3454c69bb2f28b91ad34f0417ffd0940f86142509c827e377fdcecbe,2014-08,Essex Police,Essex Police,0.416778,51.563315,On or near The Durdans,E01021282,Basildon 021C,Vehicle crime,Investigation complete; no suspect identified,
,2014-08,Essex Police,Essex Police,0.424279,51.560822,On or near Whitcroft,E01021283,Basildon 021D,Anti-social behaviour,,
,2014-08,Essex Police,Essex Police,0.424066,51.561708,On or near The Hyde,E01021283,Basildon 021D,Anti-social behaviour,,
,2014-08,Essex Police,Essex Police,0.424279,51.560822,On or near Whitcroft,E01021283,Basildon 021D,Anti-social behaviour,,
,2014-08,Essex Police,Essex Police,0.424279,51.560822,On or near Whitcroft,E01021283,Basildon 021D,Anti-social behaviour,,
,2014-08,Essex Police,Essex Police,0.425674,51.562916,On or near Rye Mead,E01021283,Basildon 021D,Anti-social behaviour,,
,2014-08,Essex Police,Essex Police,0.424130,51.561284,On or near Lippits Hill,E01021283,Basildon 021D,Anti-social behaviour,,
,2014-08,Essex Police,Essex Police,0.422618,51.558617,On or near Wiscombe Hill,E01021283,Basildon 021D,Anti-social behaviour,,
,2014-08,Essex Police,Essex Police,0.424066,51.561708,On or near The Hyde,E01021283,Basildon 021D,Anti-social behaviour,,
d4fbb0e9157195f5e089d1600fee128d847a378902af9d274e80db09a45a8722,2014-08,Essex Police,Essex Police,0.421303,51.560488,On or near High Oaks,E01021283,Basildon 021D,Burglary,Investigation complete; no suspect identified,
9ddd054eb105ca3d7d02ea16a82b0658c7cce13cc054481f7780742531508896,2014-08,Essex Police,Essex Police,0.423449,51.563672,On or near Pedestrian Subway,E01021283,Basildon 021D,Burglary,Investigation complete; no suspect identified,
76f72fc592e38343ec85d8ac95aa128253993484e82ece1e4135605949552bdd,2014-08,Essex Police,Essex Police,0.424066,51.561708,On or near The Hyde,E01021283,Basildon 021D,Criminal damage and arson,Investigation complete; no suspect identified,
cf6b1016904b7b861cb821412cf12f0778276745ac051b3ff24f57faaad41938,2014-08,Essex Police,Essex Police,0.424279,51.560822,On or near Whitcroft,E01021283,Basildon 021D,Criminal damage and arson,Investigation complete; no suspect identified,
124f6e6318ebd0e9714541d37450a30687cd4613566c095d6ac1f2f7c7443fc7,2014-08,Essex Police,Essex Police,0.425659,51.565614,On or near Valence Way,E01021283,Basildon 021D,Criminal damage and arson,Investigation complete; no suspect identified,
8f650a92494b4b4748bb45466ded9295635a447e39153f3c3be154a9e06228d5,2014-08,Essex Police,Essex Police,0.421799,51.561395,On or near Pedestrian Subway,E01021283,Basildon 021D,Other theft,Investigation complete; no suspect identified,
ff621eadb38e4d232f1fa0fab06fb9dc39c36ba9282a0bb1f2f70bf92945a443,2014-08,Essex Police,Essex Police,0.421799,51.561395,On or near Pedestrian Subway,E01021283,Basildon 021D,Shoplifting,Under investigation,
4467821e60f6f3ad70df8f85c10f482bdd82db90a5929175bc4b20cdcf646dd9,2014-08,Essex Police,Essex Police,0.421799,51.561395,On or near Pedestrian Subway,E01021283,Basildon 021D,Shoplifting,Local resolution,
89d746051075deb1bcfedcc473fc3c47f3e561004f2359e0745e37a6e720defb,2014-08,Essex Police,Essex Police,0.421799,51.561395,On or near Pedestrian Subway,E01021283,Basildon 021D,Shoplifting,Under investigation,
de3a4c352ed14c7184392ffd5ca48430d6aab53552af7a65caa8f4280672501c,2014-08,Essex Police,Essex Police,0.421799,51.561395,On or near Pedestrian Subway,E01021283,Basildon 021D,Shoplifting,Under investigation,
eed24e57cdbef70efbb4014aba98c0ec6dd6b47450ffc40f9e1296de29b22fce,2014-08,Essex Police,Essex Police,0.425659,51.565614,On or near Valence Way,E01021283,Basildon 021D,Vehicle crime,Under investigation,
79c22cd623887fed483cb627a848b4e612809014f2ffea0cac2578a35bc1a3f8,2014-08,Essex Police,Essex Police,0.424066,51.561708,On or near The Hyde,E01021283,Basildon 021D,Vehicle crime,Investigation complete; no suspect identified,
4d400400b039068c84d6e6a6ae8d903cd4f402ea53ea6e9f18cf7292d0cbac3c,2014-08,Essex Police,Essex Police,0.419335,51.559827,On or near Corona Road,E01021283,Basildon 021D,Vehicle crime,Under investigation,
a0298e7cca477946489e886f41d0eded6df2be4d08266ee94b843bdad238bcb6,2014-08,Essex Police,Essex Police,0.421373,51.559893,On or near The Waterfalls,E01021283,Basildon 021D,Vehicle crime,Investigation complete; no suspect identified,
b5feb8b0d5399e27680ccdc5449104396a93f7e1728f67f2bb9e932d4d7b7ec2,2014-08,Essex Police,Essex Police,0.423764,51.558477,On or near Prescott,E01021283,Basildon 021D,Vehicle crime,Investigation complete; no suspect identified,
3ec2a94624a800556e0b1d265e0d30d24171b6a82254023de9bdf379f10346da,2014-08,Essex Police,Essex Police,0.424279,51.560822,On or near Whitcroft,E01021283,Basildon 021D,Violence and sexual offences,Unable to prosecute suspect,
54b4b8440888321f6454d81e834b87d6188b4c9061152b574bef9ee6b3a1093d,2014-08,Essex Police,Essex Police,0.421799,51.561395,On or near Pedestrian Subway,E01021283,Basildon 021D,Violence and sexual offences,Unable to prosecute suspect,
8d14cdb0bed2c29d5a990f23cbe84ab40aff71e416f6b6a64215c417dfc1cf18,2014-08,Essex Police,Essex Police,0.425674,51.562916,On or near Rye Mead,E01021283,Basildon 021D,Violence and sexual offences,Unable to prosecute suspect,
,2014-08,Essex Police,Essex Police,0.403411,51.563464,On or near High Bank,E01021284,Basildon 021E,Anti-social behaviour,,
,2014-08,Essex Police,Essex Police,0.400998,51.566148,On or near Highview Avenue,E01021284,Basildon 021E,Anti-social behaviour,,
ec8e776e8d22bf224d12d6a6b36c875957429a8414e875b0e093d821763d627b,2014-08,Essex Police,Essex Police,0.405847,51.563972,On or near Forest Glade,E01021284,Basildon 021E,Criminal damage and arson,Investigation complete; no suspect identified,
bf0eec25fd285f992fa48dd48edb7abdcd60e4dc60f8a0fed9a88592b7e83cdd,2014-08,Essex Police,Essex Police,0.392137,51.562561,On or near Lower Dunton Road,E01021284,Basildon 021E,Other theft,Investigation complete; no suspect identified,
86251d464a04bd98ac7f8904ab09d076b1a91cd86f5ab8adbe1bf062d9a15993,2014-08,Essex Police,Essex Police,0.399684,51.567767,On or near Supermarket,E01021284,Basildon 021E,Other theft,Under investigation,
07ee6b08bfa43fb8dedbbb7eccbd671e746c8267aec2e75cce4847fd4f93cfe1,2014-08,Essex Police,Essex Police,0.399684,51.567767,On or near Supermarket,E01021284,Basildon 021E,Shoplifting,Offender fined,
1550c0cb5e7add7346a864c98a95bd868dcb38f3b601529397667b77e4b538ca,2014-08,Essex Police,Essex Police,0.404611,51.563520,On or near Sunnyside,E01021284,Basildon 021E,Vehicle crime,Investigation complete; no suspect identified,
7bf68559eaffbf558a81dd00ac9361b3c59aed81c25e29549bd27c01b4ee2ae5,2014-08,Essex Police,Essex Police,0.404042,51.563397,On or near Hollybank,E01021284,Basildon 021E,Vehicle crime,Investigation complete; no suspect identified,
9ab8108aeedadc08c1771b157889fd8f7bf250532f281e31e0eee08610d58940,2014-08,Essex Police,Essex Police,0.404611,51.563520,On or near Sunnyside,E01021284,Basildon 021E,Vehicle crime,Unable to prosecute suspect,
a546b2f0525399add0630664151ff44414b9876523ca7f9aa5f02f7f3bcebbcf,2014-08,Essex Police,Essex Police,0.409871,51.562297,On or near Hayrick Close,E01021284,Basildon 021E,Vehicle crime,Under investigation,
b3437de9e8c22d95fadddeac9bd48669a5b94c5a54c38c80a39d4a294f86be74,2014-08,Essex Police,Essex Police,0.402307,51.563064,On or near Reeves Close,E01021284,Basildon 021E,Violence and sexual offences,Unable to prosecute suspect,
d27bfb14c7cbb7adb8b3c546ab30c4f5605529a36462026009447304c5aac8f4,2014-08,Essex Police,Essex Police,0.399583,51.566123,On or near Fern Walk,E01021284,Basildon 021E,Violence and sexual offences,Offender given a caution,
,2014-08,Essex Police,Essex Police,0.406394,51.568862,On or near Osterley Drive,E01021285,Basildon 021F,Anti-social behaviour,,
,2014-08,Essex Police,Essex Police,0.411950,51.567497,On or near Shakespeare Avenue,E01021285,Basildon 021F,Anti-social behaviour,,
,2014-08,Essex Police,Essex Police,0.409650,51.568768,On or near Carte Place,E01021285,Basildon 021F,Anti-social behaviour,,
113006c8b36aeaa34752bdc1ad0d2589287aa987604ef546237a0a908ee72355,2014-08,Essex Police,Essex Police,0.402278,51.568523,On or near Worcester Close,E01021285,Basildon 021F,Other theft,Under investigation,
a4be64a34cb28cad6612ad5257b0195997307130526d65281428554496c48b75,2014-08,Essex Police,Essex Police,0.402843,51.566929,On or near Oxford Close,E01021285,Basildon 021F,Vehicle crime,Investigation complete; no suspect identified,
,2014-08,Essex Police,Essex Police,0.480172,51.558404,On or near Mountview Close,E01021300,Basildon 022A,Anti-social behaviour,,
,2014-08,Essex Police,Essex Police,0.483073,51.557083,On or near Moss Drive,E01021300,Basildon 022A,Anti-social behaviour,,
,2014-08,Essex Police,Essex Police,0.478933,51.557099,On or near Seaview Avenue,E01021300,Basildon 022A,Anti-social behaviour,,
,2014-08,Essex Police,Essex Police,0.480172,51.558404,On or near Mountview Close,E01021300,Basildon 022A,Anti-social behaviour,,
,2014-08,Essex Police,Essex Police,0.480172,51.558404,On or near Mountview Close,E01021300,Basildon 022A,Anti-social behaviour,,
,2014-08,Essex Police,Essex Police,0.481169,51.556035,On or near The Slades,E01021300,Basildon 022A,Anti-social behaviour,,
,2014-08,Essex Police,Essex Police,0.478328,51.555529,On or near Deneway,E01021300,Basildon 022A,Anti-social behaviour,,
,2014-08,Essex Police,Essex Police,0.478328,51.555529,On or near Deneway,E01021300,Basildon 022A,Anti-social behaviour,,
,2014-08,Essex Police,Essex Police,0.478328,51.555529,On or near Deneway,E01021300,Basildon 022A,Anti-social behaviour,,
,2014-08,Essex Police,Essex Police,0.480172,51.558404,On or near Mountview Close,E01021300,Basildon 022A,Anti-social behaviour,,
,2014-08,Essex Police,Essex Police,0.480172,51.558404,On or near Mountview Close,E01021300,Basildon 022A,Anti-social behaviour,,
,2014-08,Essex Police,Essex Police,0.478234,51.554865,On or near Glenmere,E01021300,Basildon 022A,Anti-social behaviour,,
,2014-08,Essex Police,Essex Police,0.478328,51.555529,On or near Deneway,E01021300,Basildon 022A,Anti-social behaviour,,
,2014-08,Essex Police,Essex Police,0.478933,51.557099,On or near Seaview Avenue,E01021300,Basildon 022A,Anti-social behaviour,,
,2014-08,Essex Police,Essex Police,0.478234,51.554865,On or near Glenmere,E01021300,Basildon 022A,Anti-social behaviour,,
,2014-08,Essex Police,Essex Police,0.480172,51.558404,On or near Mountview Close,E01021300,Basildon 022A,Anti-social behaviour,,
,2014-08,Essex Police,Essex Police,0.478234,51.554865,On or near Glenmere,E01021300,Basildon 022A,Anti-social behaviour,,
,2014-08,Essex Police,Essex Police,0.478234,51.554865,On or near Glenmere,E01021300,Basildon 022A,Anti-social behaviour,,
,2014-08,Essex Police,Essex Police,0.480172,51.558404,On or near Mountview Close,E01021300,Basildon 022A,Anti-social behaviour,,
ebcadb76252014b75f454896a59b34c54948b6005e790f061150fd501d264a2a,2014-08,Essex Police,Essex Police,0.483073,51.557083,On or near Moss Drive,E01021300,Basildon 022A,Burglary,Under investigation,
9ac9ac0d09b0e93a5e84b7f4955eaeb7b99cdb556e95479cea92b9408a79e74b,2014-08,Essex Police,Essex Police,0.478933,51.557099,On or near Seaview Avenue,E01021300,Basildon 022A,Criminal damage and arson,Investigation complete; no suspect identified,
c07043e437843f6536a2b5cd3a004d2092e074b92066e6d7511ddd4c2a2cbe79,2014-08,Essex Police,Essex Police,0.483073,51.557083,On or near Moss Drive,E01021300,Basildon 022A,Robbery,Under investigation,
7f76186777ceddcd3b5000bcfbc1d0c8b5dca08e1617beb0ccd55751139c5e5b,2014-08,Essex Police,Essex Police,0.481372,51.557641,On or near Marsh View Court,E01021300,Basildon 022A,Theft from the person,Under investigation,
93f738562c9173602361c2b8e2efc49a610e7dbfdd05864ee9a8515b30e5e0e0,2014-08,Essex Police,Essex Police,0.478328,51.555529,On or near Deneway,E01021300,Basildon 022A,Vehicle crime,Investigation complete; no suspect identified,
a26328c6793644c193115306ce9f1dc7d388d74928802804b964cee7ffddf653,2014-08,Essex Police,Essex Police,0.481528,51.555218,On or near Barnard Close,E01021300,Basildon 022A,Vehicle crime,Investigation complete; no suspect identified,
,2014-08,Essex Police,Essex Police,0.505195,51.560327,On or near Parking Area,E01021310,Basildon 022B,Anti-social behaviour,,
,2014-08,Essex Police,Essex Police,0.498036,51.560803,On or near The Glen,E01021310,Basildon 022B,Anti-social behaviour,,
,2014-08,Essex Police,Essex Police,0.498815,51.561866,On or near Waterville Drive,E01021310,Basildon 022B,Anti-social behaviour,,
,2014-08,Essex Police,Essex Police,0.498036,51.560803,On or near The Glen,E01021310,Basildon 022B,Anti-social behaviour,,
,2014-08,Essex Police,Essex Police,0.502267,51.562719,On or near Supermarket,E01021310,Basildon 022B,Anti-social behaviour,,
10d5122a62cbcd1accdbcd8a2769f380f217a0c71f5b8b238f082f98b0885ba8,2014-08,Essex Police,Essex Police,0.502267,51.562719,On or near Supermarket,E01021310,Basildon 022B,Bicycle theft,Under investigation,
8d0a426e3ef48162b2f64f1d1827dfd843325927d3323a2fd1006846a6360e7e,2014-08,Essex Police,Essex Police,0.506467,51.564041,On or near Shopping Area,E01021310,Basildon 022B,Drugs,Offender fined,
00ff07d01335e0b25ae5a54ee091dfa64248985cf754a33d341fe943a20a183e,2014-08,Essex Police,Essex Police,0.505195,51.560327,On or near Parking Area,E01021310,Basildon 022B,Other theft,Under investigation,
74b99db553d064271bdd578891882a94e4c35c4c6915cd345aca7119876680de,2014-08,Essex Police,Essex Police,0.504894,51.548561,On or near Parking Area,E01021310,Basildon 022B,Other theft,Investigation complete; no suspect identified,
6b83f7f7a90d9d2bfbc37830444093e8b9615e30b0727fdf3847572c3a2a4172,2014-08,Essex Police,Essex Police,0.502267,51.562719,On or near Supermarket,E01021310,Basildon 022B,Other theft,Investigation complete; no suspect identified,
4afbf48467820562e2be58836b6cc746d07ac502011bd4a2839dc371b4abee53,2014-08,Essex Police,Essex Police,0.504894,51.548561,On or near Parking Area,E01021310,Basildon 022B,Other theft,Investigation complete; no suspect identified,
e2b98ca6b7d5a23657f947e56f6003f0b44651d1120cb3727245c750d4a172b2,2014-08,Essex Police,Essex Police,0.505195,51.560327,On or near Parking Area,E01021310,Basildon 022B,Other theft,Investigation complete; no suspect identified,
d44ee58b98ef5b3e5903d60eeb4a46f8e1b4a71bcc2ae41bf64908845a662dd6,2014-08,Essex Police,Essex Police,0.498036,51.560803,On or near The Glen,E01021310,Basildon 022B,Public order,Offender given community sentence,
e20c3a2f8b2fc6f5b122f85ec5cff9574afab27e757e186dbb9de8eb85f0c54a,2014-08,Essex Police,Essex Police,0.502267,51.562719,On or near Supermarket,E01021310,Basildon 022B,Robbery,Under investigation,
0937b0cf7ee0333dd3aecf9581c57525d819b1dbb634eb58a70745bb3ed22782,2014-08,Essex Police,Essex Police,0.502267,51.562719,On or near Supermarket,E01021310,Basildon 022B,Robbery,Investigation complete; no suspect identified,
70c9f442fd5a99089bf6a16456d3cbcac4d4f094d114ee100f06ea9bde2abf38,2014-08,Essex Police,Essex Police,0.502267,51.562719,On or near Supermarket,E01021310,Basildon 022B,Shoplifting,Local resolution,
5306925f4967143c7138a8e5aee2007eccbd22a20e387a36a9c0ec798c924931,2014-08,Essex Police,Essex Police,0.502267,51.562719,On or near Supermarket,E01021310,Basildon 022B,Shoplifting,Awaiting court outcome,
deba10b0eccd29f218e4f162d52d132c2ba39fba18eb95d6ed3e438c3d0691f4,2014-08,Essex Police,Essex Police,0.502267,51.562719,On or near Supermarket,E01021310,Basildon 022B,Shoplifting,Under investigation,
41e83a729b3a4049124e122d6a2787f70bf3220f2ea6361006061813415e14f3,2014-08,Essex Police,Essex Police,0.502267,51.562719,On or near Supermarket,E01021310,Basildon 022B,Shoplifting,Offender sent to prison,
1328a8780f7a18468b484057d6976c15a60b41808039fd874c722e4ff754db25,2014-08,Essex Police,Essex Police,0.502267,51.562719,On or near Supermarket,E01021310,Basildon 022B,Shoplifting,Unable to prosecute suspect,
c2f930d73e4e086f4b89871d6c1677b501bc683e225c4717a8fa679e7b654944,2014-08,Essex Police,Essex Police,0.506467,51.564041,On or near Shopping Area,E01021310,Basildon 022B,Shoplifting,Awaiting court outcome,
ed74488228473bab10daa6119b322cb35866482401b2151623e358bd15f2fc0b,2014-08,Essex Police,Essex Police,0.495740,51.562363,On or near Chestnut Court,E01021310,Basildon 022B,Violence and sexual offences,Unable to prosecute suspect,
8289bbc5a7004958ca407f6ad9b0ff24ae07e5ca40cc75f4e239739b535bf1ea,2014-08,Essex Police,Essex Police,0.506467,51.564041,On or near Shopping Area,E01021310,Basildon 022B,Violence and sexual offences,Under investigation,
,2014-08,Essex Police,Essex Police,0.493239,51.559898,On or near Driftway,E01021311,Basildon 022C,Anti-social behaviour,,
,2014-08,Essex Police,Essex Police,0.485968,51.555943,On or near Merricks Lane,E01021311,Basildon 022C,Anti-social behaviour,,
,2014-08,Essex Police,Essex Police,0.487241,51.557337,On or near Cotelands,E01021311,Basildon 022C,Anti-social behaviour,,
,2014-08,Essex Police,Essex Police,0.486281,51.558778,On or near Ryedene Close,E01021311,Basildon 022C,Anti-social behaviour,,
,2014-08,Essex Police,Essex Police,0.486875,51.559089,On or near Ryedene Place,E01021311,Basildon 022C,Anti-social behaviour,,
,2014-08,Essex Police,Essex Police,0.491490,51.560628,On or near Rivertons,E01021311,Basildon 022C,Anti-social behaviour,,
,2014-08,Essex Police,Essex Police,0.486875,51.559089,On or near Ryedene Place,E01021311,Basildon 022C,Anti-social behaviour,,
,2014-08,Essex Police,Essex Police,0.486217,51.559454,On or near London Road,E01021311,Basildon 022C,Anti-social behaviour,,
,2014-08,Essex Police,Essex Police,0.485445,51.557465,On or near Ramsay Drive,E01021311,Basildon 022C,Anti-social behaviour,,
,2014-08,Essex Police,Essex Police,0.485445,51.557465,On or near Ramsay Drive,E01021311,Basildon 022C,Anti-social behaviour,,
,2014-08,Essex Police,Essex Police,0.487241,51.557337,On or near Cotelands,E01021311,Basildon 022C,Anti-social behaviour,,
,2014-08,Essex Police,Essex Police,0.486875,51.559089,On or near Ryedene Place,E01021311,Basildon 022C,Anti-social behaviour,,
83bbcacc9f1a0cc270100208622f2336400aaf2071706c5af856282dc2d1ffdd,2014-08,Essex Police,Essex Police,0.486217,51.559454,On or near London Road,E01021311,Basildon 022C,Criminal damage and arson,Under investigation,
2bec2bcb853689ec310d8e907bffe961086254588d3aca357d2542f62b12adda,2014-08,Essex Police,Essex Police,0.486217,51.559454,On or near London Road,E01021311,Basildon 022C,Criminal damage and arson,Investigation complete; no suspect identified,
23eab9d587f5d3539fea17b1b56199f7ce8f03e4dc65c67443a5b7465b501afd,2014-08,Essex Police,Essex Police,0.486217,51.559454,On or near London Road,E01021311,Basildon 022C,Other theft,Under investigation,
6ae376aed87755b49111905a81cec044a87267df2a1c17ddda9703f950206b89,2014-08,Essex Police,Essex Police,0.485445,51.557465,On or near Ramsay Drive,E01021311,Basildon 022C,Other theft,Investigation complete; no suspect identified,
cdb59c4a9fe53483d29873a053e23e9ea7daae561f0cb6b53dd321a14804b74e,2014-08,Essex Police,Essex Police,0.486335,51.557122,On or near Clover Close,E01021311,Basildon 022C,Vehicle crime,Investigation complete; no suspect identified,
e4df6b7db336eec6ba4bbbb309dcd8168052f2ae2c97be964bf1cd1a7e9dabf7,2014-08,Essex Police,Essex Police,0.486875,51.559089,On or near Ryedene Place,E01021311,Basildon 022C,Violence and sexual offences,Under investigation,
,2014-08,Essex Police,Essex Police,0.493507,51.570855,On or near Stublands,E01021326,Basildon 022D,Anti-social behaviour,,
c17d369c311050f7d5cbfdf7e58c34184d0cd82577f906348ba61e2b1cbe9d9e,2014-08,Essex Police,Essex Police,0.493824,51.568744,On or near St Teresa'S Close,E01021326,Basildon 022D,Bicycle theft,Investigation complete; no suspect identified,
2e3712bc5dc8b47ae6d30ef16e0ef1cfd0f867e9b6242a1e90f1f43788b5283a,2014-08,Essex Police,Essex Police,0.492837,51.569170,On or near Rippleside,E01021326,Basildon 022D,Burglary,Investigation complete; no suspect identified,
7452661d6a099cc5d3a864da47a82cbb58cc94409f334e6dbcdfece05d96727c,2014-08,Essex Police,Essex Police,0.494158,51.567730,On or near Stagden Cross,E01021326,Basildon 022D,Criminal damage and arson,Investigation complete; no suspect identified,
012d33978fedb219c5f58fe8c8bcca91bd40a26979c7d854965fa2b6b115cc8c,2014-08,Essex Police,Essex Police,0.493507,51.570855,On or near Stublands,E01021326,Basildon 022D,Vehicle crime,Under investigation,
4631067007039f0a4b7587742dfeaf4c42a12c09dd2b416809371652a3f73ee5,2014-08,Essex Police,Essex Police,0.492837,51.569170,On or near Rippleside,E01021326,Basildon 022D,Violence and sexual offences,Under investigation,
358522c927875f96027d14263a2fa3f0fb5bdebc92947626387e8cefb61d8f2b,2014-08,Essex Police,Essex Police,0.492837,51.569170,On or near Rippleside,E01021326,Basildon 022D,Violence and sexual offences,Investigation complete; no suspect identified,
313f53602c932b9f7767be790b8787c8177c8a8995c2fbcb2fa472fab648f3fa,2014-08,Essex Police,Essex Police,0.492837,51.569170,On or near Rippleside,E01021326,Basildon 022D,Violence and sexual offences,Awaiting court outcome,
,2014-08,Essex Police,Essex Police,0.496220,51.564538,On or near Sandon Road,E01021328,Basildon 022E,Anti-social behaviour,,
,2014-08,Essex Police,Essex Police,0.496220,51.564538,On or near Sandon Road,E01021328,Basildon 022E,Anti-social behaviour,,
,2014-08,Essex Police,Essex Police,0.492530,51.562494,On or near Grapnells,E01021328,Basildon 022E,Anti-social behaviour,,
,2014-08,Essex Police,Essex Police,0.492530,51.562494,On or near Grapnells,E01021328,Basildon 022E,Anti-social behaviour,,
,2014-08,Essex Police,Essex Police,0.496220,51.564538,On or near Sandon Road,E01021328,Basildon 022E,Anti-social behaviour,,
,2014-08,Essex Police,Essex Police,0.488444,51.561664,On or near Byfletts,E01021328,Basildon 022E,Anti-social behaviour,,
,2014-08,Essex Police,Essex Police,0.496220,51.564538,On or near Sandon Road,E01021328,Basildon 022E,Anti-social behaviour,,
,2014-08,Essex Police,Essex Police,0.496220,51.564538,On or near Sandon Road,E01021328,Basildon 022E,Anti-social behaviour,,
b6d0949710ac99f6cfb400e8d81b3fdb7c1e7e4b524f194a9666c43f986eccd9,2014-08,Essex Police,Essex Police,0.498438,51.563403,On or near High Road,E01021328,Basildon 022E,Shoplifting,Under investigation,
3f1c2c3f14ab1d6eee6d78519684f5435b7815eb25c0659e0d2687c5c24de59f,2014-08,Essex Police,Essex Police,0.493806,51.566298,On or near Meredene,E01021328,Basildon 022E,Vehicle crime,Unable to prosecute suspect,
b212903b2f93954c16dafc7b5979960602186413c5395efd227239adbaf3f56f,2014-08,Essex Police,Essex Police,0.492161,51.561810,On or near High Road,E01021328,Basildon 022E,Vehicle crime,Investigation complete; no suspect identified,
afa36fa9d62dd6d9814401aacdf372f0e779638de27e6b772a4640fb48e592bc,2014-08,Essex Police,Essex Police,0.408800,52.049201,On or near Mill Road,E01021375,Braintree 001A,Burglary,Investigation complete; no suspect identified,
0209ec26d25ff178234f4a854f71b20de049867ad040f1c24a7a71cb191259dc,2014-08,Essex Police,Essex Police,0.451705,52.047507,On or near The Endway,E01021375,Braintree 001A,Burglary,Investigation complete; no suspect identified,
0e434a09607f87c1cee736e19c8b3d7fd7256382d7b2ea024cf95ba75dd7b4f8,2014-08,Essex Police,Essex Police,0.451705,52.047507,On or near The Endway,E01021375,Braintree 001A,Burglary,Investigation complete; no suspect identified,
0e5f69b010ee05a7a95f07ab0a8dd6d4a69f91aaebb17f9ccfc8bce9a8322a30,2014-08,Essex Police,Essex Police,0.451705,52.047507,On or near The Endway,E01021375,Braintree 001A,Burglary,Investigation complete; no suspect identified,
d641c30b4e2279e1e1409f86fdc699545ba184ee5de280ba140d14e1023f459e,2014-08,Essex Police,Essex Police,0.451705,52.047507,On or near The Endway,E01021375,Braintree 001A,Burglary,Under investigation,
d2d9067986e7c88c7c063532ec9c5e998f275e3c8610e3dfd4631b56c6cd248a,2014-08,Essex Police,Essex Police,0.447978,52.047090,On or near Banstock Field,E01021375,Braintree 001A,Burglary,Investigation complete; no suspect identified,
fc49fc170b3caf99f35035b3d66e739bc2df9b6cb8824918475ddb1ed68ff8ac,2014-08,Essex Police,Essex Police,0.451705,52.047507,On or near The Endway,E01021375,Braintree 001A,Burglary,Investigation complete; no suspect identified,
7a6bcbf9df64d34979327127164cad7466732f2c9419932597e94e53865a13aa,2014-08,Essex Police,Essex Police,0.447978,52.047090,On or near Banstock Field,E01021375,Braintree 001A,Burglary,Investigation complete; no suspect identified,
2e8ad1883a3b8e5e892b2a233d3f0f7ac49cafbc94eb771d5a13da82c2ade2e2,2014-08,Essex Police,Essex Police,0.451705,52.047507,On or near The Endway,E01021375,Braintree 001A,Criminal damage and arson,Unable to prosecute suspect,
c7b1c4b9697ef55b64bf9d01e2dd2936c7fe632da4928a20b0fc31c5a49bede7,2014-08,Essex Police,Essex Police,0.451705,52.047507,On or near The Endway,E01021375,Braintree 001A,Violence and sexual offences,Unable to prosecute suspect,
,2014-08,Essex Police,Essex Police,0.485237,52.064619,On or near Linnetts Lane,E01021376,Braintree 001B,Anti-social behaviour,,
4fbfe0a4f4954c3ec21f384f901fe13ccac09c9875b135398eb2f48a0d2ca920,2014-08,Essex Police,Essex Police,0.473995,52.068183,On or near Rowley Hill,E01021376,Braintree 001B,Burglary,Investigation complete; no suspect identified,
a832d3a584c2217011baa068631b812f61ceda808fc109389a865bcc365934f4,2014-08,Essex Police,Essex Police,0.448566,52.041844,On or near Sports/Recreation Area,E01021376,Braintree 001B,Criminal damage and arson,Investigation complete; no suspect identified,
3ea1bbeb3262d77eaf387ba01027eca1c74a044b561833758592cca5d7e793c2,2014-08,Essex Police,Essex Police,0.448971,52.039920,On or near Ann Coles Close,E01021376,Braintree 001B,Other theft,Investigation complete; no suspect identified,
,2014-08,Essex Police,Essex Police,0.531496,52.040235,On or near Chapel Road,E01021414,Braintree 001C,Anti-social behaviour,,
,2014-08,Essex Police,Essex Police,0.533807,52.008638,On or near Church Lane,E01021414,Braintree 001C,Anti-social behaviour,,
,2014-08,Essex Police,Essex Police,0.532795,52.029676,On or near A1017,E01021414,Braintree 001C,Anti-social behaviour,,
,2014-08,Essex Police,Essex Police,0.547219,52.050030,On or near The Paddocks,E01021414,Braintree 001C,Anti-social behaviour,,
3927bfd40c6280d519aeebcc5a969dce9a88ccb280bd350e2351ef892bbba4f4,2014-08,Essex Police,Essex Police,0.530471,52.008665,On or near Stambourne Road,E01021414,Braintree 001C,Burglary,Under investigation,
9558c3cc12a211862ceaa445bd14a93b8eef7b29e25575050fd766b41a6907a8,2014-08,Essex Police,Essex Police,0.514273,51.991107,On or near Mallows Lane,E01021414,Braintree 001C,Burglary,Investigation complete; no suspect identified,
a1459bfa712e532f386f4cfd3ce07a6b8e05573143d64d36799a78db113c0d0a,2014-08,Essex Police,Essex Police,0.506088,52.021902,On or near Sports/Recreation Area,E01021414,Braintree 001C,Burglary,Investigation complete; no suspect identified,
f75c2b10b6d749f5243bd30378b3d4a5b6628a31d8a32f641325628bcd759b94,2014-08,Essex Police,Essex Police,0.526896,52.036754,On or near Sparks Lane,E01021414,Braintree 001C,Other theft,Local resolution,
2e2508bb851638c7d0fab9a4810308bbfdf3b88512fa6ad8e0fc4554701363ad,2014-08,Essex Police,Essex Police,0.487039,52.041649,On or near The Street,E01021414,Braintree 001C,Vehicle crime,Investigation complete; no suspect identified,
058fabde0aa985d6e670764f52187715cbb6aee6d77d31692b22f91582914659,2014-08,Essex Police,Essex Police,0.596539,52.022442,On or near North End Road,E01021430,Braintree 001D,Other theft,Investigation complete; no suspect identified,
1e2d8b5b8e640671c0f26a5c13c5f14039f5352a3d4316e311a9ece74b61d693,2014-08,Essex Police,Essex Police,0.578024,52.025448,On or near Hydewood Road,E01021430,Braintree 001D,Vehicle crime,Under investigation,
74cca868d516c8e6fe087d8e04a8b714f10359069a6891aab347bc81b3efc4c7,2014-08,Essex Police,Essex Police,0.596539,52.022442,On or near North End Road,E01021430,Braintree 001D,Vehicle crime,Investigation complete; no suspect identified,
438fd7302a682781c215e4d72379cc29d8c922d030726747e94d407a5989bbb1,2014-08,Essex Police,Essex Police,0.630212,51.982693,On or near Sports/Recreation Area,E01021398,Braintree 002A,Burglary,Investigation complete; no suspect identified,
3b725a0a4464e9c71358814db354d2124a86e2ddf3c78356b5f034e505e68ae1,2014-08,Essex Police,Essex Police,0.630212,51.982693,On or near Sports/Recreation Area,E01021398,Braintree 002A,Burglary,Investigation complete; no suspect identified,
a720bb029397b11cf23389be971902e0cb807a0aa626277c0aa5aa1122748588,2014-08,Essex Police,Essex Police,0.623446,52.019661,On or near North End Road,E01021398,Braintree 002A,Burglary,Investigation complete; no suspect identified,
d911d7610090a8c2c73f7d489204473657c2022a96f3fab11c9e11048f248bd4,2014-08,Essex Police,Essex Police,0.683263,51.987943,On or near A131,E01021398,Braintree 002A,Criminal damage and arson,Under investigation,
c800cef382c112856c482e827e60000a0515d4b87103bb12b7f7a42a1f72a583,2014-08,Essex Police,Essex Police,0.584242,51.990932,On or near Yeldham Road,E01021398,Braintree 002A,Violence and sexual offences,Under investigation,
,2014-08,Essex Police,Essex Police,0.691548,52.023088,On or near Church Road,E01021406,Braintree 002B,Anti-social behaviour,,
,2014-08,Essex Police,Essex Police,0.693185,52.018554,On or near Park Lane,E01021406,Braintree 002B,Anti-social behaviour,,
,2014-08,Essex Police,Essex Police,0.608624,52.049748,On or near Sports/Recreation Area,E01021406,Braintree 002B,Anti-social behaviour,,
,2014-08,Essex Police,Essex Police,0.622542,52.057766,On or near Church Street,E01021406,Braintree 002B,Anti-social behaviour,,
,2014-08,Essex Police,Essex Police,0.700154,52.054627,On or near Hall Road,E01021406,Braintree 002B,Anti-social behaviour,,
1427c7dc1d0c1e075b0b7a3d0200cfe87a2a3450684fc14c67983aa7052b8b34,2014-08,Essex Police,Essex Police,0.689504,52.036633,On or near Smeetham Hall Lane,E01021406,Braintree 002B,Burglary,Investigation complete; no suspect identified,
730badd5d9f72d588a0fbcf8096decdadabc001e5b437c6b468716444e2c451d,2014-08,Essex Police,Essex Police,0.705575,52.057183,On or near Lower Road,E01021406,Braintree 002B,Criminal damage and arson,Investigation complete; no suspect identified,
afcfb05abffbc33da7b5a6f8fd0033cf89d9a40b7db826793279cee2498e786d,2014-08,Essex Police,Essex Police,0.691548,52.023088,On or near Church Road,E01021406,Braintree 002B,Criminal damage and arson,Investigation complete; no suspect identified,
a88b4e22bac42b60196b865e9fbbe171c29292812314ea1d1aad3011502f8a63,2014-08,Essex Police,Essex Police,0.700154,52.054627,On or near Hall Road,E01021406,Braintree 002B,Vehicle crime,Investigation complete; no suspect identified,
2ee9ea607c3c3a372eee73949a5ba7a66c0a1787c4193b38ae05774575aa81bf,2014-08,Essex Police,Essex Police,0.705575,52.057183,On or near Lower Road,E01021406,Braintree 002B,Violence and sexual offences,Unable to prosecute suspect,
18b5aa9f9d02990f9adb8a4c1e2837a2086471bc1a4851557c40608a9ba24564,2014-08,Essex Police,Essex Police,0.683132,52.029827,On or near The Street,E01021406,Braintree 002B,Violence and sexual offences,Under investigation,
,2014-08,Essex Police,Essex Police,0.768015,51.971987,On or near Maltings Close,E01021407,Braintree 002C,Anti-social behaviour,,
,2014-08,Essex Police,Essex Police,0.776082,51.959980,On or near Old Barn Road,E01021407,Braintree 002C,Anti-social behaviour,,
,2014-08,Essex Police,Essex Police,0.771590,51.968324,On or near Normandie Way,E01021407,Braintree 002C,Anti-social behaviour,,
6603a495f187606169f7ab4c218efc455dc956d244f07363a82018db442f6cae,2014-08,Essex Police,Essex Police,0.763887,51.966185,On or near Parking Area,E01021407,Braintree 002C,Other theft,Investigation complete; no suspect identified,
,2014-08,Essex Police,Essex Police,0.593623,51.935977,On or near Edmund Green,E01021382,Braintree 003A,Anti-social behaviour,,
f55d37e6ccd748cb61a19280c165e467ffc01bd47d8f7db8e60375bc3417ad27,2014-08,Essex Police,Essex Police,0.652789,51.919126,On or near Burton'S Green Road,E01021382,Braintree 003A,Burglary,Investigation complete; no suspect identified,
380d434cc356bc8bdd53cae02c1329a2ab07c40ad3fc2b467839ce34f4782630,2014-08,Essex Police,Essex Police,0.648443,51.926338,On or near Church Road,E01021382,Braintree 003A,Burglary,Investigation complete; no suspect identified,
0ae99d64125c359d12ad9040ab248545823db133b6bf29e7cf3c772e1b8837f1,2014-08,Essex Police,Essex Police,0.648443,51.926338,On or near Church Road,E01021382,Braintree 003A,Burglary,Investigation complete; no suspect identified,
2cb432db30d15200599fcceb3ca73fe323954675efbdd7a58bddd4cd68781ebf,2014-08,Essex Police,Essex Police,0.648443,51.926338,On or near Church Road,E01021382,Braintree 003A,Burglary,Investigation complete; no suspect identified,
d8bc4c29f44bf969c91b61a6d6a57053bfb6995e85f1ff5b44f591b0a74050bc,2014-08,Essex Police,Essex Police,0.648443,51.926338,On or near Church Road,E01021382,Braintree 003A,Burglary,Investigation complete; no suspect identified,
d0da5c158a52380d1b6c62fbae402c93194c3cd33111dc155f22fbffaf7c32cc,2014-08,Essex Police,Essex Police,0.648443,51.926338,On or near Church Road,E01021382,Braintree 003A,Burglary,Investigation complete; no suspect identified,
73c64f1383da112b8b9f8805ea3b7d322fcd17447b31049389b0fe1b050cb3cc,2014-08,Essex Police,Essex Police,0.648443,51.926338,On or near Church Road,E01021382,Braintree 003A,Burglary,Investigation complete; no suspect identified,
be6a37615063ab09d71b8390224210a1bea67dcde7df975722a8b3488d9623fb,2014-08,Essex Police,Essex Police,0.648443,51.926338,On or near Church Road,E01021382,Braintree 003A,Burglary,Investigation complete; no suspect identified,
942c809f8d6f1e64bb5d92dd986a1108b411a9a4883138920d4259d8f0b79262,2014-08,Essex Police,Essex Police,0.648443,51.926338,On or near Church Road,E01021382,Braintree 003A,Burglary,Investigation complete; no suspect identified,
c342f0bfc5b3e90068ac7f39e682ddf3781e0019554035f38add4a658db4cbf4,2014-08,Essex Police,Essex Police,0.648443,51.926338,On or near Church Road,E01021382,Braintree 003A,Burglary,Under investigation,
3bb0adc187cf936e7e02f4502be658b6feb7f3cfae6f012f7fba7f2d43cd944a,2014-08,Essex Police,Essex Police,0.629857,51.961720,On or near Dyne'S Hall Road,E01021382,Braintree 003A,Burglary,Under investigation,
01460a55412e7a54baa0975ff964a34b2044a7ef527b5046d08960865483b08a,2014-08,Essex Police,Essex Police,0.648443,51.926338,On or near Church Road,E01021382,Braintree 003A,Burglary,Unable to prosecute suspect,
2211acb328a381f40c4f5e5b1d05e75cebaa8df0f76b98b55050b405c07299e7,2014-08,Essex Police,Essex Police,0.652789,51.919126,On or near Burton'S Green Road,E01021382,Braintree 003A,Burglary,Investigation complete; no suspect identified,
733efbf69b8dbafd442d8a10770d47d2c778bc7d518b67efc34b3a733ba6d212,2014-08,Essex Police,Essex Police,0.648443,51.926338,On or near Church Road,E01021382,Braintree 003A,Burglary,Investigation complete; no suspect identified,
ccb3de6f949ab876c78b36be6ed48158bb91bb5e96d67e7c65b249e11c03ccbf,2014-08,Essex Police,Essex Police,0.648443,51.926338,On or near Church Road,E01021382,Braintree 003A,Burglary,Investigation complete; no suspect identified,
6ca9574b7b42a951e559e75bed6220fbdff8475f2efbe15be43f86e476e0a463,2014-08,Essex Police,Essex Police,0.589977,51.939366,On or near Chestnut Avenue,E01021382,Braintree 003A,Burglary,Investigation complete; no suspect identified,
2baca5ab25ae1e60cd1a5f8cb1cc9c760eb9b5e088ddb55b6a1ca6f9746f9e55,2014-08,Essex Police,Essex Police,0.593623,51.935977,On or near Edmund Green,E01021382,Braintree 003A,Drugs,Offender given a caution,
d3dae032168d52479d7f0b3b70f037108909738eb5050bc644b413350c6ee3a6,2014-08,Essex Police,Essex Police,0.589173,51.938539,On or near Woodland Way,E01021382,Braintree 003A,Other theft,Under investigation,
9b243e1780f0e070f89fd0cc41534e38451cc74eff74a35fee97b8bf91592e55,2014-08,Essex Police,Essex Police,0.620983,51.947601,On or near Sloe Hill,E01021382,Braintree 003A,Other theft,Investigation complete; no suspect identified,
f1337e7046a205f8062a5304cd942e6079121b8506bd4b2fb6fad19808767ac8,2014-08,Essex Police,Essex Police,0.593623,51.935977,On or near Edmund Green,E01021382,Braintree 003A,Vehicle crime,Investigation complete; no suspect identified,
,2014-08,Essex Police,Essex Police,0.596828,51.969549,On or near Potter Street,E01021397,Braintree 003B,Anti-social behaviour,,
0158949b2090dedbce70e190b3ff36fcb5021fc671869efd98b50a96bf1eedde,2014-08,Essex Police,Essex Police,0.598703,51.959678,On or near Hedingham Road,E01021397,Braintree 003B,Criminal damage and arson,Investigation complete; no suspect identified,
5dc5fa2ef3abd05319b8841159e6681a410bf2614f8099e72a67d5479f069106,2014-08,Essex Police,Essex Police,0.595408,51.975956,On or near Spring Way,E01021397,Braintree 003B,Violence and sexual offences,Under investigation,
,2014-08,Essex Police,Essex Police,0.589921,51.979287,On or near Brook Meadow,E01021399,Braintree 003C,Anti-social behaviour,,
,2014-08,Essex Police,Essex Police,0.588558,51.975351,On or near Recreation Road,E01021399,Braintree 003C,Anti-social behaviour,,
,2014-08,Essex Police,Essex Police,0.589112,51.977381,On or near Parkfields,E01021399,Braintree 003C,Anti-social behaviour,,
,2014-08,Essex Police,Essex Police,0.587825,51.984109,On or near Yeldham Road,E01021399,Braintree 003C,Anti-social behaviour,,
,2014-08,Essex Police,Essex Police,0.587090,51.975402,On or near Hills Road,E01021399,Braintree 003C,Anti-social behaviour,,
,2014-08,Essex Police,Essex Police,0.585068,51.977964,On or near Church Street,E01021399,Braintree 003C,Anti-social behaviour,,
3bbe5144f2d8827af6c3a1fb7d5d0fd5387a0be0415a9ddf6b6bc542d055b8c3,2014-08,Essex Police,Essex Police,0.587090,51.975402,On or near Hills Road,E01021399,Braintree 003C,Drugs,Offender given a drugs possession warning,
2d7ff6e756a9ed0178a31d2f242e72605d9b9fbe4d92b0ae486774182f54fc1b,2014-08,Essex Police,Essex Police,0.589112,51.977381,On or near Parkfields,E01021399,Braintree 003C,Violence and sexual offences,Investigation complete; no suspect identified,
9abf4eca00e0da9282725474fd5a2887187035ad8a43ff59db57b23a2eb7ed3a,2014-08,Essex Police,Essex Police,0.589112,51.977381,On or near Parkfields,E01021399,Braintree 003C,Violence and sexual offences,Under investigation,
bdbf97b2a4405cdf1b3f86d5901d063ba99a28a6dc22821a33d77bcc019fa8c3,2014-08,Essex Police,Essex Police,0.588861,51.980857,On or near Willow Dene,E01021399,Braintree 003C,Violence and sexual offences,Unable to prosecute suspect,
e1e373439d1f8940b88fc2d21b7c6f12d9341e5cbce38cb68f46e3c01c6d2dd5,2014-08,Essex Police,Essex Police,0.587895,51.974215,On or near Sparrow Close,E01021399,Braintree 003C,Violence and sexual offences,Awaiting court outcome,
,2014-08,Essex Police,Essex Police,0.594858,51.992641,On or near Bowmans Park,E01021400,Braintree 003D,Anti-social behaviour,,
,2014-08,Essex Police,Essex Police,0.590542,51.991576,On or near Nunnery Street,E01021400,Braintree 003D,Anti-social behaviour,,
,2014-08,Essex Police,Essex Police,0.584920,51.981726,On or near Castle Meadow,E01021400,Braintree 003D,Anti-social behaviour,,
55bfaf81f8a14f06acc1742f91b1a6a2b6af33553824daa89f49da662e50ff82,2014-08,Essex Police,Essex Police,0.563179,51.972588,On or near Wethersfield Road,E01021400,Braintree 003D,Burglary,Under investigation,
55d8aafa7983681e5df4a547f8baf7e961fad3bf36277bf441ee486e158e7675,2014-08,Essex Police,Essex Police,0.598775,51.988841,On or near Pottery Lane,E01021400,Braintree 003D,Other theft,Investigation complete; no suspect identified,
82e9a3b1ab6291f1876ecbd8dbeb579cea3438c52897f9363ff29cf7486765b9,2014-08,Essex Police,Essex Police,0.593525,51.991519,On or near Park Vale Close,E01021400,Braintree 003D,Violence and sexual offences,Under investigation,
,2014-08,Essex Police,Essex Police,0.634316,51.945900,On or near Shopping Area,E01021387,Braintree 004A,Anti-social behaviour,,
,2014-08,Essex Police,Essex Police,0.634446,51.943649,On or near Bridge Street,E01021387,Braintree 004A,Anti-social behaviour,,
,2014-08,Essex Police,Essex Police,0.635545,51.941547,On or near Kings Road,E01021387,Braintree 004A,Anti-social behaviour,,
,2014-08,Essex Police,Essex Police,0.634446,51.943649,On or near Bridge Street,E01021387,Braintree 004A,Anti-social behaviour,,
,2014-08,Essex Police,Essex Police,0.640918,51.944592,On or near Evans Court,E01021387,Braintree 004A,Anti-social behaviour,,
a2f4ec1f75ff50cc0214bb64469004e00f9555ea7da43cc5ff869f135075e066,2014-08,Essex Police,Essex Police,0.631836,51.943564,On or near Trinity Street,E01021387,Braintree 004A,Bicycle theft,Investigation complete; no suspect identified,
671313af0ec249e789f9f1272e763b98638f6e5e5703504101616418d98fee13,2014-08,Essex Police,Essex Police,0.635468,51.942961,On or near The Causeway,E01021387,Braintree 004A,Criminal damage and arson,Under investigation,
f461407bb1d8fced69321f88acb54136ca1c779539ac45cdc10949aea735a7f1,2014-08,Essex Police,Essex Police,0.635468,51.942961,On or near The Causeway,E01021387,Braintree 004A,Criminal damage and arson,Investigation complete; no suspect identified,
f4c3c5a6f8e2d0e62dc70058bbd6caedf40b4faa6077356d370f136812783672,2014-08,Essex Police,Essex Police,0.631990,51.945458,On or near Butler Road,E01021387,Braintree 004A,Drugs,Under investigation,
e9c9bd3ed0487fd8c86d9831e790fd326a9b9571b08089d3ff6e799e4bbef2d4,2014-08,Essex Police,Essex Police,0.638126,51.944367,On or near The Centre,E01021387,Braintree 004A,Other theft,Investigation complete; no suspect identified,
d3b817b774555e827859bcc03d076ca1e6d7fe33705a7670302f406a3c79f36e,2014-08,Essex Police,Essex Police,0.638927,51.944376,On or near Parking Area,E01021387,Braintree 004A,Other theft,Under investigation,
4b3e7016a4274cae58f802d532be3f34c2228ff4cefa3a6f234b25b5317d0921,2014-08,Essex Police,Essex Police,0.635545,51.941547,On or near Kings Road,E01021387,Braintree 004A,Vehicle crime,Investigation complete; no suspect identified,
1ab9832063bfdfe6b82284849475c6795ca154be52fc7dbd6f08003c2cf21dca,2014-08,Essex Police,Essex Police,0.634316,51.945900,On or near Shopping Area,E01021387,Braintree 004A,Vehicle crime,Unable to prosecute suspect,
19848eb62c3f624917bcff618dfd8f6253c161b5abfb1dd2ecf1a35d2e9d5bd4,2014-08,Essex Police,Essex Police,0.633354,51.944384,On or near Parking Area,E01021387,Braintree 004A,Violence and sexual offences,Offender given a caution,
11fe4141ff5ab893bfbf401d0fc2cead7d924407f631751c96a9ef8c9df43891,2014-08,Essex Police,Essex Police,0.633354,51.944384,On or near Parking Area,E01021387,Braintree 004A,Violence and sexual offences,Under investigation,
51de6f8a8b43acccb38d882840510d412df18880e8908de5eed7762543d5ec3e,2014-08,Essex Police,Essex Police,0.633354,51.944384,On or near Parking Area,E01021387,Braintree 004A,Violence and sexual offences,Under investigation,
95462406a8d4e1a5faaa176a8b2125d8876c873de2a94a2317862a6895083f62,2014-08,Essex Police,Essex Police,0.634446,51.943649,On or near Bridge Street,E01021387,Braintree 004A,Violence and sexual offences,Under investigation,
,2014-08,Essex Police,Essex Police,0.650153,51.943998,On or near Upper Fenn Road,E01021388,Braintree 004B,Anti-social behaviour,,
,2014-08,Essex Police,Essex Police,0.642678,51.942844,On or near Weavers Row,E01021388,Braintree 004B,Anti-social behaviour,,
,2014-08,Essex Police,Essex Police,0.643191,51.943156,On or near Harvey Street,E01021388,Braintree 004B,Anti-social behaviour,,
,2014-08,Essex Police,Essex Police,0.640506,51.947731,On or near Sports/Recreation Area,E01021388,Braintree 004B,Anti-social behaviour,,
,2014-08,Essex Police,Essex Police,0.641091,51.945793,On or near Chipping Hill,E01021388,Braintree 004B,Anti-social behaviour,,
6a8e9f5d51d20b962d5787194371c49922d5873743c786fc0a4507615013260c,2014-08,Essex Police,Essex Police,0.640769,51.945513,On or near Broom Hill,E01021388,Braintree 004B,Other theft,Investigation complete; no suspect identified,
e686b7a51d03de4533632ffd39496441e7ec097706b812ba8b8c21322b95355d,2014-08,Essex Police,Essex Police,0.641323,51.946274,On or near Head Street,E01021388,Braintree 004B,Violence and sexual offences,Under investigation,
9a74774332b5090430aeb39da62656cd69aef4ba65de45c4ca751e3fc1027d7b,2014-08,Essex Police,Essex Police,0.642665,51.942134,On or near Gardeners Road,E01021388,Braintree 004B,Violence and sexual offences,Under investigation,
f69659570ae01a6510f5dcb2105a1941ee5115e0638d61bfcacc1785ecba6a09,2014-08,Essex Police,Essex Police,0.641323,51.946274,On or near Head Street,E01021388,Braintree 004B,Violence and sexual offences,Under investigation,
a602ce504a7a343e9fecd34484724b3638035a7c8849874153483311497a926e,2014-08,Essex Police,Essex Police,0.651533,51.942969,On or near Fenn Road,E01021388,Braintree 004B,Violence and sexual offences,Awaiting court outcome,
,2014-08,Essex Police,Essex Police,0.633780,51.935759,On or near Parker Way,E01021391,Braintree 004C,Anti-social behaviour,,
,2014-08,Essex Police,Essex Police,0.633780,51.935759,On or near Parker Way,E01021391,Braintree 004C,Anti-social behaviour,,
,2014-08,Essex Police,Essex Police,0.628361,51.938147,On or near The Tythings,E01021391,Braintree 004C,Anti-social behaviour,,
,2014-08,Essex Police,Essex Police,0.631574,51.937355,On or near Juniper Close,E01021391,Braintree 004C,Anti-social behaviour,,
,2014-08,Essex Police,Essex Police,0.633780,51.935759,On or near Parker Way,E01021391,Braintree 004C,Anti-social behaviour,,
14637f98e6c0e65bae53f83d028da66be36d3413a624e1ae82f8f90cc6b5b22b,2014-08,Essex Police,Essex Police,0.628361,51.938147,On or near The Tythings,E01021391,Braintree 004C,Burglary,Investigation complete; no suspect identified,
7cc1341bb9e9255a9e55790b8b16e3d9d044c3f1c8f7e5890b09510004cc544b,2014-08,Essex Police,Essex Police,0.628361,51.938147,On or near The Tythings,E01021391,Braintree 004C,Criminal damage and arson,Under investigation,
9504c18f3b0dab3253e49b0da5ef3e722f60414ae4ae0722d0a4b04ee714b9cc,2014-08,Essex Police,Essex Police,0.633520,51.937779,On or near Holmes Road,E01021391,Braintree 004C,Other theft,Under investigation,
94e66c877951faac5d95cb8aca73c6c9a11cf4b53d7211fa8a18acbe4c634bd1,2014-08,Essex Police,Essex Police,0.631249,51.934539,On or near Clare Close,E01021391,Braintree 004C,Vehicle crime,Investigation complete; no suspect identified,
5f64e826df99fbe001b0e9ad5f7a5605769027348e1dd896ff93052dab75f316,2014-08,Essex Police,Essex Police,0.631249,51.934539,On or near Clare Close,E01021391,Braintree 004C,Violence and sexual offences,Unable to prosecute suspect,
3b137a03def810041c16f2605f5505f5d367a7b8a205ec6508e5667c63db9592,2014-08,Essex Police,Essex Police,0.633520,51.937779,On or near Holmes Road,E01021391,Braintree 004C,Other crime,Awaiting court outcome,
,2014-08,Essex Police,Essex Police,0.634186,51.941946,On or near Dorset Close,E01021392,Braintree 004D,Anti-social behaviour,,
,2014-08,Essex Police,Essex Police,0.634186,51.941946,On or near Dorset Close,E01021392,Braintree 004D,Anti-social behaviour,,
4cb1998fbf4394e50aa75e696cd699063ce701d54cf5307f100f5e8140560a61,2014-08,Essex Police,Essex Police,0.630806,51.943119,On or near Police Station,E01021392,Braintree 004D,Violence and sexual offences,Under investigation,
,2014-08,Essex Police,Essex Police,0.632326,51.939011,On or near Holman Road,E01021393,Braintree 004E,Anti-social behaviour,,
,2014-08,Essex Police,Essex Police,0.637590,51.939451,On or near Knowles Close,E01021393,Braintree 004E,Anti-social behaviour,,
98e4c01225197843db1771de2f329f05ebe503819cebde444492025a25266920,2014-08,Essex Police,Essex Police,0.634814,51.941500,On or near Martin'S Road,E01021393,Braintree 004E,Criminal damage and arson,Investigation complete; no suspect identified,
,2014-08,Essex Police,Essex Police,0.452308,51.896165,On or near Airport/Airfield,E01021404,Braintree 005A,Anti-social behaviour,,
,2014-08,Essex Police,Essex Police,0.506158,51.923753,On or near Sports/Recreation Area,E01021404,Braintree 005A,Anti-social behaviour,,
,2014-08,Essex Police,Essex Police,0.506158,51.923753,On or near Sports/Recreation Area,E01021404,Braintree 005A,Anti-social behaviour,,
90dc4e595a4c6284ed7d962dbaab3d990ae5125f82d1f5a887a2fa211e1d543f,2014-08,Essex Police,Essex Police,0.472966,51.903637,On or near Sports/Recreation Area,E01021404,Braintree 005A,Burglary,Investigation complete; no suspect identified,
7e00ef0283c49780883aece0c09aa0686f90450a1459bc3589fda3f687ba9b76,2014-08,Essex Police,Essex Police,0.501685,51.937212,On or near Wethersfield Road,E01021404,Braintree 005A,Burglary,Under investigation,
,2014-08,Essex Police,Essex Police,0.437125,51.948099,On or near High Street,E01021411,Braintree 005B,Anti-social behaviour,,
,2014-08,Essex Police,Essex Police,0.439990,51.948876,On or near Mill Close,E01021411,Braintree 005B,Anti-social behaviour,,
68009906afee187719ab70e19df0dfef6cab585344d60541dab8fed5044f11d6,2014-08,Essex Police,Essex Police,0.434880,51.946967,On or near High Street,E01021411,Braintree 005B,Violence and sexual offences,Unable to prosecute suspect,
8a60dbf5c5a9a7d289185a9cc72e72ca2d6dfa0e0a69833ffc8196715efadaa9,2014-08,Essex Police,Essex Police,0.440413,51.945414,On or near Braintree Road,E01021411,Braintree 005B,Violence and sexual offences,Under investigation,
,2014-08,Essex Police,Essex Police,0.455522,51.968391,On or near Petrol Station,E01021412,Braintree 005C,Anti-social behaviour,,
,2014-08,Essex Police,Essex Police,0.455601,51.968767,On or near Valley View,E01021412,Braintree 005C,Anti-social behaviour,,
,2014-08,Essex Police,Essex Police,0.448866,51.966218,On or near Stephen Marshall Avenue,E01021412,Braintree 005C,Anti-social behaviour,,
,2014-08,Essex Police,Essex Police,0.481918,51.955499,On or near Silver Street,E01021412,Braintree 005C,Anti-social behaviour,,
e46d507d60e99f8d1d170863f5db5096a9d28655cba53aa60a305271274d0b59,2014-08,Essex Police,Essex Police,0.452903,51.968418,On or near Church Hill,E01021412,Braintree 005C,Burglary,Investigation complete; no suspect identified,
1a941003e3b22d742fd27ac1919ffd82e7545e4a6e5e791fdf7912704dad6fe7,2014-08,Essex Police,Essex Police,0.456305,51.953429,On or near Park/Open Space,E01021412,Braintree 005C,Burglary,Investigation complete; no suspect identified,
955b88574caa522d5c382bf35a8982a46bc25dc00d406113356ac644396d7a45,2014-08,Essex Police,Essex Police,0.451442,51.969123,On or near The Causeway,E01021412,Braintree 005C,Burglary,Investigation complete; no suspect identified,
063306de5b4c8f9ad1abdf8c2bc6cf3fca86b32efb2ee226684a927ef376861d,2014-08,Essex Police,Essex Police,0.481918,51.955499,On or near Silver Street,E01021412,Braintree 005C,Burglary,Under investigation,
cbffb24aa736ca700e6ea243dbbef56526bc46e3307184fb18ecf992d9f4e4b5,2014-08,Essex Police,Essex Police,0.481918,51.955499,On or near Silver Street,E01021412,Braintree 005C,Burglary,Investigation complete; no suspect identified,
ee7a3992e9b1b825e666af8a248066ab633ba24bce6264186f30f78214857087,2014-08,Essex Police,Essex Police,0.451442,51.969123,On or near The Causeway,E01021412,Braintree 005C,Burglary,Investigation complete; no suspect identified,
4052d6490f672b9b50001c4d657ad8048fd433bd018728169515982c817c800c,2014-08,Essex Police,Essex Police,0.450865,52.002040,On or near Millers Row,E01021412,Braintree 005C,Burglary,Investigation complete; no suspect identified,
6acf0dacd67ba65d22886627551f3332a2e984c7ab6f764259df7ca20d1122bb,2014-08,Essex Police,Essex Police,0.452903,51.968418,On or near Church Hill,E01021412,Braintree 005C,Other theft,Under investigation,
011227f0511a4081e023108e64397440d8e44df2005f9ac82a623bd3b9669840,2014-08,Essex Police,Essex Police,0.451585,52.001611,On or near Heards Lane,E01021412,Braintree 005C,Other theft,Investigation complete; no suspect identified,
,2014-08,Essex Police,Essex Police,0.534385,51.946647,On or near Sports/Recreation Area,E01021413,Braintree 005D,Anti-social behaviour,,
8a2bb43879f0dfd4a3a4ff7bc5d23416eeda431e3dcb433af03abfa0b0b71d5a,2014-08,Essex Police,Essex Police,0.485923,51.953436,On or near Silver Street,E01021413,Braintree 005D,Criminal damage and arson,Under investigation,
000170f1f0bd9b12377abda4e7b313de3e22a7687f814a9c00055fb916d33e2a,2014-08,Essex Police,Essex Police,0.489684,51.953806,On or near Petrol Station,E01021413,Braintree 005D,Criminal damage and arson,Investigation complete; no suspect identified,
094fd99e1d1befa4533e6901b5797988b4fb9cf3c53c2d8ec51286fecfc884db,2014-08,Essex Police,Essex Police,0.488871,51.954363,On or near Saffron Close,E01021413,Braintree 005D,Criminal damage and arson,Under investigation,
28356e56e929f8561e92fab86472cdcabf3bde189fb7f7900b06d81e8585531f,2014-08,Essex Police,Essex Police,0.485923,51.953436,On or near Silver Street,E01021413,Braintree 005D,Other theft,Investigation complete; no suspect identified,
,2014-08,Essex Police,Essex Police,0.644077,51.938928,On or near River Close,E01021389,Braintree 006A,Anti-social behaviour,,
,2014-08,Essex Police,Essex Police,0.639136,51.935558,On or near Ash Rise,E01021389,Braintree 006A,Anti-social behaviour,,
e0c75628d8b8ae454fcbc9bd174893a03bf9a37c60d3a9599eb9ced234e6862c,2014-08,Essex Police,Essex Police,0.657018,51.939517,On or near Second Avenue,E01021389,Braintree 006A,Shoplifting,Under investigation,
,2014-08,Essex Police,Essex Police,0.637889,51.948266,On or near Hospital,E01021390,Braintree 006B,Anti-social behaviour,,
,2014-08,Essex Police,Essex Police,0.649763,51.949232,On or near Winston Way,E01021390,Braintree 006B,Anti-social behaviour,,
9fd294c10f3e366bd8ca9748fb9152995e2223073fa6ac9cfd61dff6c09eaed4,2014-08,Essex Police,Essex Police,0.637889,51.948266,On or near Hospital,E01021390,Braintree 006B,Burglary,Investigation complete; no suspect identified,
,2014-08,Essex Police,Essex Police,0.700560,51.929227,On or near Queen'S Road,E01021408,Braintree 006C,Anti-social behaviour,,
,2014-08,Essex Police,Essex Police,0.727875,51.936349,On or near Station Road,E01021408,Braintree 006C,Anti-social behaviour,,
,2014-08,Essex Police,Essex Police,0.677571,51.910093,On or near Park/Open Space,E01021408,Braintree 006C,Anti-social behaviour,,
,2014-08,Essex Police,Essex Police,0.711698,51.926489,On or near Lower Holt Street,E01021408,Braintree 006C,Anti-social behaviour,,
,2014-08,Essex Police,Essex Police,0.702626,51.929467,On or near Monks Road,E01021408,Braintree 006C,Anti-social behaviour,,
,2014-08,Essex Police,Essex Police,0.712028,51.923280,On or near Lowefields,E01021408,Braintree 006C,Anti-social behaviour,,
,2014-08,Essex Police,Essex Police,0.711698,51.926489,On or near Lower Holt Street,E01021408,Braintree 006C,Anti-social behaviour,,
,2014-08,Essex Police,Essex Police,0.702626,51.929467,On or near Monks Road,E01021408,Braintree 006C,Anti-social behaviour,,
,2014-08,Essex Police,Essex Police,0.725458,51.926234,On or near Colchester Road,E01021408,Braintree 006C,Anti-social behaviour,,
15d90c936cdb557143df0d39ab5b4be0313670bfd8c932630827ce441a4b08ed,2014-08,Essex Police,Essex Police,0.715714,51.930605,On or near Colne Park Road,E01021408,Braintree 006C,Burglary,Investigation complete; no suspect identified,
e7f30c2b685d1d1a6f922e6ed33e56bfd62aeb37e0af4ce7a07f8a079972f82d,2014-08,Essex Police,Essex Police,0.699316,51.928608,On or near Parking Area,E01021408,Braintree 006C,Criminal damage and arson,Investigation complete; no suspect identified,
48120defae56c62c82c910ad259c221e3f4d2bdd50dd61eb34e09d9667e35645,2014-08,Essex Police,Essex Police,0.683645,51.908067,On or near Halifax Way,E01021408,Braintree 006C,Other theft,Under investigation,
d7084781a89a3e2ed3e41b14abe73ad9b290a185e314c82e5e862cbc68a8a64b,2014-08,Essex Police,Essex Police,0.721294,51.927373,On or near Colchester Road,E01021408,Braintree 006C,Violence and sexual offences,Unable to prosecute suspect,
,2014-08,Essex Police,Essex Police,0.689574,51.927221,On or near Hunt Road,E01021409,Braintree 006D,Anti-social behaviour,,
b9275daeae25264f22cb1783fa990775b728260ee6dffa423c020bf73f7552dc,2014-08,Essex Police,Essex Police,0.713562,51.942193,On or near Lawshall'S Hill,E01021409,Braintree 006D,Burglary,Investigation complete; no suspect identified,
11845b900a383caf5b6b1c4732d6dccd5c01d68e0bc4cb68ca7f24b6a7a04399,2014-08,Essex Police,Essex Police,0.675928,51.941382,On or near Brook Street,E01021409,Braintree 006D,Criminal damage and arson,Under investigation,
,2014-08,Essex Police,Essex Police,0.702509,51.927042,On or near Temperance Yard,E01021410,Braintree 006E,Anti-social behaviour,,
,2014-08,Essex Police,Essex Police,0.696702,51.926501,On or near Reuben Walk,E01021410,Braintree 006E,Anti-social behaviour,,
,2014-08,Essex Police,Essex Police,0.698158,51.927250,On or near Willow Tree Way,E01021410,Braintree 006E,Anti-social behaviour,,
a21fdbec6ca6ed869b3f1264454b35ccf0fb973adfd178ac479ac4126166de11,2014-08,Essex Police,Essex Police,0.699866,51.928092,On or near Supermarket,E01021410,Braintree 006E,Other theft,Under investigation,
6e9a1a4c465df4a34a46038c41d1ab8489fe276a671ccc91b16669d899b3d630,2014-08,Essex Police,Essex Police,0.699866,51.928092,On or near Supermarket,E01021410,Braintree 006E,Shoplifting,Under investigation,
90d85b30b70e2c0087e1c7291b0fa787f135f0416385f2d42aa9e3edb48f8199,2014-08,Essex Police,Essex Police,0.688748,51.932142,On or near De Vere Road,E01021410,Braintree 006E,Violence and sexual offences,Under investigation,
f07da786243793ebd0ae437d9c38fbd782c4f3a7ecb0207ae4990341de1755d6,2014-08,Essex Police,Essex Police,0.688748,51.932142,On or near De Vere Road,E01021410,Braintree 006E,Violence and sexual offences,Local resolution,
,2014-08,Essex Police,Essex Police,0.573344,51.885926,On or near Hood Gardens,E01021349,Braintree 007A,Anti-social behaviour,,
,2014-08,Essex Police,Essex Police,0.571402,51.887551,On or near Albemarle Gardens,E01021349,Braintree 007A,Anti-social behaviour,,
2e6ec83689602ecf939125db9b6ab87f3e76cff3e495e96c168e9318c1fa3130,2014-08,Essex Police,Essex Police,0.571540,51.886415,On or near Boscawen Gardens,E01021349,Braintree 007A,Public order,Awaiting court outcome,
,2014-08,Essex Police,Essex Police,0.580370,51.887319,On or near Sheene Grove,E01021351,Braintree 007B,Anti-social behaviour,,
,2014-08,Essex Police,Essex Police,0.580370,51.887319,On or near Sheene Grove,E01021351,Braintree 007B,Anti-social behaviour,,
,2014-08,Essex Police,Essex Police,0.581989,51.883372,On or near Dunoon Close,E01021351,Braintree 007B,Anti-social behaviour,,
81321a7baf60b47f3657c4bd52cc8f746e776b86c03d5d1989f1170e089f7e57,2014-08,Essex Police,Essex Police,0.582801,51.885098,On or near Stafford Crescent,E01021351,Braintree 007B,Vehicle crime,Investigation complete; no suspect identified,
b3a2b3934d8feb0b7fae4b2a430f869d50ec986008789c3cc33e0e6a550a82e2,2014-08,Essex Police,Essex Police,0.579261,51.882172,On or near Rochester Close,E01021351,Braintree 007B,Violence and sexual offences,Under investigation,
1d3e73a1e3ebc7c5af443a9bf96723996d8ba0cedc2db8a460592d5296b067c6,2014-08,Essex Police,Essex Police,0.582801,51.885098,On or near Stafford Crescent,E01021351,Braintree 007B,Violence and sexual offences,Awaiting court outcome,
ba824e6856a48f5f06db94c68d013174a848c0450716260fb4ae12f997a25193,2014-08,Essex Police,Essex Police,0.583231,51.884495,On or near Parr Close,E01021351,Braintree 007B,Violence and sexual offences,Under investigation,
d3026ca7fb5db800dddb880f9d7410cf231e2a5f702d5befb92e583f827bf400,2014-08,Essex Police,Essex Police,0.580370,51.887319,On or near Sheene Grove,E01021351,Braintree 007B,Violence and sexual offences,Unable to prosecute suspect,
c5b47cbec516cb1c193dcb76ffbddc24092140145fddf19c6bfcf4aecd4b39f2,2014-08,Essex Police,Essex Police,0.580370,51.887319,On or near Sheene Grove,E01021351,Braintree 007B,Violence and sexual offences,Awaiting court outcome,
,2014-08,Essex Police,Essex Police,0.572015,51.882511,On or near Warley Close,E01021352,Braintree 007C,Anti-social behaviour,,
,2014-08,Essex Police,Essex Police,0.576586,51.884425,On or near Drake Gardens,E01021352,Braintree 007C,Anti-social behaviour,,
,2014-08,Essex Police,Essex Police,0.573134,51.884033,On or near Beatty Gardens,E01021352,Braintree 007C,Anti-social behaviour,,
3924b53a3c0d6bd21ba31c50a50b712901bc1de264d21237c06daef2445b805b,2014-08,Essex Police,Essex Police,0.578381,51.885061,On or near Farthing Close,E01021352,Braintree 007C,Criminal damage and arson,Investigation complete; no suspect identified,
bac029e290e71de3e78d368f9138c91a7f3becb7a975fb0d6c39f7a23ea48d22,2014-08,Essex Police,Essex Police,0.578555,51.883033,On or near Harwell Close,E01021352,Braintree 007C,Vehicle crime,Investigation complete; no suspect identified,
,2014-08,Essex Police,Essex Police,0.553638,51.902084,On or near Canterbury Grange,E01021355,Braintree 007D,Anti-social behaviour,,
,2014-08,Essex Police,Essex Police,0.553638,51.902084,On or near Canterbury Grange,E01021355,Braintree 007D,Anti-social behaviour,,
,2014-08,Essex Police,Essex Police,0.565333,51.905256,On or near The Lillies,E01021355,Braintree 007D,Anti-social behaviour,,
,2014-08,Essex Police,Essex Police,0.571112,51.902576,On or near Broad Road,E01021355,Braintree 007D,Anti-social behaviour,,
,2014-08,Essex Police,Essex Police,0.553638,51.902084,On or near Canterbury Grange,E01021355,Braintree 007D,Anti-social behaviour,,
,2014-08,Essex Police,Essex Police,0.565254,51.911778,On or near Park/Open Space,E01021355,Braintree 007D,Anti-social behaviour,,
53c7b28518a965ec3234fd6c235d146c40495acc5078d194fb14cccbfd1159a7,2014-08,Essex Police,Essex Police,0.553638,51.902084,On or near Canterbury Grange,E01021355,Braintree 007D,Burglary,Investigation complete; no suspect identified,
ba975449dbd10b3ab5e51403d00bcdf2194aacfa3deb2bbd0bced22e1840c9a2,2014-08,Essex Police,Essex Police,0.571112,51.902576,On or near Broad Road,E01021355,Braintree 007D,Criminal damage and arson,Awaiting court outcome,
51f7900d659f1103a7910a1e5c979350d4439f59fae7054a389fd47dd6229c7e,2014-08,Essex Police,Essex Police,0.550168,51.901647,On or near Peter Taylor Avenue,E01021355,Braintree 007D,Criminal damage and arson,Investigation complete; no suspect identified,
3aa2ea9e95c58d54abf5595becd0690ab4d6eab54521904adfdf20f1618557fe,2014-08,Essex Police,Essex Police,0.550168,51.901647,On or near Peter Taylor Avenue,E01021355,Braintree 007D,Criminal damage and arson,Investigation complete; no suspect identified,
ff8037153c6906628b3f304728afedc5312561722f3c95446387fadd194688f6,2014-08,Essex Police,Essex Police,0.571112,51.902576,On or near Broad Road,E01021355,Braintree 007D,Criminal damage and arson,Awaiting court outcome,
d8a9653525884576d495fdead3c86e76b68488b721a8306525a14e5809968bee,2014-08,Essex Police,Essex Police,0.554389,51.901987,On or near Supermarket,E01021355,Braintree 007D,Shoplifting,Investigation complete; no suspect identified,
cddd04db5d3296a83285a00ab2beb78945bd18cd9c1ba554482306921d039f53,2014-08,Essex Police,Essex Police,0.571112,51.902576,On or near Broad Road,E01021355,Braintree 007D,Violence and sexual offences,Awaiting court outcome,
00a802b1f68fe6d2bf9d63de06e85364c21decef440b546ea8cfe3376db67823,2014-08,Essex Police,Essex Police,0.566358,51.906160,On or near Ashpole Road,E01021355,Braintree 007D,Violence and sexual offences,Unable to prosecute suspect,
6da2388b8bdb262ef99224efc48af20272a66cba126353f01f13c672c03210b6,2014-08,Essex Police,Essex Police,0.571112,51.902576,On or near Broad Road,E01021355,Braintree 007D,Violence and sexual offences,Unable to prosecute suspect,
e293f3852dbb18fe7fa0ffa8479744c55fcec5790846cc9ed15070d765d2ed29,2014-08,Essex Police,Essex Police,0.571112,51.902576,On or near Broad Road,E01021355,Braintree 007D,Violence and sexual offences,Awaiting court outcome,
e2f733d1998fba7c2d523d46e5cb8a9db4233927b11aa59f1a8a80340646802e,2014-08,Essex Police,Essex Police,0.571112,51.902576,On or near Broad Road,E01021355,Braintree 007D,Violence and sexual offences,Awaiting court outcome,
aa3788db8d3003c0d49536e35b177d76cb406e19aa7b1bcf5e880c6485bb4d02,2014-08,Essex Police,Essex Police,0.571112,51.902576,On or near Broad Road,E01021355,Braintree 007D,Violence and sexual offences,Awaiting court outcome,
,2014-08,Essex Police,Essex Police,0.561239,51.891820,On or near Highfield Close,E01021356,Braintree 007E,Anti-social behaviour,,
,2014-08,Essex Police,Essex Police,0.550680,51.898111,On or near Dean Rogers Place,E01021356,Braintree 007E,Anti-social behaviour,,
,2014-08,Essex Police,Essex Police,0.550680,51.898111,On or near Dean Rogers Place,E01021356,Braintree 007E,Anti-social behaviour,,
,2014-08,Essex Police,Essex Police,0.552663,51.894372,On or near Church Meadows,E01021356,Braintree 007E,Anti-social behaviour,,
,2014-08,Essex Police,Essex Police,0.550680,51.898111,On or near Dean Rogers Place,E01021356,Braintree 007E,Anti-social behaviour,,
fa1bbdcd8d2dad98b7f1e64d54c0fbdf19ee2b36c761f5cd14da2f2ecf1f42ee,2014-08,Essex Police,Essex Police,0.564549,51.894815,On or near Broad Road,E01021356,Braintree 007E,Criminal damage and arson,Investigation complete; no suspect identified,
ef58f918e50bf0874561b63bbbbd9bfb1e3bc9df28b030fe8d51003cbe94fe56,2014-08,Essex Police,Essex Police,0.564549,51.894815,On or near Broad Road,E01021356,Braintree 007E,Criminal damage and arson,Investigation complete; no suspect identified,
0c08f60380ecf3323abcf200bee97b137e73f0f6969838bd33d8d490c727ac8d,2014-08,Essex Police,Essex Police,0.564549,51.894815,On or near Broad Road,E01021356,Braintree 007E,Other theft,Under investigation,
d447cd2e8265a0f27c3e09e636c52ac1f32b83da99c9e468df5933ba28b2926d,2014-08,Essex Police,Essex Police,0.553040,51.899481,On or near Brand Court,E01021356,Braintree 007E,Vehicle crime,Investigation complete; no suspect identified,
8938949e7ca9d5e44d1d2bf6f4132794f9bf8a8ec1ebbe0c286e7390d66e2ccb,2014-08,Essex Police,Essex Police,0.554248,51.893618,On or near Church Lane,E01021356,Braintree 007E,Vehicle crime,Under investigation,
7b6ba9328e6a994475748a8043a3ae25ec161482487b0b770a1e97cd7ab10324,2014-08,Essex Police,Essex Police,0.552539,51.899105,On or near Church Lane,E01021356,Braintree 007E,Violence and sexual offences,Under investigation,
716f506b6fdb5d905f953df577111be0f99754c2c47b88dc599ac1fcba810561,2014-08,Essex Police,Essex Police,0.552691,51.896152,On or near Gauden Road,E01021356,Braintree 007E,Violence and sexual offences,Unable to prosecute suspect,
3781f190741805443e67394ad029c1a5bf01de6c3036df6f2df76a5df6bf58ff,2014-08,Essex Police,Essex Police,0.552539,51.899105,On or near Church Lane,E01021356,Braintree 007E,Other crime,Awaiting court outcome,
d138aed5b2d2e36d9406f590167ec8dbbb424b9c9292e39ebd6d76ff5c0a5e52,2014-08,Essex Police,Essex Police,0.552539,51.899105,On or near Church Lane,E01021356,Braintree 007E,Other crime,Under investigation,
e4e65d652ead13d836a8710840fafed745b90d50a27d74a7049374cb5e5694d5,2014-08,Essex Police,Essex Police,0.552539,51.899105,On or near Church Lane,E01021356,Braintree 007E,Other crime,Awaiting court outcome,
df860d62622c49645988f00f58b92fd130975e3be692e10fda2a7fd5e34d9f60,2014-08,Essex Police,Essex Police,0.577095,51.934712,On or near Park/Open Space,E01021381,Braintree 007F,Burglary,Investigation complete; no suspect identified,
b212f5ad896c9fc69258ce41db25c7f8b0a2a2dc4571b189ac6ed6ab85073abd,2014-08,Essex Police,Essex Police,0.605044,51.946534,On or near Sports/Recreation Area,E01021381,Braintree 007F,Violence and sexual offences,Unable to prosecute suspect,
,2014-08,Essex Police,Essex Police,0.549911,51.895573,On or near Murray Close,E01021354,Braintree 008A,Anti-social behaviour,,
,2014-08,Essex Police,Essex Police,0.547481,51.895536,On or near Dover Close,E01021354,Braintree 008A,Anti-social behaviour,,
,2014-08,Essex Police,Essex Police,0.547481,51.895536,On or near Dover Close,E01021354,Braintree 008A,Anti-social behaviour,,
,2014-08,Essex Police,Essex Police,0.547481,51.895536,On or near Dover Close,E01021354,Braintree 008A,Anti-social behaviour,,
,2014-08,Essex Police,Essex Police,0.546942,51.894990,On or near Romney Close,E01021354,Braintree 008A,Anti-social behaviour,,
2c049d3be48dc52a0788a03d0239977ecd5b5d8874050472a6c0cceeac13ac73,2014-08,Essex Police,Essex Police,0.548841,51.892854,On or near Camberton Road,E01021354,Braintree 008A,Vehicle crime,Investigation complete; no suspect identified,
2053823cbd057f717ef5ea8b3c038b233162f1f5ea20a8c0daeea7a711daf70e,2014-08,Essex Police,Essex Police,0.548621,51.896672,On or near Blenheim Close,E01021354,Braintree 008A,Violence and sexual offences,Under investigation,
911ad3ddfdbaa7dc29fb0a5c43225d8d52a6da76a3f38d1daeb85fa243e325bb,2014-08,Essex Police,Essex Police,0.547481,51.895536,On or near Dover Close,E01021354,Braintree 008A,Violence and sexual offences,Under investigation,
,2014-08,Essex Police,Essex Police,0.551052,51.888004,On or near Wentworth Crescent,E01021357,Braintree 008B,Anti-social behaviour,,
,2014-08,Essex Police,Essex Police,0.549221,51.881326,On or near Weavers Close,E01021357,Braintree 008B,Anti-social behaviour,,
,2014-08,Essex Police,Essex Police,0.554645,51.888312,On or near Pilgrim Close,E01021357,Braintree 008B,Anti-social behaviour,,
,2014-08,Essex Police,Essex Police,0.551052,51.888004,On or near Wentworth Crescent,E01021357,Braintree 008B,Anti-social behaviour,,
12e6db82fea2930de3c317efc2e48a0b3a4e79f0226728b59ec03b5c2f0c785c,2014-08,Essex Police,Essex Police,0.550595,51.881727,On or near Sports/Recreation Area,E01021357,Braintree 008B,Burglary,Investigation complete; no suspect identified,
a0e96fa40d36e39d1205f0fd18f29ed2992e0ebb63b73848f4bfd9711608fa7b,2014-08,Essex Police,Essex Police,0.551052,51.888004,On or near Wentworth Crescent,E01021357,Braintree 008B,Criminal damage and arson,Awaiting court outcome,
2584cc042f3e6475d6f5134cf74967f782e25c96c5a5e9a4df6b3684b24940ee,2014-08,Essex Police,Essex Police,0.554617,51.888079,On or near St James Road,E01021357,Braintree 008B,Other theft,Investigation complete; no suspect identified,
cd0567121e9e05fd3abefba92a82296c67b0128ba49d4c0f6bc1dcbd3251589d,2014-08,Essex Police,Essex Police,0.550595,51.881727,On or near Sports/Recreation Area,E01021357,Braintree 008B,Other theft,Investigation complete; no suspect identified,
,2014-08,Essex Police,Essex Police,0.546007,51.885658,On or near Lancaster Way,E01021358,Braintree 008C,Anti-social behaviour,,
,2014-08,Essex Police,Essex Police,0.543600,51.881897,On or near Tabor Avenue,E01021358,Braintree 008C,Anti-social behaviour,,
,2014-08,Essex Police,Essex Police,0.545135,51.883851,On or near Pygot Place,E01021358,Braintree 008C,Anti-social behaviour,,
,2014-08,Essex Police,Essex Police,0.546782,51.883429,On or near Gilchrist Way,E01021358,Braintree 008C,Anti-social behaviour,,
1851bc949652e628cf89504ca7366e132b6d9d312d4e96882acd55c3f31250b0,2014-08,Essex Police,Essex Police,0.538076,51.878752,On or near Petrol Station,E01021358,Braintree 008C,Criminal damage and arson,Under investigation,
606ee2678067ec8b8280ea3b3962ed850098bcfd40bc68622d0588fa3fd6fb03,2014-08,Essex Police,Essex Police,0.535908,51.879995,On or near Bradbury Drive,E01021358,Braintree 008C,Criminal damage and arson,Under investigation,
9ed8511080af26dfd50a1f20b376f2468c38705968fc2fd4ebb18e975b85a4d4,2014-08,Essex Police,Essex Police,0.526453,51.877221,On or near Rayne Road,E01021358,Braintree 008C,Criminal damage and arson,Investigation complete; no suspect identified,
806b701fd9deca6e413be1217e083c6149e974864f4228f42a0b9e87d56eb54c,2014-08,Essex Police,Essex Police,0.542533,51.883071,On or near John English Avenue,E01021358,Braintree 008C,Criminal damage and arson,Offender ordered to pay compensation,
528217fa776bb9e6c0750db2d92c3055541beef5ff3156ca6e9a18524911f1fb,2014-08,Essex Police,Essex Police,0.536285,51.886434,On or near Cooper Drive,E01021358,Braintree 008C,Criminal damage and arson,Under investigation,
8bc55ac091b26e4bd581d8f70b027cedd4c45f70393740db6f3927b1b725519b,2014-08,Essex Police,Essex Police,0.535854,51.881363,On or near Swinbourne Drive,E01021358,Braintree 008C,Criminal damage and arson,Under investigation,
544f9a71c83eb05102b67eb8e3546991ebcd348c3b0683af691e78f02a43753a,2014-08,Essex Police,Essex Police,0.535908,51.879995,On or near Bradbury Drive,E01021358,Braintree 008C,Criminal damage and arson,Investigation complete; no suspect identified,
cc225fa8671543bd892b3cad618e1eb61490cf61c25bac5138bbde615316ba67,2014-08,Essex Police,Essex Police,0.535908,51.879995,On or near Bradbury Drive,E01021358,Braintree 008C,Criminal damage and arson,Under investigation,
d6ca664d2e3139ca8fee847176f5f5e1d1db6ab7c74ad667eabf74faaadcc76c,2014-08,Essex Police,Essex Police,0.535908,51.879995,On or near Bradbury Drive,E01021358,Braintree 008C,Criminal damage and arson,Investigation complete; no suspect identified,
a32860b0a8709bc6e22901100250e42dce8fb4b7a72a588f6a5a7b4e9ee205ec,2014-08,Essex Police,Essex Police,0.538076,51.878752,On or near Petrol Station,E01021358,Braintree 008C,Other theft,Investigation complete; no suspect identified,
d389bf640ea21234009319a4a7e61020aef89359a0936c72c89417f534f39ae7,2014-08,Essex Police,Essex Police,0.535908,51.879995,On or near Bradbury Drive,E01021358,Braintree 008C,Other theft,Investigation complete; no suspect identified,
b3cb96ddb18aa597d12701fb8d12c4ee0e5b7483dd6ccb887c2fdf4b91ecc116,2014-08,Essex Police,Essex Police,0.538076,51.878752,On or near Petrol Station,E01021358,Braintree 008C,Other theft,Local resolution,
5e4f7a0b968c3d31428d95a383a2c489538ecc8c2f9f1d9c1fa59a1ee610e45f,2014-08,Essex Police,Essex Police,0.538076,51.878752,On or near Petrol Station,E01021358,Braintree 008C,Other theft,Investigation complete; no suspect identified,
6e75745330fe652a8124b6ce331d911f01c8cb525cbc7cf7428bc6a1c649af5c,2014-08,Essex Police,Essex Police,0.535918,51.878619,On or near Petrol Station,E01021358,Braintree 008C,Other theft,Investigation complete; no suspect identified,
7b0f4f9348413be5d92a07aca0b6a28813b4703158bd28956658a01f2e298e77,2014-08,Essex Police,Essex Police,0.545146,51.883015,On or near Supermarket,E01021358,Braintree 008C,Other theft,Investigation complete; no suspect identified,
e600bd527fc5c2b514612c7703019b74f732693803ae287db5b70cf54749d5d6,2014-08,Essex Police,Essex Police,0.534136,51.883882,On or near Warner Drive,E01021358,Braintree 008C,Possession of weapons,Under investigation,
cb9059c1884aff7ae6a3370aeb86a3904a2a98848e87cc710b95e1c91a98d969,2014-08,Essex Police,Essex Police,0.541837,51.882331,On or near Saunders Avenue,E01021358,Braintree 008C,Possession of weapons,Under investigation,
df5226fc552692d93e298dad6e3102ecb0b3f05263db768cc1a574b5a3fe96a4,2014-08,Essex Police,Essex Police,0.545146,51.883015,On or near Supermarket,E01021358,Braintree 008C,Shoplifting,Under investigation,
09e12743230e2ac4d9326e15e4809e15c496b48f200ce3311b00e64b1c0c083c,2014-08,Essex Police,Essex Police,0.547205,51.880380,On or near Aetheric Road,E01021358,Braintree 008C,Vehicle crime,Under investigation,
542c6e890bb1c758d15c463f02fb5101d9dcddaa4219add2e03a9c86ffed3ec7,2014-08,Essex Police,Essex Police,0.543600,51.881897,On or near Tabor Avenue,E01021358,Braintree 008C,Vehicle crime,Under investigation,
40fa71358e972f80082ad39840054d729696869b66cadaee41c5f44cc3310c7e,2014-08,Essex Police,Essex Police,0.540114,51.883987,On or near Lamberts Orchard,E01021358,Braintree 008C,Violence and sexual offences,Unable to prosecute suspect,
91b34df2fb5a93e1dd4e4a48863ad699778112ffd316e671ff904f0c6185f54d,2014-08,Essex Police,Essex Police,0.546007,51.885658,On or near Lancaster Way,E01021358,Braintree 008C,Violence and sexual offences,Investigation complete; no suspect identified,
,2014-08,Essex Police,Essex Police,0.547649,51.887709,On or near Meadowside,E01021359,Braintree 008D,Anti-social behaviour,,
,2014-08,Essex Police,Essex Police,0.549164,51.889816,On or near Dukes Road,E01021359,Braintree 008D,Anti-social behaviour,,
,2014-08,Essex Police,Essex Police,0.545454,51.887702,On or near Bailey Bridge Road,E01021359,Braintree 008D,Anti-social behaviour,,
a9178fe66230098c7b33c306f76c23c54902cb1a112f361d844b56847df31666,2014-08,Essex Police,Essex Police,0.546939,51.886969,On or near Arnhem Grove,E01021359,Braintree 008D,Burglary,Investigation complete; no suspect identified,
e9e0fbbf68988a83064a399c0f3ea7f5af120b5a142dae93194efefe822b3d0d,2014-08,Essex Police,Essex Police,0.546939,51.886969,On or near Arnhem Grove,E01021359,Braintree 008D,Burglary,Investigation complete; no suspect identified,
2f6cc664a7b8131cc65f0033a18d91aeb93e3550f7b51dff4994cf9635543ddf,2014-08,Essex Police,Essex Police,0.547867,51.889763,On or near Bailey Bridge Road,E01021359,Braintree 008D,Criminal damage and arson,Under investigation,
cfdc5d94aac04012f5eb50395fae99b0268b8fb0726e4db671fb4b31c4646570,2014-08,Essex Police,Essex Police,0.553765,51.889465,On or near Boleyns Avenue,E01021359,Braintree 008D,Criminal damage and arson,Investigation complete; no suspect identified,
1ade5f4dfc4aa47539597749440a0cee21cf87438938fb05fc8254c0add967e0,2014-08,Essex Police,Essex Police,0.552187,51.892395,On or near Oak Tree Gardens,E01021359,Braintree 008D,Other theft,Under investigation,
1e1d634d18e13f47ad12dfaf34f27d1e71d03edefe2a6b51ef1ccd73b3f15d0b,2014-08,Essex Police,Essex Police,0.547867,51.889763,On or near Bailey Bridge Road,E01021359,Braintree 008D,Possession of weapons,Under investigation,
7415f443aa29bedce45c4917ef6e38f73451333dffd5e6cbf996e2c7fe94905e,2014-08,Essex Police,Essex Police,0.546978,51.886122,On or near Alexander Road,E01021359,Braintree 008D,Violence and sexual offences,Unable to prosecute suspect,
3fc976880f32b8ea6a4eafac3f6fd4ccb66e7880bd69882672eb973c94cdd40a,2014-08,Essex Police,Essex Police,0.546084,51.887023,On or near Wingate Close,E01021359,Braintree 008D,Violence and sexual offences,Under investigation,
52bf29565cfeee5d6ca6896e71e5321b5622d3a819d64cef92164de6a1c961ca,2014-08,Essex Police,Essex Police,0.546978,51.886122,On or near Alexander Road,E01021359,Braintree 008D,Violence and sexual offences,Under investigation,
7b67fab9b0b56bdeb8f824c4c02f749c40265d0b2822c2bfea1cb52f7f3efe7f,2014-08,Essex Police,Essex Police,0.553765,51.889465,On or near Boleyns Avenue,E01021359,Braintree 008D,Violence and sexual offences,Awaiting court outcome,
,2014-08,Essex Police,Essex Police,0.557272,51.882113,On or near Courtauld Road,E01021350,Braintree 009A,Anti-social behaviour,,
7b7ddebca5c49cadb2e600ae21d7dfc9030d585636efa94bfb6baca364bc6fb3,2014-08,Essex Police,Essex Police,0.565273,51.883279,On or near Devonshire Gardens,E01021350,Braintree 009A,Vehicle crime,Investigation complete; no suspect identified,
b47b595564b35715df6b55cbb12d612d69c968b12ee0735eea903e075f84c9ef,2014-08,Essex Police,Essex Police,0.552270,51.881035,On or near Bocking End,E01021350,Braintree 009A,Vehicle crime,Investigation complete; no suspect identified,
388b043ff787e8e8aa81c9946170f34b538a3bdf5b9f7b5a442c6ed9430a54bd,2014-08,Essex Police,Essex Police,0.565518,51.884263,On or near Essex Road,E01021350,Braintree 009A,Vehicle crime,Investigation complete; no suspect identified,
,2014-08,Essex Police,Essex Police,0.570329,51.886073,On or near Supermarket,E01021353,Braintree 009B,Anti-social behaviour,,
,2014-08,Essex Police,Essex Police,0.570329,51.886073,On or near Supermarket,E01021353,Braintree 009B,Anti-social behaviour,,
,2014-08,Essex Police,Essex Police,0.562866,51.881074,On or near John Ray Street,E01021353,Braintree 009B,Anti-social behaviour,,
1180ae0a863294ea22a4b43faace4ded78e5c3fd046c00f0c37b759efb4b886c,2014-08,Essex Police,Essex Police,0.568364,51.883985,On or near Connaught Gardens,E01021353,Braintree 009B,Violence and sexual offences,Under investigation,
7aa5ab3dff4d2d73c3d899c8c17d7473457a4378a4af7b14989e58d59aa8e2c5,2014-08,Essex Police,Essex Police,0.570329,51.886073,On or near Supermarket,E01021353,Braintree 009B,Violence and sexual offences,Under investigation,
,2014-08,Essex Police,Essex Police,0.541117,51.880638,On or near Malyon Close,E01021365,Braintree 009D,Anti-social behaviour,,
,2014-08,Essex Police,Essex Police,0.541117,51.880638,On or near Malyon Close,E01021365,Braintree 009D,Anti-social behaviour,,
,2014-08,Essex Police,Essex Police,0.551134,51.879450,On or near Bank Street,E01021365,Braintree 009D,Anti-social behaviour,,
,2014-08,Essex Police,Essex Police,0.548175,51.876978,On or near High Street,E01021365,Braintree 009D,Anti-social behaviour,,
,2014-08,Essex Police,Essex Police,0.550176,51.877663,On or near St Michael'S Lane,E01021365,Braintree 009D,Anti-social behaviour,,
,2014-08,Essex Police,Essex Police,0.555023,51.880129,On or near Coggeshall Road,E01021365,Braintree 009D,Anti-social behaviour,,
,2014-08,Essex Police,Essex Police,0.551134,51.879450,On or near Bank Street,E01021365,Braintree 009D,Anti-social behaviour,,
,2014-08,Essex Police,Essex Police,0.549591,51.876821,On or near Rue De Jeunes,E01021365,Braintree 009D,Anti-social behaviour,,
,2014-08,Essex Police,Essex Police,0.544416,51.879622,On or near Peel Crescent,E01021365,Braintree 009D,Anti-social behaviour,,
,2014-08,Essex Police,Essex Police,0.542698,51.879290,On or near Hospital,E01021365,Braintree 009D,Anti-social behaviour,,
,2014-08,Essex Police,Essex Police,0.551134,51.879450,On or near Bank Street,E01021365,Braintree 009D,Anti-social behaviour,,
,2014-08,Essex Police,Essex Police,0.549591,51.876821,On or near Rue De Jeunes,E01021365,Braintree 009D,Anti-social behaviour,,
,2014-08,Essex Police,Essex Police,0.544416,51.879622,On or near Peel Crescent,E01021365,Braintree 009D,Anti-social behaviour,,
,2014-08,Essex Police,Essex Police,0.555023,51.880129,On or near Coggeshall Road,E01021365,Braintree 009D,Anti-social behaviour,,
,2014-08,Essex Police,Essex Police,0.541117,51.880638,On or near Malyon Close,E01021365,Braintree 009D,Anti-social behaviour,,
,2014-08,Essex Police,Essex Police,0.542652,51.880290,On or near Chadwick Drive,E01021365,Braintree 009D,Anti-social behaviour,,
,2014-08,Essex Police,Essex Police,0.552410,51.879134,On or near Tofts Walk,E01021365,Braintree 009D,Anti-social behaviour,,
,2014-08,Essex Police,Essex Police,0.545403,51.878315,On or near The Brambles,E01021365,Braintree 009D,Anti-social behaviour,,
,2014-08,Essex Police,Essex Police,0.541117,51.880638,On or near Malyon Close,E01021365,Braintree 009D,Anti-social behaviour,,
cfb617e0254de80d19a0a554b9159d8acfb96a7c8cc74d21f9c9a3d151898a57,2014-08,Essex Police,Essex Police,0.547378,51.878811,On or near Parking Area,E01021365,Braintree 009D,Bicycle theft,Investigation complete; no suspect identified,
75f56cb410d58ca7881b95526139805cf2ac6774100a89ee4c8d930980a1556d,2014-08,Essex Police,Essex Police,0.550842,51.878655,On or near Shopping Area,E01021365,Braintree 009D,Burglary,Under investigation,
1c5cdeb2041b2b2d6d792a0bb3440ce23d1ad6992b4928d6c6f77959ee344ce4,2014-08,Essex Police,Essex Police,0.552410,51.879134,On or near Tofts Walk,E01021365,Braintree 009D,Criminal damage and arson,Under investigation,
c79e026601d3d119efa5ae7905fe0ee8043a55fe6cfd3e667a42ee555716726c,2014-08,Essex Police,Essex Police,0.545403,51.878315,On or near The Brambles,E01021365,Braintree 009D,Criminal damage and arson,Under investigation,
c58152df735a214339fdfffa7e57e02c7e93e6946386d1ea04879ba8ebf796e5,2014-08,Essex Police,Essex Police,0.551940,51.879054,On or near Drury Lane,E01021365,Braintree 009D,Criminal damage and arson,Investigation complete; no suspect identified,
9d077ac4e9a696e38884d01e39a5e3a60cb84537b9e68e055dfcc66d7824c661,2014-08,Essex Police,Essex Police,0.550382,51.879259,On or near Supermarket,E01021365,Braintree 009D,Criminal damage and arson,Offender given a caution,
7a7967918760dae38ab8dd67bdfdbfdf3c2c4aeb9fba142e7474521b446fbf2b,2014-08,Essex Police,Essex Police,0.550176,51.877663,On or near St Michael'S Lane,E01021365,Braintree 009D,Criminal damage and arson,Unable to prosecute suspect,
b3408e475461eef53f0ddf4e6a3da19d15e08c7390301917b522c466082eaea1,2014-08,Essex Police,Essex Police,0.552410,51.879134,On or near Tofts Walk,E01021365,Braintree 009D,Other theft,Under investigation,
87bcbf7f4462be7431c498716b1346112e0868ee98e4766d2b78a1e7f4372ddc,2014-08,Essex Police,Essex Police,0.549741,51.878194,On or near Shopping Area,E01021365,Braintree 009D,Other theft,Investigation complete; no suspect identified,
5a66a53e702f9be8cf2e1158f1ad55c96ac631f7a323006c64826d8760280985,2014-08,Essex Police,Essex Police,0.551543,51.878451,On or near Nightclub,E01021365,Braintree 009D,Other theft,Under investigation,
06975647ce95cd282c8034960ac2f17e8b00d6c1c9f65faed77a25c20e934456,2014-08,Essex Police,Essex Police,0.550382,51.879259,On or near Supermarket,E01021365,Braintree 009D,Other theft,Investigation complete; no suspect identified,
032790cf1cffc20963323248659a0b9d63b3b27e329a95c285f34e49036896cb,2014-08,Essex Police,Essex Police,0.550842,51.878655,On or near Shopping Area,E01021365,Braintree 009D,Other theft,Under investigation,
790d3bfeac468dc0626ec5f7622665c897f9ba7dcd23eb5cdadd321d8b3dccc2,2014-08,Essex Police,Essex Police,0.547564,51.876694,On or near Clare Road,E01021365,Braintree 009D,Other theft,Investigation complete; no suspect identified,
15fceba6ac5a524605e698cf182a3133bed6c90d57124b508bf5d04748cd5567,2014-08,Essex Police,Essex Police,0.549591,51.876821,On or near Rue De Jeunes,E01021365,Braintree 009D,Other theft,Under investigation,
e88ec65f62b6bdbe61b34dfb9e2c6d6e7a4195ecc34e7562323d5ad0f5a4c9d1,2014-08,Essex Police,Essex Police,0.551543,51.878451,On or near Nightclub,E01021365,Braintree 009D,Shoplifting,Under investigation,
cacb8be85c1a60b32dea21c58487424c50f40b450fa28c646c4fdc6da5914271,2014-08,Essex Police,Essex Police,0.552410,51.879134,On or near Tofts Walk,E01021365,Braintree 009D,Shoplifting,Awaiting court outcome,
081fb21ddfa1835fd8780bd1fa0af1d23d9ab24e0dc47d3744c91e9c564aa716,2014-08,Essex Police,Essex Police,0.550842,51.878655,On or near Shopping Area,E01021365,Braintree 009D,Shoplifting,Investigation complete; no suspect identified,
a979b164fd7d4f7213af1cbb1583338c1c6633410cd2a593a73ce795f5199a2c,2014-08,Essex Police,Essex Police,0.551940,51.879054,On or near Drury Lane,E01021365,Braintree 009D,Shoplifting,Under investigation,
0a78d3c498d203058012d9cd0f7e6799c5cca71d3e3fe08cb53b7c48da55bcf4,2014-08,Essex Police,Essex Police,0.552410,51.879134,On or near Tofts Walk,E01021365,Braintree 009D,Shoplifting,Offender given penalty notice,
dab86dfbd4e3cb1a9fefc9e92a81ec32e9b33716c1c04fc159c5f31b8f98efe2,2014-08,Essex Police,Essex Police,0.549676,51.878069,On or near High Street,E01021365,Braintree 009D,Shoplifting,Investigation complete; no suspect identified,
a880f0141e19c7f8de8b08cb7df9d175ac86ffa9ead9900d9e02c952a8629554,2014-08,Essex Police,Essex Police,0.552410,51.879134,On or near Tofts Walk,E01021365,Braintree 009D,Shoplifting,Under investigation,
70f39316d977e0d3984f4ee44fd1bbe2dacad41a63c188543031bdc09f33cfef,2014-08,Essex Police,Essex Police,0.548875,51.879067,On or near Shopping Area,E01021365,Braintree 009D,Shoplifting,Investigation complete; no suspect identified,
e63374660f8c890382e910e718cf600192650022c4b7f79c9fd746cb2a1f4b26,2014-08,Essex Police,Essex Police,0.552410,51.879134,On or near Tofts Walk,E01021365,Braintree 009D,Shoplifting,Local resolution,
e4e1c70cf4ddf71c0db1fc947094976f6003a4039e20f4e49c85bbe3dcfe4526,2014-08,Essex Police,Essex Police,0.552410,51.879134,On or near Tofts Walk,E01021365,Braintree 009D,Shoplifting,Under investigation,
7b4b21993a9d0b6bff15dd86a1e5fff169545bbc8e07305bd0e1375afcd52508,2014-08,Essex Police,Essex Police,0.552410,51.879134,On or near Tofts Walk,E01021365,Braintree 009D,Shoplifting,Under investigation,
89e9fa09d40d7514105f98eb4364919970d5fa69033dc7608504efdfd93d6853,2014-08,Essex Police,Essex Police,0.552410,51.879134,On or near Tofts Walk,E01021365,Braintree 009D,Shoplifting,Under investigation,
6b1d0226b0f907d2b8363ba6a70901e66f6c317554892a5a1764a5d45f2dcbf7,2014-08,Essex Police,Essex Police,0.552410,51.879134,On or near Tofts Walk,E01021365,Braintree 009D,Vehicle crime,Investigation complete; no suspect identified,
61cfe8630e18a9cb4ab5dfddacea109200103c716b674105e7c145ec52f2272b,2014-08,Essex Police,Essex Police,0.554881,51.875564,On or near Station Road,E01021365,Braintree 009D,Vehicle crime,Investigation complete; no suspect identified,
4c4f3a70ac50f1d17a71a88d4fcd004717862297616840e017fedcba4cfa042c,2014-08,Essex Police,Essex Police,0.548875,51.879067,On or near Shopping Area,E01021365,Braintree 009D,Violence and sexual offences,Under investigation,
00220fc995299a640ce7d2ff575c09b3a3def98330667dda47b3ffb29499d3ed,2014-08,Essex Police,Essex Police,0.551134,51.879450,On or near Bank Street,E01021365,Braintree 009D,Violence and sexual offences,Under investigation,
22499a24494cd2afd86262de552428cd0a2a6221b5fb9f138f88d065d61ac66b,2014-08,Essex Police,Essex Police,0.542249,51.878815,On or near Rayne Road,E01021365,Braintree 009D,Violence and sexual offences,Awaiting court outcome,
304c6e8a745b7e9b165037ee134f65b5cc777eb4a7ebbace3ebabde388262f96,2014-08,Essex Police,Essex Police,0.551134,51.879450,On or near Bank Street,E01021365,Braintree 009D,Violence and sexual offences,Awaiting court outcome,
022a20b0980c98631d4eb00d47f6339f3e66ac4207c7f1009d570747940d565e,2014-08,Essex Police,Essex Police,0.544416,51.879622,On or near Peel Crescent,E01021365,Braintree 009D,Violence and sexual offences,Unable to prosecute suspect,
,2014-08,Essex Police,Essex Police,0.558661,51.878935,On or near Railway Street,E01033458,Braintree 009E,Anti-social behaviour,,
,2014-08,Essex Police,Essex Police,0.556767,51.875514,On or near Station Approach,E01033458,Braintree 009E,Anti-social behaviour,,
,2014-08,Essex Police,Essex Police,0.558840,51.877744,On or near Railway Street,E01033458,Braintree 009E,Anti-social behaviour,,
,2014-08,Essex Police,Essex Police,0.557619,51.875424,On or near Parking Area,E01033458,Braintree 009E,Anti-social behaviour,,
,2014-08,Essex Police,Essex Police,0.560159,51.876654,On or near Gresley Drive,E01033458,Braintree 009E,Anti-social behaviour,,
,2014-08,Essex Police,Essex Police,0.560327,51.877307,On or near Trinovantian Way,E01033458,Braintree 009E,Anti-social behaviour,,
,2014-08,Essex Police,Essex Police,0.559642,51.876000,On or near Rose Gardens,E01033458,Braintree 009E,Anti-social behaviour,,
e2b530329fef165633cffadf14d558352cadbee4ee80e68ee4df9b2927315d36,2014-08,Essex Police,Essex Police,0.556767,51.875514,On or near Station Approach,E01033458,Braintree 009E,Bicycle theft,Investigation complete; no suspect identified,
d2d42be0e8a7882b52ab9498622c7df4526ffcbe7dbb895726faf20be0758eb9,2014-08,Essex Police,Essex Police,0.556767,51.875514,On or near Station Approach,E01033458,Braintree 009E,Other theft,Investigation complete; no suspect identified,
,2014-08,Essex Police,Essex Police,0.552537,51.878313,On or near Market Place,E01033459,Braintree 009F,Anti-social behaviour,,
,2014-08,Essex Police,Essex Police,0.556159,51.877353,On or near Victoria Street,E01033459,Braintree 009F,Anti-social behaviour,,
,2014-08,Essex Police,Essex Police,0.553030,51.877268,On or near Bus/Coach Station,E01033459,Braintree 009F,Anti-social behaviour,,
,2014-08,Essex Police,Essex Police,0.553451,51.877250,On or near Fairfield Road,E01033459,Braintree 009F,Anti-social behaviour,,
,2014-08,Essex Police,Essex Police,0.552316,51.877733,On or near Supermarket,E01033459,Braintree 009F,Anti-social behaviour,,
,2014-08,Essex Police,Essex Police,0.552316,51.877733,On or near Supermarket,E01033459,Braintree 009F,Anti-social behaviour,,
,2014-08,Essex Police,Essex Police,0.554674,51.877547,On or near Bus/Coach Station,E01033459,Braintree 009F,Anti-social behaviour,,
6a0300bb13abda90786f87171f8c61f6c011533fae8cbb45ae8e91a741925341,2014-08,Essex Police,Essex Police,0.552316,51.877733,On or near Supermarket,E01033459,Braintree 009F,Bicycle theft,Under investigation,
98105f4456d528b2dfea7743eae5ce28ce384368eb618ec39e5bdfc6b0f13e38,2014-08,Essex Police,Essex Police,0.552316,51.877733,On or near Supermarket,E01033459,Braintree 009F,Bicycle theft,Under investigation,
73ef06a75c7dd1dff60b60508521f4308a316a5d200f99b25c991427ab750ba5,2014-08,Essex Police,Essex Police,0.561195,51.879042,On or near Albert Road,E01033459,Braintree 009F,Criminal damage and arson,Investigation complete; no suspect identified,
d9fb5ffc5814b6b4bb79e6208aa9ed4e209c09a7c6a53c7790593649d556707b,2014-08,Essex Police,Essex Police,0.554706,51.879408,On or near Police Station,E01033459,Braintree 009F,Drugs,Under investigation,
5ce06124c29e52ddb75e334283fb96244dd075261be7830a9a91dc52c38082b0,2014-08,Essex Police,Essex Police,0.557553,51.879130,On or near Mount Road,E01033459,Braintree 009F,Drugs,Offender given conditional discharge,
b12122696e6de2147203968331d5d6d99ceb68deedbb3afe661521012fdcae78,2014-08,Essex Police,Essex Police,0.563901,51.879864,On or near St Mary'S Road,E01033459,Braintree 009F,Other theft,Under investigation,
f4dd223e661f665c2dd38104cc428d906f9e8bec74321bbc9afbe844b04224b9,2014-08,Essex Police,Essex Police,0.567506,51.876323,On or near Chapel Hill,E01033459,Braintree 009F,Other theft,Under investigation,
5f2a87b7611d7a31cd9def4dc24415d232f57c8421cdab94425cd2cbcee3fa3c,2014-08,Essex Police,Essex Police,0.552316,51.877733,On or near Supermarket,E01033459,Braintree 009F,Other theft,Under investigation,
bdbd178ebbd7108e13e0d64e279cb062e99c67368d0c89cc377deadbb9720c08,2014-08,Essex Police,Essex Police,0.553357,51.877908,On or near Conference/Exhibition Centre,E01033459,Braintree 009F,Other theft,Investigation complete; no suspect identified,
abee90d6b6049bfb7107936c044fec0e31e5b93a0f06e0a1e4efa68b5390889a,2014-08,Essex Police,Essex Police,0.554706,51.879408,On or near Police Station,E01033459,Braintree 009F,Possession of weapons,Under investigation,
076b98bf248393ca4d39d0b1a6d6507792d27a87829f71573ea841f534b2bbd5,2014-08,Essex Police,Essex Police,0.563856,51.880603,On or near Coggeshall Road,E01033459,Braintree 009F,Public order,Under investigation,
a92607b824a6685cecd82a7298ef60a1e134fea712c2bf1455610059d0acebac,2014-08,Essex Police,Essex Police,0.552537,51.878313,On or near Market Place,E01033459,Braintree 009F,Public order,Offender given penalty notice,
2a5f45063f9860bf3b0dfafd50365efa5a17692bb3275ea033e40fb1db5814c3,2014-08,Essex Police,Essex Police,0.552537,51.878313,On or near Market Place,E01033459,Braintree 009F,Public order,Awaiting court outcome,
e8407d0e1329bed6ff4a17f5c7bdd106f6bb98b0d4f3821d47c632f9886661aa,2014-08,Essex Police,Essex Police,0.552316,51.877733,On or near Supermarket,E01033459,Braintree 009F,Shoplifting,Offender given penalty notice,
7464811761b4c6bfcfe05149a45a0d35e1b5810dc7b90a0c030f4f8e3a16a8e0,2014-08,Essex Police,Essex Police,0.552316,51.877733,On or near Supermarket,E01033459,Braintree 009F,Shoplifting,Awaiting court outcome,
2ccb2b6122df1a85c95f9d154aa3d36d9d05731a420b8d0302a8bdf33846ff18,2014-08,Essex Police,Essex Police,0.552316,51.877733,On or near Supermarket,E01033459,Braintree 009F,Shoplifting,Awaiting court outcome,
5aacff2350503ee50fa92871d11fc2f16b9b46888bddb5406cf3d532e05a1ded,2014-08,Essex Police,Essex Police,0.552316,51.877733,On or near Supermarket,E01033459,Braintree 009F,Shoplifting,Under investigation,
06a348a97c15f8fa816cd0ff3596dc2bbe6899dd97c22029e86e1da782457ddb,2014-08,Essex Police,Essex Police,0.552537,51.878313,On or near Market Place,E01033459,Braintree 009F,Violence and sexual offences,Under investigation,
0a4210f20d6310149d1773b4ed822ec880ef4a5452518b8f4678bfea4ce26bac,2014-08,Essex Police,Essex Police,0.563901,51.879864,On or near St Mary'S Road,E01033459,Braintree 009F,Violence and sexual offences,Under investigation,
82225f17f9b280176b37c3650e17fe334c294d46fc154a0d986130401e15de65,2014-08,Essex Police,Essex Police,0.552537,51.878313,On or near Market Place,E01033459,Braintree 009F,Violence and sexual offences,Awaiting court outcome,
f3e6d3c4ea7d01e37a86dadbaf5531012140d5216385bab29f0c5015d3b353a8,2014-08,Essex Police,Essex Police,0.552537,51.878313,On or near Market Place,E01033459,Braintree 009F,Violence and sexual offences,Awaiting court outcome,
1dc60f63620a381904f15673fb9be674ddb3e30b000fd4f7927d987f2dbca897,2014-08,Essex Police,Essex Police,0.552537,51.878313,On or near Market Place,E01033459,Braintree 009F,Violence and sexual offences,Awaiting court outcome,
7d7d585d16b709e8317d95f09bcc5cedf9339a083b7cdccb4730bc9f787fac93,2014-08,Essex Police,Essex Police,0.555753,51.878135,On or near Manor Street,E01033459,Braintree 009F,Other crime,Awaiting court outcome,
,2014-08,Essex Police,Essex Police,0.538892,51.877250,On or near Fernie Road,E01021364,Braintree 010A,Anti-social behaviour,,
,2014-08,Essex Police,Essex Police,0.535048,51.875301,On or near Jersey Way,E01021364,Braintree 010A,Anti-social behaviour,,
250daec16c4ed812ff0d097384127b1b803722372533e0bc4453a5df3b8d2ac3,2014-08,Essex Police,Essex Police,0.536809,51.877421,On or near Francis Road,E01021364,Braintree 010A,Other theft,Investigation complete; no suspect identified,
,2014-08,Essex Police,Essex Police,0.547918,51.873188,On or near Giffins Close,E01021366,Braintree 010B,Anti-social behaviour,,
,2014-08,Essex Police,Essex Police,0.540814,51.873980,On or near Sycamore Grove,E01021366,Braintree 010B,Anti-social behaviour,,
,2014-08,Essex Police,Essex Police,0.547977,51.874239,On or near Strudwick Close,E01021366,Braintree 010B,Anti-social behaviour,,
3046d5f4f84b5823fb3bf2367b784192bb3afff09a550b20fd99c3d3247f804f,2014-08,Essex Police,Essex Police,0.541867,51.876934,On or near Clare Road,E01021366,Braintree 010B,Public order,Under investigation,
,2014-08,Essex Police,Essex Police,0.521743,51.860047,On or near Elsham Drive,E01021383,Braintree 010C,Anti-social behaviour,,
,2014-08,Essex Police,Essex Police,0.534544,51.868918,On or near A120,E01021383,Braintree 010C,Anti-social behaviour,,
,2014-08,Essex Police,Essex Police,0.534544,51.868918,On or near A120,E01021383,Braintree 010C,Anti-social behaviour,,
,2014-08,Essex Police,Essex Police,0.521172,51.864115,On or near Felbrigg Close,E01021383,Braintree 010C,Anti-social behaviour,,
,2014-08,Essex Police,Essex Police,0.525090,51.864822,On or near Hardwick Close,E01021383,Braintree 010C,Anti-social behaviour,,
d1017d61d8ee3eed812f657cf8d2d394eb90bdb4b8763a33789cc5c3089c4e6b,2014-08,Essex Police,Essex Police,0.523253,51.863162,On or near Carpenters Drive,E01021383,Braintree 010C,Other theft,Under investigation,
8639359303357526ff6d3c301ac2c94c8c442c289b80f029092cbfc7466b978f,2014-08,Essex Police,Essex Police,0.532959,51.867612,On or near Thresher Rise,E01021383,Braintree 010C,Vehicle crime,Awaiting court outcome,
84e5fa1aeb63e94456681bab9b07e2cadbacb5618833af502198b7ee3062b819,2014-08,Essex Police,Essex Police,0.534544,51.868918,On or near A120,E01021383,Braintree 010C,Vehicle crime,Investigation complete; no suspect identified,
,2014-08,Essex Police,Essex Police,0.511112,51.874654,On or near Makemores,E01021405,Braintree 010D,Anti-social behaviour,,
,2014-08,Essex Police,Essex Police,0.510418,51.874201,On or near Symmons Close,E01021405,Braintree 010D,Anti-social behaviour,,
651b6fb91c71ff3760fd1cf0b390bedc6ee343690221721ce330513f404d55c2,2014-08,Essex Police,Essex Police,0.492556,51.873826,On or near Dunmow Road,E01021405,Braintree 010D,Burglary,Investigation complete; no suspect identified,
2581077a85f836708f98fc59cf66c6bf744baca305c38b257385072179a95456,2014-08,Essex Police,Essex Police,0.503458,51.868954,On or near School Road,E01021405,Braintree 010D,Burglary,Investigation complete; no suspect identified,
a5d73001f93f08892375699971abe5bc15bfd8ee6609eea736302801707691e7,2014-08,Essex Police,Essex Police,0.503458,51.868954,On or near School Road,E01021405,Braintree 010D,Burglary,Investigation complete; no suspect identified,
87ff4b84eaf65ce17c6925f7038db27e5ca883cf44bbbed586085f855ebc5b4c,2014-08,Essex Police,Essex Police,0.508593,51.874034,On or near Kidder Road,E01021405,Braintree 010D,Burglary,Under investigation,
d58f0df75bdbe3d5ea1e2ed6f0b83ef16a0f81b7af0cd4a2ad3522627509b7d9,2014-08,Essex Police,Essex Police,0.503458,51.868954,On or near School Road,E01021405,Braintree 010D,Burglary,Investigation complete; no suspect identified,
342aa541c5d9e0db51c3e12a44b381d6bf9644fcf28be074a3b6d4798671fc20,2014-08,Essex Police,Essex Police,0.507808,51.874554,On or near Vaughan Close,E01021405,Braintree 010D,Violence and sexual offences,Offender given a caution,
930d5f6f6e4e72c15597083ad7268fa5b81feda89668934fd97cd72bbd619491,2014-08,Essex Police,Essex Police,0.512769,51.874943,On or near Gore Lane,E01021405,Braintree 010D,Violence and sexual offences,Investigation complete; no suspect identified,
,2014-08,Essex Police,Essex Police,0.572069,51.869209,On or near Charter Way,E01021368,Braintree 011A,Anti-social behaviour,,
,2014-08,Essex Police,Essex Police,0.577443,51.869694,On or near Chelmer Road,E01021368,Braintree 011A,Anti-social behaviour,,
,2014-08,Essex Police,Essex Police,0.567054,51.876036,On or near Chapel Hill,E01021368,Braintree 011A,Anti-social behaviour,,
d5b7bb52ed62ffc90895c5b7f2a86f8d0c87d1a86cfe8a990ea4cda0114711fe,2014-08,Essex Police,Essex Police,0.568086,51.872983,On or near Century Drive,E01021368,Braintree 011A,Bicycle theft,Under investigation,
08e40d46f95ea99d2fe164d6f7db4744df7623c4d02e9024731989d3fc47aff9,2014-08,Essex Police,Essex Police,0.577443,51.869694,On or near Chelmer Road,E01021368,Braintree 011A,Criminal damage and arson,Under investigation,
472a26ceb3edfb14b973323b13e2aa855ca98899bca85de1d04239d6f9390ee6,2014-08,Essex Police,Essex Police,0.572069,51.869209,On or near Charter Way,E01021368,Braintree 011A,Criminal damage and arson,Investigation complete; no suspect identified,
1a312d0a97d06009f3e40fab35ee03f8013b4f39212bfd09620443ccd1b4b7c5,2014-08,Essex Police,Essex Police,0.572069,51.869209,On or near Charter Way,E01021368,Braintree 011A,Criminal damage and arson,Investigation complete; no suspect identified,
a5a3192cc629b8388289fdaecb8dbb34b8545eb90b4181e36bb7ed4e86062139,2014-08,Essex Police,Essex Police,0.571378,51.877210,On or near Supermarket,E01021368,Braintree 011A,Drugs,Awaiting court outcome,
d0fb007d8d8cf856617374c1437aa9cf245264b8213c6c376b4c15e795a47590,2014-08,Essex Police,Essex Police,0.571378,51.877210,On or near Supermarket,E01021368,Braintree 011A,Drugs,Awaiting court outcome,
9281b8385b4fb28be3e34ee470c2a46cb81b20ecb34c5cb03de5d24abbf135ec,2014-08,Essex Police,Essex Police,0.570012,51.870072,On or near Shopping Area,E01021368,Braintree 011A,Other theft,Investigation complete; no suspect identified,
0b98df4d502ef4c677f7ebcbaf840ef26826b40f5be55da7701f767954140d9e,2014-08,Essex Police,Essex Police,0.577443,51.869694,On or near Chelmer Road,E01021368,Braintree 011A,Other theft,Under investigation,
a70e99a3e99f46f38bcd1f434db9fe84d2616ce2559802c150eca3311a66aed7,2014-08,Essex Police,Essex Police,0.577155,51.871508,On or near Knights Road,E01021368,Braintree 011A,Other theft,Investigation complete; no suspect identified,
a7f2a357fbf655f07e7a0b24fef448eca4c75475b597417757e7a37236bec209,2014-08,Essex Police,Essex Police,0.572264,51.870329,On or near Shopping Area,E01021368,Braintree 011A,Shoplifting,Under investigation,
5ee0de31d91f89fad3eeb5b296349169342e93ef4faa8c7d65e732b8e2b4466b,2014-08,Essex Police,Essex Police,0.575386,51.869280,On or near Roman Court,E01021368,Braintree 011A,Shoplifting,Awaiting court outcome,
8794907cbfcb6c812ea6ac08dee8b3214ee25732fe1488e30938a646b2b4b80a,2014-08,Essex Police,Essex Police,0.570012,51.870072,On or near Shopping Area,E01021368,Braintree 011A,Shoplifting,Investigation complete; no suspect identified,
61da467c1cb3c8cbae3890269b4b0f468dea4d03ba1c8c8080918c886189d80e,2014-08,Essex Police,Essex Police,0.577443,51.869694,On or near Chelmer Road,E01021368,Braintree 011A,Vehicle crime,Under investigation,
828ad811f8461986c8ff0bb8c4f7c81be6e1d7a5184a48a99bf3e72a6c0fd676,2014-08,Essex Police,Essex Police,0.575981,51.872829,On or near Stubbs Lane,E01021368,Braintree 011A,Violence and sexual offences,Under investigation,
65200a95a22e9b2c9e14b06621cc99fc1dd15c47cc1241fa0b39a01e5a769360,2014-08,Essex Police,Essex Police,0.579466,51.869758,On or near Thames Close,E01021368,Braintree 011A,Violence and sexual offences,Under investigation,
68ef691436cb35937e2bb98d85b5065659a5a75e90b6940eb814cc7f27f98f59,2014-08,Essex Police,Essex Police,0.568086,51.872983,On or near Century Drive,E01021368,Braintree 011A,Other crime,Offender given a caution,
,2014-08,Essex Police,Essex Police,0.566666,51.878914,On or near Trotters Field,E01021370,Braintree 011B,Anti-social behaviour,,
,2014-08,Essex Police,Essex Police,0.566666,51.878914,On or near Trotters Field,E01021370,Braintree 011B,Anti-social behaviour,,
,2014-08,Essex Police,Essex Police,0.570229,51.878458,On or near Woodlands,E01021370,Braintree 011B,Anti-social behaviour,,
,2014-08,Essex Police,Essex Police,0.566666,51.878914,On or near Trotters Field,E01021370,Braintree 011B,Anti-social behaviour,,
,2014-08,Essex Police,Essex Police,0.566666,51.878914,On or near Trotters Field,E01021370,Braintree 011B,Anti-social behaviour,,
,2014-08,Essex Police,Essex Police,0.573633,51.880308,On or near Wheatley Avenue,E01021370,Braintree 011B,Anti-social behaviour,,
,2014-08,Essex Police,Essex Police,0.566666,51.878914,On or near Trotters Field,E01021370,Braintree 011B,Anti-social behaviour,,
d5ceafc42c41e934a5d53bd46ef130bbadb0183e6d46cd9a0fb2444c3ccb5ea7,2014-08,Essex Police,Essex Police,0.573410,51.878191,On or near Bartram Avenue South,E01021370,Braintree 011B,Criminal damage and arson,Investigation complete; no suspect identified,
943dc717cfd76b636af7b6c1e6e241205288b4a223a971539a2d00f156440a00,2014-08,Essex Police,Essex Police,0.572015,51.880227,On or near Hay Lane North,E01021370,Braintree 011B,Violence and sexual offences,Under investigation,
0c2aa49a97d530d960df31011617094e6f0ba7fa8198c80051b5e9dee6126e6c,2014-08,Essex Police,Essex Police,0.566666,51.878914,On or near Trotters Field,E01021370,Braintree 011B,Violence and sexual offences,Under investigation,
a611ef9abba61f14c7b7833eb81faefb3cf440cf2f0f38e406325de7667413eb,2014-08,Essex Police,Essex Police,0.570393,51.880064,On or near Howard Close,E01021370,Braintree 011B,Violence and sexual offences,Under investigation,
,2014-08,Essex Police,Essex Police,0.561767,51.866601,On or near Penn Mews,E01021372,Braintree 011C,Anti-social behaviour,,
,2014-08,Essex Police,Essex Police,0.563358,51.865218,On or near Greene View,E01021372,Braintree 011C,Anti-social behaviour,,
,2014-08,Essex Police,Essex Police,0.556586,51.868495,On or near Challis Lane,E01021372,Braintree 011C,Anti-social behaviour,,
,2014-08,Essex Police,Essex Police,0.559517,51.869699,On or near Russet Close,E01021372,Braintree 011C,Anti-social behaviour,,
,2014-08,Essex Police,Essex Police,0.560996,51.865062,On or near Conan Doyle Close,E01021372,Braintree 011C,Anti-social behaviour,,
,2014-08,Essex Police,Essex Police,0.563358,51.865218,On or near Greene View,E01021372,Braintree 011C,Anti-social behaviour,,
bcce1709b6d839602c62f95be9a3d98bb264e01c0ea6f18d2a1a1646b4c83080,2014-08,Essex Police,Essex Police,0.561554,51.866192,On or near Parklands,E01021372,Braintree 011C,Criminal damage and arson,Under investigation,
dcb9e2e044b805d82987ce6f781192ce148a8de39228b92164ad91c490f6d7e9,2014-08,Essex Police,Essex Police,0.557925,51.870579,On or near Brunel Road,E01021372,Braintree 011C,Other theft,Under investigation,
75b022aaf2e9a94b8ad7c58b502d8da06484e79ea38f7e66bf2f7290cbb112d4,2014-08,Essex Police,Essex Police,0.556586,51.868495,On or near Challis Lane,E01021372,Braintree 011C,Shoplifting,Under investigation,
46627b822e064e3e8e41c53f1e7346a7cbafcd0a45b1fdc92b6dd8a7b29de9bc,2014-08,Essex Police,Essex Police,0.559517,51.869699,On or near Russet Close,E01021372,Braintree 011C,Violence and sexual offences,Under investigation,
53fd25f29ee9e09e19c5a2279f69b6a4c89235ea5b3c9afc8ec07f8c0f0bde0e,2014-08,Essex Police,Essex Police,0.561554,51.866192,On or near Parklands,E01021372,Braintree 011C,Violence and sexual offences,Under investigation,
,2014-08,Essex Police,Essex Police,0.566555,51.868295,On or near Putter Court,E01021373,Braintree 011D,Anti-social behaviour,,
,2014-08,Essex Police,Essex Police,0.567689,51.868828,On or near Reed Meadows,E01021373,Braintree 011D,Anti-social behaviour,,
,2014-08,Essex Police,Essex Police,0.553275,51.872092,On or near Perryfields,E01021373,Braintree 011D,Anti-social behaviour,,
,2014-08,Essex Police,Essex Police,0.567689,51.868828,On or near Reed Meadows,E01021373,Braintree 011D,Anti-social behaviour,,
44abce3d8e99ff16a802bbc11524ae2c3885e4a30a7efaa485debbeb08b4dcce,2014-08,Essex Police,Essex Police,0.566555,51.868295,On or near Putter Court,E01021373,Braintree 011D,Other theft,Investigation complete; no suspect identified,
074bdc6221a8ea2e410bc72879b44acaed9ffc9821880d6b12218aff988c93dc,2014-08,Essex Police,Essex Police,0.558545,51.871258,On or near Orchard Drive,E01021373,Braintree 011D,Violence and sexual offences,Under investigation,
47f5869f2ba0f95ec09422d49a3c05df6214717adc2be1f16f2fb7c3d6d7958c,2014-08,Essex Police,Essex Police,0.557510,51.872225,On or near The Ridgeway,E01021373,Braintree 011D,Violence and sexual offences,Under investigation,
,2014-08,Essex Police,Essex Police,0.556660,51.864923,On or near Buchan Close,E01021374,Braintree 011E,Anti-social behaviour,,
2bafe34c9417d413ad7b1f80625d9257dce4cde55044c69a66f1af1fee2005e5,2014-08,Essex Police,Essex Police,0.557439,51.864834,On or near Hardy Close,E01021374,Braintree 011E,Violence and sexual offences,Formal action is not in the public interest,
5345f8232d9cef7f77b41d6b89220768ea6c526f1f891b7aa22a76774c210cbc,2014-08,Essex Police,Essex Police,0.555145,51.864083,On or near Johnson Close,E01021374,Braintree 011E,Violence and sexual offences,Under investigation,
1ace226c707b4408ae8a2c1a5a68705e24a9e80819a073410b99c4d18b2a9698,2014-08,Essex Police,Essex Police,0.553867,51.868437,On or near Keats Avenue,E01021374,Braintree 011E,Violence and sexual offences,Under investigation,
,2014-08,Essex Police,Essex Police,0.622989,51.848506,On or near Silver Street,E01021360,Braintree 012A,Anti-social behaviour,,
,2014-08,Essex Police,Essex Police,0.619499,51.848179,On or near Francis Way,E01021360,Braintree 012A,Anti-social behaviour,,
,2014-08,Essex Police,Essex Police,0.620805,51.850408,On or near Broadway Court,E01021360,Braintree 012A,Anti-social behaviour,,
,2014-08,Essex Police,Essex Police,0.616552,51.849693,On or near Francis Court,E01021360,Braintree 012A,Anti-social behaviour,,
,2014-08,Essex Police,Essex Police,0.628773,51.845355,On or near Grooms Lane,E01021360,Braintree 012A,Anti-social behaviour,,
1765221e9e13a47a9ea43412753ded5028119bec4901a4259624c2996ec624af,2014-08,Essex Police,Essex Police,0.622339,51.844078,On or near Magdalene Crescent,E01021360,Braintree 012A,Criminal damage and arson,Under investigation,
33ee0c7f143a17da3845876d9e00bf61a6717eae9e1c697a9c8658c3a5e82b20,2014-08,Essex Police,Essex Police,0.622339,51.844078,On or near Magdalene Crescent,E01021360,Braintree 012A,Criminal damage and arson,Investigation complete; no suspect identified,
85debb3c968e37c276e0fcf4a1179bf524c1197cc0a9af8b54f7cde4a32cce9c,2014-08,Essex Police,Essex Police,0.627477,51.844053,On or near School Road,E01021360,Braintree 012A,Vehicle crime,Under investigation,
92b6cfc39ded0e1200f8d2d0b250f0c770db8db6dca52a79f80f53a0b11bc46d,2014-08,Essex Police,Essex Police,0.620805,51.850408,On or near Broadway Court,E01021360,Braintree 012A,Violence and sexual offences,Unable to prosecute suspect,
aa2d88f41b7ea212b880d85ed254608ff7de8875a1fe541bf0120c1293a8f900,2014-08,Essex Police,Essex Police,0.631768,51.868814,On or near Fiveash Lane,E01021361,Braintree 012B,Burglary,Investigation complete; no suspect identified,
7c11ff0bf45c05ac146fc9d06712de4ed062dc72bdf2fb741eea7c6541af4969,2014-08,Essex Police,Essex Police,0.623816,51.850745,On or near Wood Grove,E01021361,Braintree 012B,Drugs,Under investigation,
23d74bdadc00ad804c0b2bfa19b1937079509b47644a5535484e24a7c7e2c4b9,2014-08,Essex Police,Essex Police,0.627196,51.876363,On or near Park/Open Space,E01021361,Braintree 012B,Other theft,Under investigation,
2de2d7d05ff1cf538a79f153cfa9f860e5e731ac586e8a0ac268f26a20b90e38,2014-08,Essex Police,Essex Police,0.623816,51.850745,On or near Wood Grove,E01021361,Braintree 012B,Vehicle crime,Investigation complete; no suspect identified,
,2014-08,Essex Police,Essex Police,0.580554,51.872270,On or near The Ley,E01021367,Braintree 012C,Anti-social behaviour,,
,2014-08,Essex Police,Essex Police,0.581336,51.873233,On or near Crusader Way,E01021367,Braintree 012C,Anti-social behaviour,,
,2014-08,Essex Police,Essex Police,0.580530,51.873376,On or near Templar Road,E01021367,Braintree 012C,Anti-social behaviour,,
,2014-08,Essex Police,Essex Police,0.580530,51.873376,On or near Templar Road,E01021367,Braintree 012C,Anti-social behaviour,,
,2014-08,Essex Police,Essex Police,0.582748,51.872267,On or near Middle King,E01021367,Braintree 012C,Anti-social behaviour,,
,2014-08,Essex Police,Essex Police,0.582701,51.873230,On or near Tanners Meadow,E01021367,Braintree 012C,Anti-social behaviour,,
,2014-08,Essex Police,Essex Police,0.577587,51.874754,On or near King Georges View,E01021367,Braintree 012C,Anti-social behaviour,,
,2014-08,Essex Police,Essex Police,0.580530,51.873376,On or near Templar Road,E01021367,Braintree 012C,Anti-social behaviour,,
0debff65df87c78676466c2bef66d181def743643866f62332069033e333724b,2014-08,Essex Police,Essex Police,0.580530,51.873376,On or near Templar Road,E01021367,Braintree 012C,Criminal damage and arson,Unable to prosecute suspect,
693f2c4ef02dcffef6fd9519ec7220b17ada2150cff49e0083620cafa2fcb617,2014-08,Essex Police,Essex Police,0.580554,51.872270,On or near The Ley,E01021367,Braintree 012C,Criminal damage and arson,Under investigation,
44daa0ee969eb7471df409cb81848d5944d02021da5f735a4ec2346b398b187a,2014-08,Essex Police,Essex Police,0.583349,51.871345,On or near Punders Field,E01021367,Braintree 012C,Public order,Unable to prosecute suspect,
,2014-08,Essex Police,Essex Police,0.579207,51.880708,On or near Fore Field,E01021369,Braintree 012D,Anti-social behaviour,,
,2014-08,Essex Police,Essex Police,0.582359,51.880441,On or near Marks Farm,E01021369,Braintree 012D,Anti-social behaviour,,
,2014-08,Essex Police,Essex Police,0.577385,51.878329,On or near Braiding Crescent,E01021369,Braintree 012D,Anti-social behaviour,,
,2014-08,Essex Police,Essex Police,0.582359,51.880441,On or near Marks Farm,E01021369,Braintree 012D,Anti-social behaviour,,
,2014-08,Essex Police,Essex Police,0.575321,51.880343,On or near Bartram Avenue North,E01021369,Braintree 012D,Anti-social behaviour,,
,2014-08,Essex Police,Essex Police,0.576553,51.878778,On or near Pearl Drive,E01021369,Braintree 012D,Anti-social behaviour,,
,2014-08,Essex Police,Essex Police,0.574078,51.877421,On or near Marks Gardens,E01021369,Braintree 012D,Anti-social behaviour,,
,2014-08,Essex Police,Essex Police,0.580510,51.880634,On or near Botany Drive,E01021369,Braintree 012D,Anti-social behaviour,,
,2014-08,Essex Police,Essex Police,0.580510,51.880634,On or near Botany Drive,E01021369,Braintree 012D,Anti-social behaviour,,
f4245643daea0d14b4cfb16e35269b2f2bb4e29d7f9b155a46855233b8128fc6,2014-08,Essex Police,Essex Police,0.579897,51.877536,On or near Lammas Drive,E01021369,Braintree 012D,Criminal damage and arson,Investigation complete; no suspect identified,
369b5e7f9bd65e50037bf725cede3910d6d7ce05ab39e76251bbddf1bc3d3353,2014-08,Essex Police,Essex Police,0.577604,51.880122,On or near Gulls Croft,E01021369,Braintree 012D,Criminal damage and arson,Investigation complete; no suspect identified,
ecb03afea632c6e49202c911e07f831622419b827b2e1ace9133d60ced4eb394,2014-08,Essex Police,Essex Police,0.580510,51.880634,On or near Botany Drive,E01021369,Braintree 012D,Other theft,Investigation complete; no suspect identified,
d3c3d2a6969cfd02b061290f2f68fe2aec451e33622f5253de751cd370a15772,2014-08,Essex Police,Essex Police,0.573475,51.875500,On or near Sports/Recreation Area,E01021369,Braintree 012D,Possession of weapons,Under investigation,
7b89906949e319e53d752d5e889616b91992bd563e38335f1d74e15ea0a740f7,2014-08,Essex Police,Essex Police,0.582359,51.880441,On or near Marks Farm,E01021369,Braintree 012D,Shoplifting,Under investigation,
2c43080045aa1b077b2e5a503068346a5c4922d8175cf85d5fc7c46a33656226,2014-08,Essex Police,Essex Police,0.582359,51.880441,On or near Marks Farm,E01021369,Braintree 012D,Shoplifting,Local resolution,
4661b993801d50ea44069dd88e77752834a7ff916e0b69323e93913ce7bdb93b,2014-08,Essex Police,Essex Police,0.582359,51.880441,On or near Marks Farm,E01021369,Braintree 012D,Shoplifting,Offender given a caution,
dcab58e829f68b7999cc6c4f3e915c5000e432be7390b8ff03568b643ad7add4,2014-08,Essex Police,Essex Police,0.582359,51.880441,On or near Marks Farm,E01021369,Braintree 012D,Shoplifting,Local resolution,
81de618f0fb51fe93cdaa605e827700cf3a198c495cfaee4dd4796714caa3e4b,2014-08,Essex Police,Essex Police,0.578869,51.880400,On or near Twelve Acres,E01021369,Braintree 012D,Vehicle crime,Under investigation,
80b6702a3dce4ccbe682466904f4eb9c4639bd36ffaedd68473ed738267d2f0a,2014-08,Essex Police,Essex Police,0.577385,51.878329,On or near Braiding Crescent,E01021369,Braintree 012D,Violence and sexual offences,Under investigation,
2c5f90fd548ff7bb386751d55ad5803e04af886367dbada3d8fa5dc6103bed05,2014-08,Essex Police,Essex Police,0.574078,51.877421,On or near Marks Gardens,E01021369,Braintree 012D,Violence and sexual offences,Offender given a caution,
,2014-08,Essex Police,Essex Police,0.584452,51.856131,On or near Jeffrey'S Road,E01021380,Braintree 012E,Anti-social behaviour,,
,2014-08,Essex Police,Essex Police,0.586503,51.866321,On or near Long Green,E01021380,Braintree 012E,Anti-social behaviour,,
,2014-08,Essex Police,Essex Police,0.602878,51.860590,On or near Lanham Green Road,E01021380,Braintree 012E,Anti-social behaviour,,
,2014-08,Essex Police,Essex Police,0.585338,51.856885,On or near Ridlands Close,E01021380,Braintree 012E,Anti-social behaviour,,
,2014-08,Essex Police,Essex Police,0.589048,51.856246,On or near Petrol Station,E01021380,Braintree 012E,Anti-social behaviour,,
,2014-08,Essex Police,Essex Police,0.586503,51.866321,On or near Long Green,E01021380,Braintree 012E,Anti-social behaviour,,
9ba899f333d6c9f2e5de5f30b47a4c220825701f05405001562280f749270335,2014-08,Essex Police,Essex Police,0.612440,51.896755,On or near Rectory Road,E01021380,Braintree 012E,Burglary,Investigation complete; no suspect identified,
82353e05b57f1906cd018035225580c3fd98b5874005398de353f87e6df8a66b,2014-08,Essex Police,Essex Police,0.599929,51.889290,On or near Kings Lane,E01021380,Braintree 012E,Criminal damage and arson,Under investigation,
0ab573edb97bbc8cdb44ca61b57db0f8a78448b847da5a3dbf7bd4a1f2f0e919,2014-08,Essex Police,Essex Police,0.583582,51.856906,On or near Evelyn Wood Road,E01021380,Braintree 012E,Criminal damage and arson,Awaiting court outcome,
906144e4d3360ee81df81357051971de51523f26975bfea71fbe5a6afb7fa988,2014-08,Essex Police,Essex Police,0.602878,51.860590,On or near Lanham Green Road,E01021380,Braintree 012E,Drugs,Under investigation,
ce293f39c4553097ea64f0ef646c7f746aab6d938ea7e1cb9e8c02053b072370,2014-08,Essex Police,Essex Police,0.580250,51.868481,On or near Stilemans Wood,E01021380,Braintree 012E,Other theft,Under investigation,
87ffe02051de487f59c2107d4ff0e2068f3c71bb94478e2e022218655204b5cc,2014-08,Essex Police,Essex Police,0.586503,51.866321,On or near Long Green,E01021380,Braintree 012E,Other theft,Offender given a caution,
7df08265eb73345191d9bfa0bf796f93680f337d9dd7f99f3cd77eee8d81d67d,2014-08,Essex Police,Essex Police,0.582766,51.869793,On or near Petrol Station,E01021380,Braintree 012E,Other theft,Investigation complete; no suspect identified,
6099f6859931902d9d31d94fa87a1422a975c92761a6fa579e8bb51da5a16990,2014-08,Essex Police,Essex Police,0.589048,51.856246,On or near Petrol Station,E01021380,Braintree 012E,Other theft,Under investigation,
0d73d133a22f8e68c03897b1f4d1ee3d80bef666345e4447ffd0c185483e49bb,2014-08,Essex Police,Essex Police,0.582766,51.869793,On or near Petrol Station,E01021380,Braintree 012E,Other theft,Under investigation,
bda0d246b13b5d680a72941c4318d181275061ca8dc6ceafd4a201c6b4d5be25,2014-08,Essex Police,Essex Police,0.582766,51.869793,On or near Petrol Station,E01021380,Braintree 012E,Shoplifting,Under investigation,
e059cc21ef532fc37802fec1770d3153251938656b3456f3dd6bd1d294e082bb,2014-08,Essex Police,Essex Police,0.584543,51.857460,On or near Claud Ince Avenue,E01021380,Braintree 012E,Shoplifting,Investigation complete; no suspect identified,
ba55f66ef9424facc44e171834aeeb2ad50b5e0d6d3caf4f4e565b1772c648be,2014-08,Essex Police,Essex Police,0.580250,51.868481,On or near Stilemans Wood,E01021380,Braintree 012E,Vehicle crime,Investigation complete; no suspect identified,
5fc91879200f9f51ab8b4dfa3f42b17a83cf5209d4a620516cb976cef5c5436e,2014-08,Essex Police,Essex Police,0.599484,51.880315,On or near Coggeshall Road,E01021380,Braintree 012E,Vehicle crime,Awaiting court outcome,
4a1bbd451aff0524a5197abe85894f6e9316b9ebcb6a19440fc61dd87033f106,2014-08,Essex Police,Essex Police,0.580250,51.868481,On or near Stilemans Wood,E01021380,Braintree 012E,Vehicle crime,Investigation complete; no suspect identified,
e9b386c052750af62f3fbc4188368a302f26de50a4b1c6aa04bf649733991226,2014-08,Essex Police,Essex Police,0.599929,51.889290,On or near Kings Lane,E01021380,Braintree 012E,Violence and sexual offences,Under investigation,
25b2511cab8328461270edf9f1839e521c54ad50d5d57bab9bb2670fd4c4a705,2014-08,Essex Police,Essex Police,0.599484,51.880315,On or near Coggeshall Road,E01021380,Braintree 012E,Violence and sexual offences,Unable to prosecute suspect,
291ac5f7d3f8df1840eff127840d3e4b1b41730214564766e1a1e103213cc06d,2014-08,Essex Police,Essex Police,0.582195,51.856541,On or near Mill Lane,E01021380,Braintree 012E,Violence and sexual offences,Under investigation,
,2014-08,Essex Police,Essex Police,0.563698,51.851784,On or near Mary Ruck Way,E01021347,Braintree 013A,Anti-social behaviour,,
,2014-08,Essex Police,Essex Police,0.565368,51.854076,On or near Bedells Avenue,E01021347,Braintree 013A,Anti-social behaviour,,
,2014-08,Essex Police,Essex Police,0.563096,51.852174,On or near Osmond Close,E01021347,Braintree 013A,Anti-social behaviour,,
,2014-08,Essex Police,Essex Police,0.565275,51.851165,On or near Hadfield Drive,E01021347,Braintree 013A,Anti-social behaviour,,
,2014-08,Essex Police,Essex Police,0.565275,51.851165,On or near Hadfield Drive,E01021347,Braintree 013A,Anti-social behaviour,,
,2014-08,Essex Police,Essex Police,0.569701,51.852903,On or near Meadow Way,E01021347,Braintree 013A,Anti-social behaviour,,
6049b1a9dd77680583f089b0a0c578ec5f41afd204dcb0c69f6b68365de56b40,2014-08,Essex Police,Essex Police,0.565368,51.854076,On or near Bedells Avenue,E01021347,Braintree 013A,Criminal damage and arson,Investigation complete; no suspect identified,
9257ade047eb5a9a7c598618bf1233956625aad1f370d82558a8a1cede5bb9e8,2014-08,Essex Police,Essex Police,0.566521,51.850868,On or near Custerson Drive,E01021347,Braintree 013A,Criminal damage and arson,Investigation complete; no suspect identified,
713aec36ba364197120af27f2a877bdb73a5d8bf34b82fea8809a0a6e62a1090,2014-08,Essex Police,Essex Police,0.566260,51.851116,On or near Denton Crescent,E01021347,Braintree 013A,Other theft,Investigation complete; no suspect identified,
5ba5445c4ca6e2057acd1889ac5be202a6ab22e0b1f8b6134ac36d02a46c5034,2014-08,Essex Police,Essex Police,0.535330,51.860681,On or near Petrol Station,E01021347,Braintree 013A,Other theft,Investigation complete; no suspect identified,
fdc64fdb424ad62e0380c26ab2a40941e4feb5013c36f94e5a155363aee77227,2014-08,Essex Police,Essex Police,0.566572,51.852018,On or near Wilkinson Grove,E01021347,Braintree 013A,Vehicle crime,Investigation complete; no suspect identified,
,2014-08,Essex Police,Essex Police,0.551385,51.868994,On or near Edison Close,E01021371,Braintree 013B,Anti-social behaviour,,
,2014-08,Essex Police,Essex Police,0.551358,51.868257,On or near Lister Road,E01021371,Braintree 013B,Anti-social behaviour,,
,2014-08,Essex Police,Essex Police,0.551358,51.868257,On or near Lister Road,E01021371,Braintree 013B,Anti-social behaviour,,
,2014-08,Essex Police,Essex Police,0.547340,51.869397,On or near Meadow Brown Court,E01021371,Braintree 013B,Anti-social behaviour,,
,2014-08,Essex Police,Essex Police,0.551358,51.868257,On or near Lister Road,E01021371,Braintree 013B,Anti-social behaviour,,
42904d538c52c0c2c1cffd36b000fcd6970d0eafc6c72cb8e680eda7a684dc12,2014-08,Essex Police,Essex Police,0.543478,51.868410,On or near Meadow Park,E01021371,Braintree 013B,Violence and sexual offences,Under investigation,
704cc0c1ca9b5d576b46f8e913b582cdd54b3eb9f7f5770582b58161af33def2,2014-08,Essex Police,Essex Police,0.551385,51.868994,On or near Edison Close,E01021371,Braintree 013B,Violence and sexual offences,Under investigation,
,2014-08,Essex Police,Essex Police,0.530583,51.865388,On or near Blickling Road,E01021384,Braintree 013C,Anti-social behaviour,,
,2014-08,Essex Police,Essex Police,0.531054,51.865764,On or near Ploughmans Lane,E01021384,Braintree 013C,Anti-social behaviour,,
,2014-08,Essex Police,Essex Police,0.531054,51.865764,On or near Ploughmans Lane,E01021384,Braintree 013C,Anti-social behaviour,,
,2014-08,Essex Police,Essex Police,0.526793,51.864381,On or near Sheringham Drive,E01021384,Braintree 013C,Anti-social behaviour,,
,2014-08,Essex Police,Essex Police,0.533290,51.863666,On or near Ellen Way,E01021384,Braintree 013C,Anti-social behaviour,,
d06dd496767afebfde4480b29a2899bec0ebf99c1c9e5e39792f8c5bb64a6718,2014-08,Essex Police,Essex Police,0.527304,51.866241,On or near Priory Lane,E01021384,Braintree 013C,Burglary,Investigation complete; no suspect identified,
374ae602f01c03bdbf1ebe2fd7ad68bf1b326e5b15454c9c1a774840d3485fbc,2014-08,Essex Police,Essex Police,0.533290,51.863666,On or near Ellen Way,E01021384,Braintree 013C,Vehicle crime,Under investigation,
,2014-08,Essex Police,Essex Police,0.524257,51.853842,On or near Elder Field,E01021385,Braintree 013D,Anti-social behaviour,,
,2014-08,Essex Police,Essex Police,0.522216,51.856296,On or near Ragley Close,E01021385,Braintree 013D,Anti-social behaviour,,
0b845fc283a58c04bd2b10f7891325986e788886e63213c1a2aa275aa9c0629f,2014-08,Essex Police,Essex Police,0.525203,51.850000,On or near London Road,E01021385,Braintree 013D,Drugs,Offender given a drugs possession warning,
a6001f38090a4c20e45478a382862dd4402e55afb108169996c513cdcacfaa45,2014-08,Essex Police,Essex Police,0.521264,51.858232,On or near Petrol Station,E01021385,Braintree 013D,Other theft,Under investigation,
465942f7b00e6812ae5a9fbc7e42c3dd4b1055ac5ab11dfd6f297fe3d9a3ea0f,2014-08,Essex Police,Essex Police,0.521264,51.858232,On or near Petrol Station,E01021385,Braintree 013D,Other theft,Under investigation,
6abe978d17782d5c3b9d6c5c7b7abc5ef4c0dce17fcb7dfcdddaf6df5374d325,2014-08,Essex Police,Essex Police,0.521264,51.858232,On or near Petrol Station,E01021385,Braintree 013D,Other theft,Under investigation,
619ff9308c83ca15af8797eefc442035b92e65bed798d566a395dea2b27e5e78,2014-08,Essex Police,Essex Police,0.525203,51.850000,On or near London Road,E01021385,Braintree 013D,Other theft,Investigation complete; no suspect identified,
1a4317b785968772f47d77005143b3dfcfd224b8a6bc21dc7f7a0967facd7b07,2014-08,Essex Police,Essex Police,0.521264,51.858232,On or near Petrol Station,E01021385,Braintree 013D,Other theft,Under investigation,
8e5b3099ccbb5ca9a621507ae9df1da7fa3646db3532a8dc04511a78b722014c,2014-08,Essex Police,Essex Police,0.521264,51.858232,On or near Petrol Station,E01021385,Braintree 013D,Other theft,Under investigation,
3b2cfe326398d218964dcf0d2b42cde2fca3ba289d706c9277db341fbd773429,2014-08,Essex Police,Essex Police,0.522317,51.857580,On or near Supermarket,E01021385,Braintree 013D,Shoplifting,Under investigation,
4139b8483b8261aeaabc7dec38e081eb3951c7d98dcf32e9ccf41bbe1430ab98,2014-08,Essex Police,Essex Police,0.522317,51.857580,On or near Supermarket,E01021385,Braintree 013D,Shoplifting,Under investigation,
5b1382aea1f45151093d86792f260c9a9c9a2d1359940e375df290340b3bccd5,2014-08,Essex Police,Essex Police,0.523443,51.861360,On or near Hidcote Way,E01021385,Braintree 013D,Vehicle crime,Investigation complete; no suspect identified,
,2014-08,Essex Police,Essex Police,0.524173,51.857540,On or near Notley Green,E01021386,Braintree 013E,Anti-social behaviour,,
,2014-08,Essex Police,Essex Police,0.527419,51.854044,On or near Aylesbury Drive,E01021386,Braintree 013E,Anti-social behaviour,,
,2014-08,Essex Police,Essex Police,0.527275,51.852509,On or near The Chase,E01021386,Braintree 013E,Anti-social behaviour,,
,2014-08,Essex Police,Essex Police,0.691044,51.873750,On or near Nunns Close,E01021377,Braintree 014A,Anti-social behaviour,,
,2014-08,Essex Police,Essex Police,0.687759,51.871523,On or near Swan Yard,E01021377,Braintree 014A,Anti-social behaviour,,
,2014-08,Essex Police,Essex Police,0.686050,51.871139,On or near Market Hill,E01021377,Braintree 014A,Anti-social behaviour,,
,2014-08,Essex Police,Essex Police,0.687759,51.871523,On or near Swan Yard,E01021377,Braintree 014A,Anti-social behaviour,,
7d0b3eb42446f21f6cda510ce33adfa0c6df8cdd0f3113ac68310de23202d079,2014-08,Essex Police,Essex Police,0.685343,51.866101,On or near Grange Hill,E01021377,Braintree 014A,Burglary,Under investigation,
5fd793fb351ba7424f11bfd1f8c1d53d1f51b59f6944e6575c986de1bb32cbaa,2014-08,Essex Police,Essex Police,0.729264,51.858777,On or near Little Tey Road,E01021377,Braintree 014A,Other theft,Investigation complete; no suspect identified,
b4cf22686f16fe828035df38d94ed2c218300fce7d854946825682d8b4c14ea1,2014-08,Essex Police,Essex Police,0.729264,51.858777,On or near Little Tey Road,E01021377,Braintree 014A,Vehicle crime,Investigation complete; no suspect identified,
661841bf48e26c49fa8ad88cd908f57707118767a1a2e0ce1dfb02c6461dfefc,2014-08,Essex Police,Essex Police,0.696902,51.872816,On or near Hill Road,E01021377,Braintree 014A,Violence and sexual offences,Under investigation,
,2014-08,Essex Police,Essex Police,0.691251,51.876246,On or near Paycocke Way,E01021378,Braintree 014B,Anti-social behaviour,,
,2014-08,Essex Police,Essex Police,0.683230,51.872823,On or near Knights Road,E01021378,Braintree 014B,Anti-social behaviour,,
,2014-08,Essex Police,Essex Police,0.691251,51.876246,On or near Paycocke Way,E01021378,Braintree 014B,Anti-social behaviour,,
f95159c5c73f1cfbc550b176a12f38dbb8adadf5cb46a206c930b2f1545a4ad8,2014-08,Essex Police,Essex Police,0.688475,51.872577,On or near Church Street,E01021378,Braintree 014B,Bicycle theft,Investigation complete; no suspect identified,
ed0a1cc450016539a59f579c7dd314d8de95740668376d142158334ff199e96e,2014-08,Essex Police,Essex Police,0.687568,51.874171,On or near Walford Way,E01021378,Braintree 014B,Burglary,Investigation complete; no suspect identified,
68a8781275b40c1972f2921f31b37840b05e041d758008d97f27c130167dd51d,2014-08,Essex Police,Essex Police,0.685092,51.871638,On or near Parking Area,E01021378,Braintree 014B,Other theft,Investigation complete; no suspect identified,
dcd9a6e6a4cfdd71e3312170ffc915e360749e08fdd42af808b736573fe36879,2014-08,Essex Police,Essex Police,0.684807,51.870754,On or near Market End,E01021378,Braintree 014B,Other theft,Investigation complete; no suspect identified,
d29d2dab9fbda6d15a8c86da7b242084fa43e85790b852ac7ebf8cc5ca57aafd,2014-08,Essex Police,Essex Police,0.682834,51.874208,On or near Vesta Close,E01021378,Braintree 014B,Vehicle crime,Investigation complete; no suspect identified,
0a87eaf84f173f2dea617444c0c26a25957952eb1b36e43103cd3a3da0bbf0f7,2014-08,Essex Police,Essex Police,0.686879,51.862379,On or near Kelvedon Road,E01021379,Braintree 014C,Criminal damage and arson,Unable to prosecute suspect,
8d94d89ca9dd01a4f34d9a870e69a47b5c4606e17952ca8d1fad640002fa2154,2014-08,Essex Police,Essex Police,0.682367,51.879057,On or near Mellings,E01021379,Braintree 014C,Vehicle crime,Investigation complete; no suspect identified,
,2014-08,Essex Police,Essex Police,0.700662,51.838582,On or near Dowches Gardens,E01021401,Braintree 014D,Anti-social behaviour,,
,2014-08,Essex Police,Essex Police,0.695940,51.836586,On or near Glebe Road,E01021401,Braintree 014D,Anti-social behaviour,,
,2014-08,Essex Police,Essex Police,0.696570,51.836436,On or near Croft Road,E01021401,Braintree 014D,Anti-social behaviour,,
5782eea4d3e69f978aa59d1f57f61ccd909989d3a9761678e7b772a875e7b300,2014-08,Essex Police,Essex Police,0.655710,51.849355,On or near Theatre/Concert Hall,E01021401,Braintree 014D,Burglary,Investigation complete; no suspect identified,
3e3deee1e9488ad8eb97384e394db0149658959c02d123c7f9977683e060004f,2014-08,Essex Police,Essex Police,0.700662,51.838582,On or near Dowches Gardens,E01021401,Braintree 014D,Burglary,Under investigation,
68d23f1e8763ba438bbc06dadfa0b5621ef05d27db4354252147baf64f6b3f65,2014-08,Essex Police,Essex Police,0.696570,51.836436,On or near Croft Road,E01021401,Braintree 014D,Criminal damage and arson,Investigation complete; no suspect identified,
4ef7e334bafb2e6eec58ccef0315e68963494a2038bb5b484254a7788db5a136,2014-08,Essex Police,Essex Police,0.702517,51.839259,On or near Trews Gardens,E01021401,Braintree 014D,Other theft,Under investigation,
54c290d23c5f19e8a61939b84515b0f75c9eedccd13d9894e7544c321a20afd0,2014-08,Essex Police,Essex Police,0.698999,51.837244,On or near Church Road,E01021401,Braintree 014D,Vehicle crime,Under investigation,
d2de728da3cc2e5a581128beaf0a83b95e84867579d218ef8ddafc39ecea1cae,2014-08,Essex Police,Essex Police,0.713938,51.832907,On or near Parking Area,E01021401,Braintree 014D,Vehicle crime,Under investigation,
28446ad3c8afefb42a3f46fb39e82d2e6f5ba713b7289c496f64122f7827fc07,2014-08,Essex Police,Essex Police,0.696453,51.835693,On or near Thorne Road,E01021401,Braintree 014D,Violence and sexual offences,Awaiting court outcome,
,2014-08,Essex Police,Essex Police,0.703562,51.834414,On or near Dunlin Court,E01021402,Braintree 014E,Anti-social behaviour,,
,2014-08,Essex Police,Essex Police,0.699905,51.834426,On or near Easterford Road,E01021402,Braintree 014E,Anti-social behaviour,,
deef970561c973914e531d34f929ffceefbdde1d177babd787df5be7f93785ac,2014-08,Essex Police,Essex Police,0.700639,51.836991,On or near High Street,E01021402,Braintree 014E,Burglary,Investigation complete; no suspect identified,
a416a860fb7ec5df8461b902cef0da050ec876df2af074c64e68eaedb71d589d,2014-08,Essex Police,Essex Police,0.703562,51.834414,On or near Dunlin Court,E01021402,Braintree 014E,Burglary,Under investigation,
200eee36aaa50b533083fbd717033051358786ff02740748b3023dc4b9852d89,2014-08,Essex Police,Essex Police,0.704384,51.840133,On or near Bus/Coach Station,E01021402,Braintree 014E,Burglary,Investigation complete; no suspect identified,
5b9a0aa8975d95a9914c2ce60745eef916bdfb33ad15d66105c3b997860e5029,2014-08,Essex Police,Essex Police,0.706881,51.839653,On or near Swan Street,E01021402,Braintree 014E,Burglary,Investigation complete; no suspect identified,
8bf890467078fcb4a7d1a77cd8fc271860e10e296a01629d996814911f0581b3,2014-08,Essex Police,Essex Police,0.704677,51.840909,On or near Station Road,E01021402,Braintree 014E,Violence and sexual offences,Unable to prosecute suspect,
f166e030f26620ebc15980c1c1774f2d5ca0e93e2effc2b9f2816196670554cc,2014-08,Essex Police,Essex Police,0.717379,51.844735,On or near Kelvedon Police Station,E01021403,Braintree 014F,Burglary,Investigation complete; no suspect identified,
766432fd8cc5aceeec330e5a1d8a6851e2f60487f23d94f4102ce098ba22814e,2014-08,Essex Police,Essex Police,0.717379,51.844735,On or near Kelvedon Police Station,E01021403,Braintree 014F,Criminal damage and arson,Investigation complete; no suspect identified,
16a0f28e6321f031ff5f3f76c8356bb28056f62d3e825e09929eabd8e747617b,2014-08,Essex Police,Essex Police,0.714931,51.845799,On or near Watermill Road,E01021403,Braintree 014F,Public order,Under investigation,
7f02d66627ea79fecc2584177149837dd0fc07ece449720a68deb5f54114a349,2014-08,Essex Police,Essex Police,0.710999,51.842220,On or near Feering Hill,E01021403,Braintree 014F,Vehicle crime,Investigation complete; no suspect identified,
,2014-08,Essex Police,Essex Police,0.651540,51.825347,On or near Tusser Close,E01021362,Braintree 015A,Anti-social behaviour,,
,2014-08,Essex Police,Essex Police,0.652747,51.811317,On or near Eastways,E01021362,Braintree 015A,Anti-social behaviour,,
,2014-08,Essex Police,Essex Police,0.652747,51.811317,On or near Eastways,E01021362,Braintree 015A,Anti-social behaviour,,
,2014-08,Essex Police,Essex Police,0.651540,51.825347,On or near Tusser Close,E01021362,Braintree 015A,Anti-social behaviour,,
,2014-08,Essex Police,Essex Police,0.651540,51.825347,On or near Tusser Close,E01021362,Braintree 015A,Anti-social behaviour,,
,2014-08,Essex Police,Essex Police,0.665885,51.818071,On or near Foxmead,E01021362,Braintree 015A,Anti-social behaviour,,
,2014-08,Essex Police,Essex Police,0.626792,51.846749,On or near Crittall Close,E01021362,Braintree 015A,Anti-social behaviour,,
8ed8cfc75f5c53d65b8ee71355d2d133444e7a86bf619ca5e749d64ef6662013,2014-08,Essex Police,Essex Police,0.644631,51.839199,On or near Park Road,E01021362,Braintree 015A,Burglary,Investigation complete; no suspect identified,
e4c503c415875f956a19e8c77da4398e5e0f02d07953d9881f6aabb97a26c279,2014-08,Essex Police,Essex Police,0.653762,51.827095,On or near Sports/Recreation Area,E01021362,Braintree 015A,Other theft,Investigation complete; no suspect identified,
7eed4f33e6ba9e30da870a0f06975c0cd20d67f24018edba6df02d3502b5965c,2014-08,Essex Police,Essex Police,0.669724,51.817965,On or near Petrol Station,E01021362,Braintree 015A,Other theft,Under investigation,
05f79b93e21c7fdc5a6a5d26fb08bb46c8ba757ad4cca0825a8b8f1ef90c5fcd,2014-08,Essex Police,Essex Police,0.669724,51.817965,On or near Petrol Station,E01021362,Braintree 015A,Other theft,Under investigation,
43698dd0c05e56d94711420d56e4549d8af36cfdaf343e82c9c289ccbfecc20f,2014-08,Essex Police,Essex Police,0.665885,51.818071,On or near Foxmead,E01021362,Braintree 015A,Vehicle crime,Investigation complete; no suspect identified,
5b7679b8952c5eb24d156b12d36ed5ac300434c815eb1be2ec91002fe133a935,2014-08,Essex Police,Essex Police,0.631729,51.842762,On or near Western Close,E01021362,Braintree 015A,Vehicle crime,Under investigation,
0cac0b8bbe2d8ef46ac137957ff515636a6710a4fda79ecfa364872ab6b96ffe,2014-08,Essex Police,Essex Police,0.626792,51.846749,On or near Crittall Close,E01021362,Braintree 015A,Violence and sexual offences,Unable to prosecute suspect,
e3ed436f5d0c7db7a1d18d38e40e632c7601ddf3a27984677756eb7df883e407,2014-08,Essex Police,Essex Police,0.631159,51.842208,On or near Western Lane,E01021362,Braintree 015A,Violence and sexual offences,Under investigation,
,2014-08,Essex Police,Essex Police,0.634290,51.810293,On or near Church Street,E01021417,Braintree 015B,Anti-social behaviour,,
,2014-08,Essex Police,Essex Police,0.633623,51.809040,On or near Chippingdell,E01021417,Braintree 015B,Anti-social behaviour,,
,2014-08,Essex Police,Essex Police,0.636446,51.807205,On or near Bellfield Close,E01021417,Braintree 015B,Anti-social behaviour,,
ddb39b56205911e7e3a0df7d1e577b4464d419b3cedf1d1d1366184840f02ece,2014-08,Essex Police,Essex Police,0.636712,51.808773,On or near Chalks Road,E01021417,Braintree 015B,Bicycle theft,Under investigation,
cb2ff3f61892cbe2d1e84faf4202998d89d475b48c0e54942cfbff74aba99791,2014-08,Essex Police,Essex Police,0.636519,51.805720,On or near Earlsmead,E01021417,Braintree 015B,Violence and sexual offences,Under investigation,
fe7106ca65661e56277936ba8568966b8e2dff2f4ba27c834b06314d080cf63a,2014-08,Essex Police,Essex Police,0.636712,51.808773,On or near Chalks Road,E01021417,Braintree 015B,Violence and sexual offences,Under investigation,
,2014-08,Essex Police,Essex Police,0.636952,51.815863,On or near Shaw Road,E01021418,Braintree 015C,Anti-social behaviour,,
,2014-08,Essex Police,Essex Police,0.635152,51.816857,On or near Virgil Road,E01021418,Braintree 015C,Anti-social behaviour,,
,2014-08,Essex Police,Essex Police,0.635152,51.816857,On or near Virgil Road,E01021418,Braintree 015C,Anti-social behaviour,,
,2014-08,Essex Police,Essex Police,0.632469,51.814381,On or near Upper Acres,E01021418,Braintree 015C,Anti-social behaviour,,
,2014-08,Essex Police,Essex Police,0.637605,51.816128,On or near Milton Road,E01021418,Braintree 015C,Anti-social behaviour,,
,2014-08,Essex Police,Essex Police,0.632526,51.815612,On or near Hemingway Road,E01021418,Braintree 015C,Anti-social behaviour,,
7b923cf239e6bb339c6ec3e08f6f3fd9b48776fdc56a1edd4387690bbe6141c2,2014-08,Essex Police,Essex Police,0.632526,51.815612,On or near Hemingway Road,E01021418,Braintree 015C,Burglary,Under investigation,
d851399b447df2e89634d0b3dab0b08b5dd524c8682c89e20402e3f9a4acf961,2014-08,Essex Police,Essex Police,0.634403,51.814715,On or near Bronte Road,E01021418,Braintree 015C,Drugs,Under investigation,
a357d7599ae9ad4ebd2b541a7237e25c7fb9e791c94a5e154357c39fd7335597,2014-08,Essex Police,Essex Police,0.632526,51.815612,On or near Hemingway Road,E01021418,Braintree 015C,Violence and sexual offences,Local resolution,
,2014-08,Essex Police,Essex Police,0.638158,51.814649,On or near Rickstones Road,E01021419,Braintree 015D,Anti-social behaviour,,
,2014-08,Essex Police,Essex Police,0.639956,51.811416,On or near Manor Road,E01021419,Braintree 015D,Anti-social behaviour,,
,2014-08,Essex Police,Essex Police,0.636935,51.813597,On or near Cross Road,E01021419,Braintree 015D,Anti-social behaviour,,
,2014-08,Essex Police,Essex Police,0.642438,51.813906,On or near Oak Fall,E01021419,Braintree 015D,Anti-social behaviour,,
a9717f6510c04b935a7cfd75907a41907f643fb1429c11b0292455fe34bfe4d1,2014-08,Essex Police,Essex Police,0.637559,51.813341,On or near Chaseway,E01021419,Braintree 015D,Criminal damage and arson,Under investigation,
068f071884a74983a5d6c5b820197051013258998a11817d93be018a8cc99bf5,2014-08,Essex Police,Essex Police,0.636935,51.813597,On or near Cross Road,E01021419,Braintree 015D,Other theft,Under investigation,
85c7a19bf309f3ccf09e56577b5aa4c24246dc573848fec3d2bc900002fe5c48,2014-08,Essex Police,Essex Police,0.638158,51.814649,On or near Rickstones Road,E01021419,Braintree 015D,Violence and sexual offences,Investigation complete; no suspect identified,
,2014-08,Essex Police,Essex Police,0.628273,51.809610,On or near Pennyroyal Crescent,E01021426,Braintree 015E,Anti-social behaviour,,
,2014-08,Essex Police,Essex Police,0.627081,51.809816,On or near Bramble Road,E01021426,Braintree 015E,Anti-social behaviour,,
,2014-08,Essex Police,Essex Police,0.629203,51.810137,On or near Bentley Road,E01021426,Braintree 015E,Anti-social behaviour,,
,2014-08,Essex Police,Essex Police,0.626423,51.810236,On or near Snowdrop Close,E01021426,Braintree 015E,Anti-social behaviour,,
,2014-08,Essex Police,Essex Police,0.629203,51.810137,On or near Bentley Road,E01021426,Braintree 015E,Anti-social behaviour,,
1d2025db8d0873b1e3d9d69c32c62eb40bc9442b0702e9320dd328e2e142d62d,2014-08,Essex Police,Essex Police,0.625953,51.808627,On or near Campion Way,E01021426,Braintree 015E,Burglary,Under investigation,
41c4b50580aea03c82e71fc0bd374931d80b8dd92711c97c5e86b0fba468880b,2014-08,Essex Police,Essex Police,0.625974,51.808240,On or near Harebell Drive,E01021426,Braintree 015E,Burglary,Under investigation,
62737bf8edc60e46ba924423475acf43890d9a00f16c6b60a31a20795889b3e1,2014-08,Essex Police,Essex Police,0.629203,51.810137,On or near Bentley Road,E01021426,Braintree 015E,Violence and sexual offences,Unable to prosecute suspect,
ee1e596a3ab89a106082d04fe525b0963f8e94434d995666750b1df424cea4e0,2014-08,Essex Police,Essex Police,0.630042,51.806854,On or near Saxon Drive,E01021426,Braintree 015E,Violence and sexual offences,Unable to prosecute suspect,
,2014-08,Essex Police,Essex Police,0.627450,51.803441,On or near Mersey Road,E01021428,Braintree 015F,Anti-social behaviour,,
,2014-08,Essex Police,Essex Police,0.632758,51.804671,On or near Armond Road,E01021428,Braintree 015F,Anti-social behaviour,,
,2014-08,Essex Police,Essex Police,0.630387,51.804805,On or near Stourton Road,E01021428,Braintree 015F,Anti-social behaviour,,
6b212f33a6cc53be327e7404603c0cd576136637064b41c243ebf7ed7cee033d,2014-08,Essex Police,Essex Police,0.632548,51.803048,On or near Chelmer Road,E01021428,Braintree 015F,Other theft,Under investigation,
05248b6df35212fb39428bb73e03ecfb5e7e3333a40d9138d4f75c9fa28013e2,2014-08,Essex Police,Essex Police,0.630094,51.801007,On or near Supermarket,E01021428,Braintree 015F,Shoplifting,Under investigation,
dff6cc85cb21440799bebbada169d0fd666843f733ea4c87c71037b89aa5b108,2014-08,Essex Police,Essex Police,0.625988,51.804499,On or near Pedestrian Subway,E01021428,Braintree 015F,Shoplifting,Under investigation,
3a1c14a59deab2304ea1f0600470a6840ca89d773a32f590bb5b3052e3864068,2014-08,Essex Police,Essex Police,0.627198,51.805344,On or near Eden Close,E01021428,Braintree 015F,Vehicle crime,Investigation complete; no suspect identified,
,2014-08,Essex Police,Essex Police,0.622747,51.794391,On or near Deford Road,E01021423,Braintree 016A,Anti-social behaviour,,
,2014-08,Essex Police,Essex Police,0.622747,51.794391,On or near Deford Road,E01021423,Braintree 016A,Anti-social behaviour,,
,2014-08,Essex Police,Essex Police,0.626599,51.794296,On or near Boydin Close,E01021423,Braintree 016A,Anti-social behaviour,,
,2014-08,Essex Police,Essex Police,0.624556,51.794575,On or near Edmund Road,E01021423,Braintree 016A,Anti-social behaviour,,
eaa4d3dc2d866fbbceeb78c4612698e56c08b1e500fc82fb05e53a46a1ea1da1,2014-08,Essex Police,Essex Police,0.626362,51.792457,On or near Claudius Way,E01021423,Braintree 016A,Criminal damage and arson,Awaiting court outcome,
4d4728f8ebc62ae25432ef20af8c40e83292b254aa5e885b190b43663505e564,2014-08,Essex Police,Essex Police,0.625111,51.795894,On or near Alan Road,E01021423,Braintree 016A,Drugs,Under investigation,
dee6cd0525e2361e0ae297c2a14410cf9e963b6a7a1315249764409fc5ae9788,2014-08,Essex Police,Essex Police,0.623927,51.795228,On or near Philip Road,E01021423,Braintree 016A,Other theft,Investigation complete; no suspect identified,
957d14f0735d0ea61ca029bf915ffa9f3a313d4372aedd2fc74a7b72e073600c,2014-08,Essex Police,Essex Police,0.627657,51.792779,On or near Faber Road,E01021423,Braintree 016A,Vehicle crime,Investigation complete; no suspect identified,
1cea3dbad10bad01edfbb5c8838f36daee2bdfb65ffab45a6c9d1ca567e130b5,2014-08,Essex Police,Essex Police,0.621427,51.793647,On or near Siward Road,E01021423,Braintree 016A,Violence and sexual offences,Under investigation,
14c7daf84d5959cae4bc0d2c32d2505c41558ee624606642c53cd477f25dc144,2014-08,Essex Police,Essex Police,0.623927,51.795228,On or near Philip Road,E01021423,Braintree 016A,Violence and sexual offences,Under investigation,
bd52c179ebbac42c43c904dd4ef9dcbd2b01b5b72c3274bd4876140316464c87,2014-08,Essex Police,Essex Police,0.623927,51.795228,On or near Philip Road,E01021423,Braintree 016A,Violence and sexual offences,Under investigation,
2bebc983afaf2e719fed6be1013deaa0d4de88643e679bcb9eb9040e55d99f65,2014-08,Essex Police,Essex Police,0.623927,51.795228,On or near Philip Road,E01021423,Braintree 016A,Violence and sexual offences,Offender given a caution,
,2014-08,Essex Police,Essex Police,0.621421,51.808036,On or near Rosebay Close,E01021425,Braintree 016B,Anti-social behaviour,,
,2014-08,Essex Police,Essex Police,0.620339,51.808896,On or near Speedwell Close,E01021425,Braintree 016B,Anti-social behaviour,,
,2014-08,Essex Police,Essex Police,0.620339,51.808896,On or near Speedwell Close,E01021425,Braintree 016B,Anti-social behaviour,,
8a248ed62f73280ae3d709f4231c70629bbe92eace69d2fa94e258788fe9b79b,2014-08,Essex Police,Essex Police,0.618314,51.809247,On or near Faulkbourne Road,E01021425,Braintree 016B,Burglary,Under investigation,
664cf17f890008adaa30913c199d1a5d00ec9f41eb21c4b210c9c84948f8dd5b,2014-08,Essex Police,Essex Police,0.621983,51.809220,On or near Flora Road,E01021425,Braintree 016B,Criminal damage and arson,Investigation complete; no suspect identified,
ed8aa3a2d989887cd4f10384bca37560e118355baecb7349c0e28aaae29faa03,2014-08,Essex Police,Essex Police,0.621648,51.809946,On or near Bryony Close,E01021425,Braintree 016B,Violence and sexual offences,Under investigation,
,2014-08,Essex Police,Essex Police,0.620045,51.804074,On or near Don Court,E01021427,Braintree 016C,Anti-social behaviour,,
,2014-08,Essex Police,Essex Police,0.620045,51.804074,On or near Don Court,E01021427,Braintree 016C,Anti-social behaviour,,
,2014-08,Essex Police,Essex Police,0.621084,51.802980,On or near Ouse Chase,E01021427,Braintree 016C,Anti-social behaviour,,
c706db983ad2892df8c3dc370033182d176d1b89fa4fd04ce74312fb9f745e54,2014-08,Essex Police,Essex Police,0.619503,51.804239,On or near Yare Avenue,E01021427,Braintree 016C,Burglary,Under investigation,
8eb87c55461aef48eb9437819d1327685ed8a7a22e0b71ee59bf5a86f1339d91,2014-08,Essex Police,Essex Police,0.622355,51.804130,On or near Dart Close,E01021427,Braintree 016C,Criminal damage and arson,Under investigation,
972a8969962d423f6ce6ad866332c59bd3b378119b16cbd9f44cd70b3c35cdf7,2014-08,Essex Police,Essex Police,0.624941,51.805691,On or near Parking Area,E01021427,Braintree 016C,Criminal damage and arson,Investigation complete; no suspect identified,
d3e702edaa5c4346d0e6599f6ee49f6f8332808357d704cd79c0579ce37bdf27,2014-08,Essex Police,Essex Police,0.622355,51.804130,On or near Dart Close,E01021427,Braintree 016C,Other theft,Under investigation,
75c7395128a007f9e01e0177ee63db2e822932f7727c676274c69c23a491f13a,2014-08,Essex Police,Essex Police,0.625194,51.803806,On or near Fal Drive,E01021427,Braintree 016C,Violence and sexual offences,Under investigation,
,2014-08,Essex Police,Essex Police,0.622763,51.798176,On or near Blunt'S Hall Drive,E01021429,Braintree 016D,Anti-social behaviour,,
424010f440d090dbb1b5d151f17affda0f7f682952e2eccaee5ee9e5e100d6de,2014-08,Essex Police,Essex Police,0.623101,51.802243,On or near Douglas Grove,E01021429,Braintree 016D,Burglary,Investigation complete; no suspect identified,
ccc6127192af8d0d68d71fe165823a5c9538f8d6a87a3b999165935ced2b8f0d,2014-08,Essex Police,Essex Police,0.624975,51.801796,On or near Brent Close,E01021429,Braintree 016D,Criminal damage and arson,Investigation complete; no suspect identified,
6f83f8b99e8032009237d76187a55d817600a523585a88136f88a102232b4f7f,2014-08,Essex Police,Essex Police,0.626229,51.801903,On or near Colne Chase,E01021429,Braintree 016D,Criminal damage and arson,Under investigation,
63d8e28f119dc01088f232acc4893b75d2708b5d533094e53de78ee40511f572,2014-08,Essex Police,Essex Police,0.622763,51.798176,On or near Blunt'S Hall Drive,E01021429,Braintree 016D,Other theft,Under investigation,
c65622fccb6b5c85f00eafdddb8c846ba96cc05f3efe1653e155f4b41bca6f79,2014-08,Essex Police,Essex Police,0.624975,51.801796,On or near Brent Close,E01021429,Braintree 016D,Vehicle crime,Investigation complete; no suspect identified,
2fa6ebbea3d812250149810ccedf276d54183561f81aa00c91e7e0f50e5aceb2,2014-08,Essex Police,Essex Police,0.620556,51.801886,On or near Medway Avenue,E01021429,Braintree 016D,Violence and sexual offences,Under investigation,
207df912a79def370c3f380c3aca9d95ceb63b9c7228e8593bcae3a0a8f0e9e9,2014-08,Essex Police,Essex Police,0.629529,51.799284,On or near Cuppers Close,E01021429,Braintree 016D,Violence and sexual offences,Under investigation,
50d9b0d72eae29988e6e15797d5d7f794162fba2d69aafc4a00da3179b56e451,2014-08,Essex Police,Essex Police,0.625391,51.802956,On or near Hamble Close,E01021429,Braintree 016D,Violence and sexual offences,Under investigation,
,2014-08,Essex Police,Essex Police,0.639270,51.798185,On or near Newland Place,E01021415,Braintree 017A,Anti-social behaviour,,
,2014-08,Essex Police,Essex Police,0.644410,51.795542,On or near Blackman Way,E01021415,Braintree 017A,Anti-social behaviour,,
,2014-08,Essex Police,Essex Police,0.646036,51.799543,On or near Barwell Way,E01021415,Braintree 017A,Anti-social behaviour,,
,2014-08,Essex Police,Essex Police,0.636392,51.801559,On or near Guithavon Rise,E01021415,Braintree 017A,Anti-social behaviour,,
,2014-08,Essex Police,Essex Police,0.638410,51.799355,On or near Scotsfield Mews,E01021415,Braintree 017A,Anti-social behaviour,,
,2014-08,Essex Police,Essex Police,0.638618,51.797939,On or near Kings Chase,E01021415,Braintree 017A,Anti-social behaviour,,
,2014-08,Essex Police,Essex Police,0.635692,51.799506,On or near Hollybank,E01021415,Braintree 017A,Anti-social behaviour,,
4c9cabff07e8a3f5cc604a62cb4b49f6506c2d41db9a1155cef964d672d44c81,2014-08,Essex Police,Essex Police,0.643572,51.796595,On or near Petrol Station,E01021415,Braintree 017A,Criminal damage and arson,Investigation complete; no suspect identified,
06846e3d9b1cae289586ba7c45a8a165885e6bd832dc1ad92e4308662714848b,2014-08,Essex Police,Essex Police,0.639510,51.799555,On or near Coach House Way,E01021415,Braintree 017A,Criminal damage and arson,Investigation complete; no suspect identified,
d83a8300fe9772f0855e4fa546ca69f1858578a0b678644fccd031faf02f2d49,2014-08,Essex Police,Essex Police,0.639510,51.799555,On or near Coach House Way,E01021415,Braintree 017A,Other theft,Under investigation,
fa92dfc424b56a84eefb5abe2aa32809b3f956381f10e6fa749e86119bed81c0,2014-08,Essex Police,Essex Police,0.643572,51.796595,On or near Petrol Station,E01021415,Braintree 017A,Other theft,Investigation complete; no suspect identified,
b0e39d8379abc949ffae8562cb97cce3cfd644dc72f341ac6e1c08ed15abf45c,2014-08,Essex Police,Essex Police,0.646036,51.799543,On or near Barwell Way,E01021415,Braintree 017A,Other theft,Under investigation,
44d243266ffbbe28c2fff973ecc600c07a1ab4c1589a2fa8dbaafc64aa64c125,2014-08,Essex Police,Essex Police,0.637096,51.799951,On or near Guithavon Street,E01021415,Braintree 017A,Public order,Under investigation,
4ff2923ce283f6de461cc35785aa2b6977d1420cb97e790c677e156de908d84b,2014-08,Essex Police,Essex Police,0.636007,51.798681,On or near Orchards,E01021415,Braintree 017A,Robbery,Under investigation,
50a25b84819df298542fe9544f9dfd580f08f6d944c273dccf537f630ce88fe6,2014-08,Essex Police,Essex Police,0.638410,51.799355,On or near Scotsfield Mews,E01021415,Braintree 017A,Violence and sexual offences,Under investigation,
,2014-08,Essex Police,Essex Police,0.643129,51.799186,On or near Supermarket,E01021416,Braintree 017B,Anti-social behaviour,,
,2014-08,Essex Police,Essex Police,0.639574,51.800651,On or near Parking Area,E01021416,Braintree 017B,Anti-social behaviour,,
,2014-08,Essex Police,Essex Police,0.646948,51.806430,On or near Crittall Road,E01021416,Braintree 017B,Anti-social behaviour,,
,2014-08,Essex Police,Essex Police,0.637897,51.809448,On or near Petrol Station,E01021416,Braintree 017B,Anti-social behaviour,,
,2014-08,Essex Police,Essex Police,0.643129,51.799186,On or near Supermarket,E01021416,Braintree 017B,Anti-social behaviour,,
,2014-08,Essex Police,Essex Police,0.648662,51.802272,On or near Stepfield,E01021416,Braintree 017B,Anti-social behaviour,,
,2014-08,Essex Police,Essex Police,0.639677,51.806386,On or near Albert Road,E01021416,Braintree 017B,Anti-social behaviour,,
,2014-08,Essex Police,Essex Police,0.646948,51.806430,On or near Crittall Road,E01021416,Braintree 017B,Anti-social behaviour,,
,2014-08,Essex Police,Essex Police,0.644573,51.802553,On or near Police Station,E01021416,Braintree 017B,Anti-social behaviour,,
7057b7d14173c5c2060dd666b6a0792b1a9c5e22325492388d9dbbf8a4367139,2014-08,Essex Police,Essex Police,0.639653,51.808464,On or near Braintree Road,E01021416,Braintree 017B,Bicycle theft,Investigation complete; no suspect identified,
466fb3f75f3ca06d16f03af4d529a3b756d325d5c6313f171957fc0d3de42acf,2014-08,Essex Police,Essex Police,0.642286,51.800653,On or near Further/Higher Educational Building,E01021416,Braintree 017B,Bicycle theft,Under investigation,
a4a0e2cbfdf8497106f568ad07e084df0fd4dfa5e3eaf1dee3b231930cae0539,2014-08,Essex Police,Essex Police,0.639574,51.800651,On or near Parking Area,E01021416,Braintree 017B,Burglary,Awaiting court outcome,
0d9845cde8f371bbc4dbc5e45355f21ff253711dafb73a9e59c55e88312c62c1,2014-08,Essex Police,Essex Police,0.641140,51.803368,On or near The Avenue,E01021416,Braintree 017B,Criminal damage and arson,Under investigation,
740494ff924f382931b76106bac875e8e0d9d9f4ee4d1aae022f60f9b457a995,2014-08,Essex Police,Essex Police,0.638651,51.799997,On or near Supermarket,E01021416,Braintree 017B,Criminal damage and arson,Under investigation,
f1a4d697c0b6b0454d4b46ffe728f6ee56ead700f2c41a62b18449dc2c57dcc8,2014-08,Essex Police,Essex Police,0.648662,51.802272,On or near Stepfield,E01021416,Braintree 017B,Other theft,Under investigation,
6a3e096c8089e41ee1ace7fa9166a195b65c0a1ee50fde204a1d089d22d698ca,2014-08,Essex Police,Essex Police,0.640820,51.808078,On or near Petrol Station,E01021416,Braintree 017B,Other theft,Under investigation,
0746f69bef85999106ced7bad76416b092dd95a61282054f4570df9cb686c195,2014-08,Essex Police,Essex Police,0.639653,51.808464,On or near Braintree Road,E01021416,Braintree 017B,Other theft,Investigation complete; no suspect identified,
06fed8dad49792fa3dffaa3a5d66605ce2a914f8f34caee47529f767da21cde8,2014-08,Essex Police,Essex Police,0.639653,51.808464,On or near Braintree Road,E01021416,Braintree 017B,Other theft,Under investigation,
86bf8c7529a2833415ab324845a96314bdedda78ff87ece0b3e30450daf0ed6e,2014-08,Essex Police,Essex Police,0.639653,51.808464,On or near Braintree Road,E01021416,Braintree 017B,Other theft,Investigation complete; no suspect identified,
7c3b5e597c8208c04bc2278e9016a01e284c6e7e5721e9c27a4b5907a9242c4e,2014-08,Essex Police,Essex Police,0.640820,51.808078,On or near Petrol Station,E01021416,Braintree 017B,Other theft,Under investigation,
d8a4ffde924a0090b495529820441d86d523c55092640db451912b86d9231806,2014-08,Essex Police,Essex Police,0.642286,51.800653,On or near Further/Higher Educational Building,E01021416,Braintree 017B,Other theft,Under investigation,
962b7168cdc09a913cfdcaced37b88345a462544ffdbdcb54b0e375f5305d6b7,2014-08,Essex Police,Essex Police,0.648438,51.806360,On or near Petrol Station,E01021416,Braintree 017B,Other theft,Under investigation,
82885a7ee7feae1be935cfb262af399142b45a38981ab76c196accb686c23164,2014-08,Essex Police,Essex Police,0.639477,51.805195,On or near Easton Road,E01021416,Braintree 017B,Other theft,Investigation complete; no suspect identified,
158a26cf2a6a5bdccc802ed5063b172c1d653ea02af5dd325642455899e31072,2014-08,Essex Police,Essex Police,0.641352,51.800800,On or near Newland Street,E01021416,Braintree 017B,Shoplifting,Under investigation,
6ba814541875a9564086df6690cacc3d66dc259a9bf7b09012e9c7f004129543,2014-08,Essex Police,Essex Police,0.643129,51.799186,On or near Supermarket,E01021416,Braintree 017B,Shoplifting,Awaiting court outcome,
95a9709b9b58424dfe91b81ed53540cd7779c2f599990afcc591dbbdda429a6c,2014-08,Essex Police,Essex Police,0.644573,51.802553,On or near Police Station,E01021416,Braintree 017B,Violence and sexual offences,Under investigation,
b4a3d7094c73cb4fb2f41fdf67d7e6193c329be9d94fe4c31556f77a31999b7d,2014-08,Essex Police,Essex Police,0.638111,51.807645,On or near Parking Area,E01021416,Braintree 017B,Violence and sexual offences,Investigation complete; no suspect identified,
836d387fbcd52ae8704550cab5163eae6865ee96c5e5ac4360e151317e721549,2014-08,Essex Police,Essex Police,0.639653,51.808464,On or near Braintree Road,E01021416,Braintree 017B,Violence and sexual offences,Investigation complete; no suspect identified,
43af74f15846c5c1c875677e49644b18610c9a49e17754ad5ec4d25497607593,2014-08,Essex Police,Essex Police,0.639707,51.799461,On or near Newland Street,E01021416,Braintree 017B,Violence and sexual offences,Under investigation,
d9e12dc189ba328792e77490a893843ab2ad9b6e682ce2428e4af26f83b6f23d,2014-08,Essex Police,Essex Police,0.639707,51.799461,On or near Newland Street,E01021416,Braintree 017B,Violence and sexual offences,Under investigation,
98a4e9880f99f47a83d00ca2060f4c5e5a412f22773402f0282ba45b14b07370,2014-08,Essex Police,Essex Police,0.638679,51.806688,On or near Braintree Road,E01021416,Braintree 017B,Violence and sexual offences,Under investigation,
,2014-08,Essex Police,Essex Police,0.640330,51.810616,On or near Homefield Road,E01021420,Braintree 017C,Anti-social behaviour,,
,2014-08,Essex Police,Essex Police,0.647565,51.813008,On or near Yew Close,E01021420,Braintree 017C,Anti-social behaviour,,
,2014-08,Essex Police,Essex Police,0.644290,51.812326,On or near Juniper Crescent,E01021420,Braintree 017C,Anti-social behaviour,,
,2014-08,Essex Police,Essex Police,0.644290,51.812326,On or near Juniper Crescent,E01021420,Braintree 017C,Anti-social behaviour,,
,2014-08,Essex Police,Essex Police,0.643021,51.809989,On or near Walnut Drive,E01021420,Braintree 017C,Anti-social behaviour,,
,2014-08,Essex Police,Essex Police,0.643021,51.809989,On or near Walnut Drive,E01021420,Braintree 017C,Anti-social behaviour,,
86be19520381b74ce6391853a634a4d950faf466d640ac9e55c22cea1669b267,2014-08,Essex Police,Essex Police,0.643021,51.809989,On or near Walnut Drive,E01021420,Braintree 017C,Burglary,Under investigation,
3580242ccd12b8efc73125e7afd2fabc9bc8dcd5d7e6fb2b5513cd81949d6765,2014-08,Essex Police,Essex Police,0.645836,51.810987,On or near Mulberry Gardens,E01021420,Braintree 017C,Burglary,Under investigation,
41f43d0b8fbca6a7c2404456f3608df0da50942039482666fc4443007c7ea00b,2014-08,Essex Police,Essex Police,0.643021,51.809989,On or near Walnut Drive,E01021420,Braintree 017C,Burglary,Under investigation,
165213a9cd7b353495a21ed957514f21d69a912a5a361cde9bc37ea90ae5969b,2014-08,Essex Police,Essex Police,0.645836,51.810987,On or near Mulberry Gardens,E01021420,Braintree 017C,Burglary,Under investigation,
bffadf879bf943b49d39130d578f3a5ecd71babcf0c9dbd1d285ed8f558f52f0,2014-08,Essex Police,Essex Police,0.645836,51.810987,On or near Mulberry Gardens,E01021420,Braintree 017C,Burglary,Investigation complete; no suspect identified,
34c894cff94d79c509ba249d8f24f1462946dd00ce4576085ad303cad8968165,2014-08,Essex Police,Essex Police,0.642012,51.809850,On or near Teak Walk,E01021420,Braintree 017C,Criminal damage and arson,Investigation complete; no suspect identified,
869b2bd12e2c551e0686e1331b519dba3be87e5a56f38da42b906a3348998e22,2014-08,Essex Police,Essex Police,0.642012,51.809850,On or near Teak Walk,E01021420,Braintree 017C,Public order,Unable to prosecute suspect,
59d5aef58ffd166778c99d97f274256b863b8ed2f522587917e7716fcb9da002,2014-08,Essex Police,Essex Police,0.642492,51.808625,On or near Cut Throat Lane,E01021420,Braintree 017C,Public order,Under investigation,
0d6e3649cfac05ea8e4c8682aa9ce0f1c778a72fcb1cbb63146f57294af577ff,2014-08,Essex Police,Essex Police,0.647565,51.813008,On or near Yew Close,E01021420,Braintree 017C,Vehicle crime,Under investigation,
5655c0760bbf6fb5470b9008e667be00b94af9e2b74e7ad7c4263d3948d4c7e2,2014-08,Essex Police,Essex Police,0.646327,51.811678,On or near Acacia Gardens,E01021420,Braintree 017C,Vehicle crime,Under investigation,
3cbdb0cdca992f50165772eb31c6cbe5caa1981515134994e70640256424ffde,2014-08,Essex Police,Essex Police,0.647018,51.811842,On or near Elderberry Gardens,E01021420,Braintree 017C,Vehicle crime,Investigation complete; no suspect identified,
735552f4c29b0e0f4f3f33cd6c9f7ebd46ff7d3f862c1f90503dc087451d2cf7,2014-08,Essex Police,Essex Police,0.643021,51.809989,On or near Walnut Drive,E01021420,Braintree 017C,Violence and sexual offences,Local resolution,
,2014-08,Essex Police,Essex Police,0.644791,51.793141,On or near Sauls Bridge Close,E01021422,Braintree 017E,Anti-social behaviour,,
,2014-08,Essex Police,Essex Police,0.641922,51.791686,On or near Pitt Avenue,E01021422,Braintree 017E,Anti-social behaviour,,
,2014-08,Essex Police,Essex Police,0.644791,51.793141,On or near Sauls Bridge Close,E01021422,Braintree 017E,Anti-social behaviour,,
,2014-08,Essex Police,Essex Police,0.635231,51.792340,On or near Dengie Close,E01021422,Braintree 017E,Anti-social behaviour,,
,2014-08,Essex Police,Essex Police,0.641922,51.791686,On or near Pitt Avenue,E01021422,Braintree 017E,Anti-social behaviour,,
f138c3725295ff20fca90a953634dbc7419c8a43f52cf09c17eb07d95daf8bcf,2014-08,Essex Police,Essex Police,0.644791,51.793141,On or near Sauls Bridge Close,E01021422,Braintree 017E,Other theft,Investigation complete; no suspect identified,
75c524387b231d16e918f92ba5ea440cce258da9db5d3c78d6b3b6c1bd974a56,2014-08,Essex Police,Essex Police,0.634616,51.793739,On or near Pinkham Drive,E01021422,Braintree 017E,Violence and sexual offences,Unable to prosecute suspect,
80003f6ee9dd41fcd87d4aa403421452b844ace58c06a59e9e0cd2ab00e0c41b,2014-08,Essex Police,Essex Police,0.642661,51.791193,On or near Saul'S Avenue,E01021422,Braintree 017E,Violence and sexual offences,Under investigation,
f8bca29d08f368ddf1864cb71f53bd2c872f51827cab78aa5f36e55b68463e56,2014-08,Essex Police,Essex Police,0.634616,51.793739,On or near Pinkham Drive,E01021422,Braintree 017E,Violence and sexual offences,Unable to prosecute suspect,
,2014-08,Essex Police,Essex Police,0.625185,51.793419,On or near Allectus Way,E01033460,Braintree 017F,Anti-social behaviour,,
,2014-08,Essex Police,Essex Police,0.632245,51.791624,On or near Maltings Court,E01033460,Braintree 017F,Anti-social behaviour,,
12db985c4577653d52aad121f9d5c901733a96dba6b813d5877374885ac0ecda,2014-08,Essex Police,Essex Police,0.624941,51.790726,On or near Octavia Drive,E01033460,Braintree 017F,Burglary,Under investigation,
47d17e4a528be3c2e4340944dabda1ad26f8bc90acc226edfcba80fedcb5b327,2014-08,Essex Police,Essex Police,0.618594,51.785544,On or near Hatfield Road (Near Service Station),E01033460,Braintree 017F,Other theft,Local resolution,
6d8a5ba4b11755cedbe082fae4d17a5cc7bbc4cf350728d3f503f90f9240e5c8,2014-08,Essex Police,Essex Police,0.618594,51.785544,On or near Hatfield Road (Near Service Station),E01033460,Braintree 017F,Other theft,Under investigation,
41b7ff89917e452156be8f6a9c1cab6f8d172adfd7a3c769e7350177bf46d046,2014-08,Essex Police,Essex Police,0.618594,51.785544,On or near Hatfield Road (Near Service Station),E01033460,Braintree 017F,Other theft,Under investigation,
ac1fe2109b35ec756d388222c40af0720ec46b748ab00614a910fcd2babd0d0a,2014-08,Essex Police,Essex Police,0.618594,51.785544,On or near Hatfield Road (Near Service Station),E01033460,Braintree 017F,Other theft,Under investigation,
d36eb8d65bd2f7bea140886ecc89d26b2f264816cc4f77a249251f50ef446fa4,2014-08,Essex Police,Essex Police,0.618594,51.785544,On or near Hatfield Road (Near Service Station),E01033460,Braintree 017F,Other theft,Under investigation,
f98c2d0ff413d6b0f8476d7462fbfb844c6a7a5247046f69e203e5a30560907d,2014-08,Essex Police,Essex Police,0.625185,51.793419,On or near Allectus Way,E01033460,Braintree 017F,Violence and sexual offences,Awaiting court outcome,
,2014-08,Essex Police,Essex Police,0.632399,51.789049,On or near Greenwell Road,E01033461,Braintree 017G,Anti-social behaviour,,
,2014-08,Essex Police,Essex Police,0.631039,51.790095,On or near Bantock Way,E01033461,Braintree 017G,Anti-social behaviour,,
,2014-08,Essex Police,Essex Police,0.632100,51.788633,On or near Dawson Way,E01033461,Braintree 017G,Anti-social behaviour,,
8152c53ca512cc8d2bf54dd10812de84175b2a79798c1f0a219dca0cce75ae74,2014-08,Essex Police,Essex Police,0.631810,51.787137,On or near Baker Way,E01033461,Braintree 017G,Other theft,Unable to prosecute suspect,
,2014-08,Essex Police,Essex Police,0.628665,51.793161,On or near Godric Road,E01033462,Braintree 017H,Anti-social behaviour,,
91e1a7c169729b36574d6ef5cf865fc1cc4523a80c4b553c8e716333b5add435,2014-08,Essex Police,Essex Police,0.628665,51.793161,On or near Godric Road,E01033462,Braintree 017H,Burglary,Investigation complete; no suspect identified,
ccd690a82a0f399db485922404fcbf8d0bce2e186e5880fcbe34e2b42f3e0f00,2014-08,Essex Police,Essex Police,0.635266,51.796188,On or near Bridge Street,E01033462,Braintree 017H,Other theft,Under investigation,
99a1cc950a8e550eb2c34071b92903fd17080ffd256c75bbac20db775a19053e,2014-08,Essex Police,Essex Police,0.635266,51.796188,On or near Bridge Street,E01033462,Braintree 017H,Other theft,Investigation complete; no suspect identified,
6be6d5643eb92e301e47325cd4760c17181d61ce2086017edda4ff165650bd15,2014-08,Essex Police,Essex Police,0.631673,51.796745,On or near Spinks Lane,E01033462,Braintree 017H,Vehicle crime,Investigation complete; no suspect identified,
7183e192e6a7b1f15c459d45af1682ecf923fb879b18b621ecdaac9012a468f9,2014-08,Essex Police,Essex Police,0.635266,51.796188,On or near Bridge Street,E01033462,Braintree 017H,Violence and sexual offences,Under investigation,
408515f90202013c3f990ec988aaba02b5efdf591ca98947e1335ab2cef6d219,2014-08,Essex Police,Essex Police,0.628665,51.793161,On or near Godric Road,E01033462,Braintree 017H,Other crime,Unable to prosecute suspect,
,2014-08,Essex Police,Essex Police,0.603470,51.825063,On or near Church Hill,E01021348,Braintree 018A,Anti-social behaviour,,
,2014-08,Essex Police,Essex Police,0.554296,51.805251,On or near Oakfield Lane,E01021348,Braintree 018A,Anti-social behaviour,,
d1bab2bf41a25ade34e59cd58209c712e1d68aedc05080a95043970aad49e6b6,2014-08,Essex Police,Essex Police,0.590447,51.833076,On or near Church Mead,E01021348,Braintree 018A,Drugs,Awaiting court outcome,
ece1ccc3bd6b5c24cf3e616556f02159e94738d83a518cfbe1c4fcd554e1aa83,2014-08,Essex Police,Essex Police,0.554296,51.805251,On or near Oakfield Lane,E01021348,Braintree 018A,Other theft,Investigation complete; no suspect identified,
073148cfa70ce7313967891174c8099028bcbf674def79938752520d178facd5,2014-08,Essex Police,Essex Police,0.554296,51.805251,On or near Oakfield Lane,E01021348,Braintree 018A,Other theft,Investigation complete; no suspect identified,
9093b500a6e6b235b46c2c54d498bccef451e99e7f003611e9010c2a06a89bfa,2014-08,Essex Police,Essex Police,0.554296,51.805251,On or near Oakfield Lane,E01021348,Braintree 018A,Other theft,Investigation complete; no suspect identified,
,2014-08,Essex Police,Essex Police,0.592722,51.776144,On or near Swan Close,E01021394,Braintree 018B,Anti-social behaviour,,
,2014-08,Essex Police,Essex Police,0.595299,51.773048,On or near Prospect Close,E01021394,Braintree 018B,Anti-social behaviour,,
,2014-08,Essex Police,Essex Police,0.594726,51.773168,On or near Remembrance Avenue,E01021394,Braintree 018B,Anti-social behaviour,,
,2014-08,Essex Police,Essex Police,0.592722,51.776144,On or near Swan Close,E01021394,Braintree 018B,Anti-social behaviour,,
1ba50ad7d92d24a80a92ab95eb4c17358fa51f455cf460a43cc7eb3dee51259d,2014-08,Essex Police,Essex Police,0.595841,51.776678,On or near Marina Road,E01021394,Braintree 018B,Burglary,Under investigation,
c9813dfc31172ad9912277666b7dd504a446e46102e49679a0d9ba3ed15d6a5d,2014-08,Essex Police,Essex Police,0.594843,51.775711,On or near Parking Area,E01021394,Braintree 018B,Burglary,Under investigation,
0e07d9774158b6807a164c188c33b809030971cbfebcebb33d4c4b527f9fcd5e,2014-08,Essex Police,Essex Police,0.594843,51.775711,On or near Parking Area,E01021394,Braintree 018B,Criminal damage and arson,Under investigation,
af5ff2bd09ecad52fa2887875e8115f92bde61a3995640a30ffa21b994187e89,2014-08,Essex Police,Essex Police,0.588964,51.777594,On or near Bury Lane,E01021394,Braintree 018B,Criminal damage and arson,Investigation complete; no suspect identified,
19f0cacc4fe2e4cb38796417836e70744542ad8b316c17c63b3093aebd1c49ae,2014-08,Essex Police,Essex Police,0.594843,51.775711,On or near Parking Area,E01021394,Braintree 018B,Criminal damage and arson,Under investigation,
c1206a56bb1ffc215121c1f54ffaea8d821fb926e2d8de5ae8e95b0af4ee7263,2014-08,Essex Police,Essex Police,0.588964,51.777594,On or near Bury Lane,E01021394,Braintree 018B,Other theft,Investigation complete; no suspect identified,
50a0a9147f14f25cf5434632e042d70236a00e615c5b6c25a6ec070be32dfba5,2014-08,Essex Police,Essex Police,0.590799,51.774964,On or near The Street,E01021394,Braintree 018B,Vehicle crime,Investigation complete; no suspect identified,
,2014-08,Essex Police,Essex Police,0.605034,51.773183,On or near Old School Court,E01021395,Braintree 018C,Anti-social behaviour,,
,2014-08,Essex Police,Essex Police,0.599011,51.774063,On or near New Road,E01021395,Braintree 018C,Anti-social behaviour,,
718eda45a989b2eb4f659a378d08bd6f08052f0aa106447b7515989c756613e7,2014-08,Essex Police,Essex Police,0.599011,51.774063,On or near New Road,E01021395,Braintree 018C,Public order,Under investigation,
,2014-08,Essex Police,Essex Police,0.577934,51.760354,On or near Park/Open Space,E01021396,Braintree 018D,Anti-social behaviour,,
2d10db6b81ce6038a2809a3db6d5611bb88f44486cdc2b854979e575e8485f6c,2014-08,Essex Police,Essex Police,0.598551,51.765808,On or near Sportsmans Lane,E01021396,Braintree 018D,Vehicle crime,Investigation complete; no suspect identified,
,2014-08,Essex Police,Essex Police,0.643432,51.787758,On or near Pantile Close,E01021424,Braintree 018E,Anti-social behaviour,,
,2014-08,Essex Police,Essex Police,0.639957,51.789095,On or near Ashby Road,E01021424,Braintree 018E,Anti-social behaviour,,
01eea1746b493bb34859abb81ef1a8238394b996e8f46a5716e0aee094f934f5,2014-08,Essex Police,Essex Police,0.645607,51.791468,On or near Constance Close,E01021424,Braintree 018E,Burglary,Investigation complete; no suspect identified,
c52ef57c5d57076e0241c2736d205474bba3a8349e57cea407af50ddad565126,2014-08,Essex Police,Essex Police,0.634226,51.788549,On or near Britten Crescent,E01021424,Braintree 018E,Burglary,Investigation complete; no suspect identified,
e4500adf74dd2d1a9e9c7e403f7825f863abd1d144fd275e66a125bd9be1b9c8,2014-08,Essex Police,Essex Police,0.640440,51.788670,On or near Sparkey Close,E01021424,Braintree 018E,Burglary,Under investigation,
d9951b81ef60df4fd75ae104d2158629336c5b468e6be36b71a15af8c4af7111,2014-08,Essex Police,Essex Police,0.646517,51.792392,On or near Carraways,E01021424,Braintree 018E,Vehicle crime,Investigation complete; no suspect identified,
73d029faef438ba63b533fc320173afad8e5dfbe8dadab369e2d3777ebab062d,2014-08,Essex Police,Essex Police,0.646517,51.792392,On or near Carraways,E01021424,Braintree 018E,Vehicle crime,Under investigation,
2dc739ac8da7811a7a5045e018a4afef4e36f0a8b16ca4a59e6b80db098ead4c,2014-08,Essex Police,Essex Police,0.632490,51.787365,On or near Russell Close,E01021424,Braintree 018E,Vehicle crime,Investigation complete; no suspect identified,
,2014-08,Essex Police,Essex Police,0.279736,51.664540,On or near Petrol Station,E01021441,Brentwood 001A,Anti-social behaviour,,
,2014-08,Essex Police,Essex Police,0.296623,51.669903,On or near The Gardens,E01021441,Brentwood 001A,Anti-social behaviour,,
,2014-08,Essex Police,Essex Police,0.295484,51.667120,On or near Steeple Way,E01021441,Brentwood 001A,Anti-social behaviour,,
65062f83c59ca6718aa1ccfa76535f9c810a06f91b8e265a7f8ab8a9df8e461d,2014-08,Essex Police,Essex Police,0.298316,51.666498,On or near Sports/Recreation Area,E01021441,Brentwood 001A,Other theft,Investigation complete; no suspect identified,
69c12c5389d3aa79a835a05d9e404ab31d432318372f6fc09d85cc51c2c858f8,2014-08,Essex Police,Essex Police,0.277381,51.664298,On or near Barley Field,E01021441,Brentwood 001A,Vehicle crime,Investigation complete; no suspect identified,
a19294b1efab55b6d0ae99ffa92df24667bff4b7733cf2f9e9371598d0b342f8,2014-08,Essex Police,Essex Police,0.296711,51.671071,On or near Outing'S Lane,E01021441,Brentwood 001A,Vehicle crime,Investigation complete; no suspect identified,
12212c7737693741f355523b7b5c2ff78f47b09667fcc82c9e12be0caa7c474b,2014-08,Essex Police,Essex Police,0.295484,51.667120,On or near Steeple Way,E01021441,Brentwood 001A,Violence and sexual offences,Under investigation,
39aef1a5ebf41998b650facf72227c4ca83061d1521ddc7d9ffb92f0ffe2098f,2014-08,Essex Police,Essex Police,0.296623,51.669903,On or near The Gardens,E01021441,Brentwood 001A,Violence and sexual offences,Under investigation,
c5ba8ffcd906cdd4da85c209c1432816ebf2da80c4f880fe39b1dc1ea9d398f5,2014-08,Essex Police,Essex Police,0.300186,51.666299,On or near Bakers Meadow,E01021441,Brentwood 001A,Violence and sexual offences,Under investigation,
,2014-08,Essex Police,Essex Police,0.304504,51.661907,On or near Apple Tree Crescent,E01021442,Brentwood 001B,Anti-social behaviour,,
2eff741d678a5bac6cfbf64e6fd46395acad63569aa1e84b59aeb4329eb2ce8c,2014-08,Essex Police,Essex Police,0.309955,51.665316,On or near Brook Lane,E01021442,Brentwood 001B,Other theft,Investigation complete; no suspect identified,
080aaae4cce95c43887e5aaa7d6ee883e4ab75c694d8ef3b874990f3f04671f6,2014-08,Essex Police,Essex Police,0.304504,51.661907,On or near Apple Tree Crescent,E01021442,Brentwood 001B,Vehicle crime,Under investigation,
5d1659c0fea4b32347709fa6e57ea8724ce027307fe0a4e0c588404860656a0d,2014-08,Essex Police,Essex Police,0.306054,51.663963,On or near Harpers Lane,E01021442,Brentwood 001B,Violence and sexual offences,Under investigation,
,2014-08,Essex Police,Essex Police,0.228365,51.650580,On or near Sabines Road,E01021443,Brentwood 001C,Anti-social behaviour,,
,2014-08,Essex Police,Essex Police,0.208438,51.632000,On or near Park/Open Space,E01021443,Brentwood 001C,Anti-social behaviour,,
,2014-08,Essex Police,Essex Police,0.208438,51.632000,On or near Park/Open Space,E01021443,Brentwood 001C,Anti-social behaviour,,
1de834f6bb28e27df12af5b1c9f55f077dcfd5cf329ea8cfdf8faf4e43abc707,2014-08,Essex Police,Essex Police,0.267514,51.667106,On or near Church Close,E01021443,Brentwood 001C,Burglary,Under investigation,
8a928d8b64d71b42084df8fc5ff78d9804e1f1d70abf4e772290a2f0dacfe84e,2014-08,Essex Police,Essex Police,0.264464,51.672344,On or near Ongar Road,E01021443,Brentwood 001C,Burglary,Under investigation,
e74cd7e824b7573a9e4e9f857404b9669abb23499bbd266b8100b3b5fb60e6fb,2014-08,Essex Police,Essex Police,0.227039,51.662736,On or near Park/Open Space,E01021443,Brentwood 001C,Drugs,Under investigation,
d5bb9b1a629a11eea4ae2dca1c6fbc348000a7767717cb39254d208aa1b22585,2014-08,Essex Police,Essex Police,0.277050,51.667784,On or near School Road,E01021443,Brentwood 001C,Other theft,Investigation complete; no suspect identified,
ac9b9ad43af6162f38b1ebdcdbc2f91bb98938c496e3203c95f549b0bc66dbf3,2014-08,Essex Police,Essex Police,0.253949,51.678167,On or near Park/Open Space,E01021443,Brentwood 001C,Violence and sexual offences,Investigation complete; no suspect identified,
,2014-08,Essex Police,Essex Police,0.279074,51.662592,On or near Broad Meadow,E01021444,Brentwood 001D,Anti-social behaviour,,
,2014-08,Essex Police,Essex Police,0.273975,51.657799,On or near Park/Open Space,E01021444,Brentwood 001D,Anti-social behaviour,,
,2014-08,Essex Police,Essex Police,0.273975,51.657799,On or near Park/Open Space,E01021444,Brentwood 001D,Anti-social behaviour,,
1addbe3d5322103eb58e45091b232d3927d7df6344cbb637abe24894f6e92909,2014-08,Essex Police,Essex Police,0.281355,51.654167,On or near Solid Lane,E01021444,Brentwood 001D,Burglary,Under investigation,
dd826de65d25c02293bc2a0f6f3188b900733eb46ad226297c78159379e2892f,2014-08,Essex Police,Essex Police,0.282020,51.664828,On or near Elmtree Avenue,E01021444,Brentwood 001D,Criminal damage and arson,Investigation complete; no suspect identified,
3589b4b9d03dcb03f67c3343bb85ea8eb07e9bb70cbc667b9c030684bfa13ba8,2014-08,Essex Police,Essex Police,0.277333,51.662761,On or near Great Fox Meadow,E01021444,Brentwood 001D,Vehicle crime,Under investigation,
3c5452429dc7d619dd1e331d8fd8c8e124f6135e71d235e01af41a259f2e93e3,2014-08,Essex Police,Essex Police,0.279074,51.662592,On or near Broad Meadow,E01021444,Brentwood 001D,Other crime,Under investigation,
5e47af6cebc4f1855ee9fe33a823e6b6e59308c5ae3876038833e289933e4f22,2014-08,Essex Police,Essex Police,0.330659,51.673954,On or near Mountnessing Road,E01021469,Brentwood 001E,Vehicle crime,Under investigation,
036e212f3f665bbd6dfe70d0348e057f4743a19b1ed7b274e2cda45721793cc6,2014-08,Essex Police,Essex Police,0.296378,51.675942,On or near St Georges Close,E01021470,Brentwood 001F,Burglary,Investigation complete; no suspect identified,
736720775b704fe923d1182274e3e94c01900906e979b997c256341ec154b7bd,2014-08,Essex Police,Essex Police,0.310761,51.670912,On or near Plovers Mead,E01021471,Brentwood 001G,Burglary,Under investigation,
555494e2e2fe36735ceb5fcf92dcd972a78daa9d5acc81af8e675bcd171c6c41,2014-08,Essex Police,Essex Police,0.298696,51.674863,On or near Hook End Road,E01021471,Brentwood 001G,Burglary,Investigation complete; no suspect identified,
8091483f7fb51bb8784102b8af098a0bbf080a890e1b1764e2a15cf23dc4f037,2014-08,Essex Police,Essex Police,0.293628,51.674755,On or near Dealtree Close,E01021471,Brentwood 001G,Burglary,Under investigation,
fbf2651fbb791600c172417c75fa157ad1d10b297141c0ebfc0321758c74ae51,2014-08,Essex Police,Essex Police,0.377900,51.673708,On or near Fryerning Lane,E01021457,Brentwood 002A,Burglary,Investigation complete; no suspect identified,
7769c810b16a875d4e643202fceaed7676e1149074e4e1245b7b3ff87513b09c,2014-08,Essex Police,Essex Police,0.362838,51.665271,On or near Trueloves Lane,E01021457,Brentwood 002A,Other theft,Investigation complete; no suspect identified,
3845b8df27b4266f6ff31c3e01773b0225de4b8b37041fab322537fee51973ab,2014-08,Essex Police,Essex Police,0.387680,51.689976,On or near Park/Open Space,E01021457,Brentwood 002A,Public order,Under investigation,
6e0d4df536728e645c661f090867f6d3cc3fe19035290423e280fc1f58078443,2014-08,Essex Police,Essex Police,0.380892,51.671183,On or near The Meads,E01021457,Brentwood 002A,Vehicle crime,Under investigation,
9316561b11b1930180f6a45a398b50af570988a2c5ed842a366d8d09daaa9292,2014-08,Essex Police,Essex Police,0.387680,51.689976,On or near Park/Open Space,E01021457,Brentwood 002A,Violence and sexual offences,Under investigation,
63c2addf6e38d1768da9f96c8521e3d1077f4bcebe78da8fade3b8855c7562bf,2014-08,Essex Police,Essex Police,0.379805,51.673346,On or near Trimble Close,E01021457,Brentwood 002A,Violence and sexual offences,Under investigation,
0fcf98c83975a84de5ee403117b6d4b911ad431ee226188ae9a025a85d166fcd,2014-08,Essex Police,Essex Police,0.387680,51.689976,On or near Park/Open Space,E01021457,Brentwood 002A,Violence and sexual offences,Under investigation,
ea74b82afd9c03ef249899e377e2d8b4a910c803e6de3851aecb5fbcf1926ed6,2014-08,Essex Police,Essex Police,0.385624,51.670683,On or near Star Lane,E01021458,Brentwood 002B,Criminal damage and arson,Investigation complete; no suspect identified,
cfa86225f87f9e9b05fd3fc46ee9ecae12c78170f0b23d99e07b1fcaa81479f2,2014-08,Essex Police,Essex Police,0.387333,51.672374,On or near Woodland Close,E01021458,Brentwood 002B,Criminal damage and arson,Under investigation,
9512eb99ed4b2b382ae551e9a5d55373989db2f65473946e4e36968d9dd260c6,2014-08,Essex Police,Essex Police,0.391789,51.672949,On or near Docklands Avenue,E01021458,Brentwood 002B,Public order,Local resolution,
13f9a750c5029b51d719585b074cb623718c28eab12ec1f30e96ca211ac6da36,2014-08,Essex Police,Essex Police,0.387333,51.672374,On or near Woodland Close,E01021458,Brentwood 002B,Violence and sexual offences,Under investigation,
6ec92d0131d5efafa6ea1b04bfca9f59d76b5211f9a970986aeb757cdaa2f762,2014-08,Essex Police,Essex Police,0.387333,51.672374,On or near Woodland Close,E01021458,Brentwood 002B,Violence and sexual offences,Under investigation,
,2014-08,Essex Police,Essex Police,0.374129,51.662723,On or near Poplar Close,E01021459,Brentwood 002C,Anti-social behaviour,,
,2014-08,Essex Police,Essex Police,0.374129,51.662723,On or near Poplar Close,E01021459,Brentwood 002C,Anti-social behaviour,,
1950a8bebfef4b190ee7577f06148f282c42826a850c67c142cdef402f976091,2014-08,Essex Police,Essex Police,0.374129,51.662723,On or near Poplar Close,E01021459,Brentwood 002C,Burglary,Under investigation,
c3ff092c6a21bdc583e172bd8cef3640761758bae616ff81dafacaa90a4a471b,2014-08,Essex Police,Essex Police,0.375147,51.666425,On or near The Heythrop,E01021459,Brentwood 002C,Criminal damage and arson,Investigation complete; no suspect identified,
3cdf641c6b91b62ffc9292944f185d7809096cbee52147db21ca2e091af58da2,2014-08,Essex Police,Essex Police,0.370547,51.662804,On or near Roman Road,E01021459,Brentwood 002C,Possession of weapons,Under investigation,
555ceb4f1321c20659cf8e42d5d74ccf3063a6682c0aca95cbc93b950f048561,2014-08,Essex Police,Essex Police,0.375147,51.666425,On or near The Heythrop,E01021459,Brentwood 002C,Vehicle crime,Investigation complete; no suspect identified,
1cca67ca11929b0f5d2e679fc1780652842529cc0d6a9dc7079458a9dcf1cf4b,2014-08,Essex Police,Essex Police,0.370547,51.662804,On or near Roman Road,E01021459,Brentwood 002C,Vehicle crime,Under investigation,
,2014-08,Essex Police,Essex Police,0.368971,51.659491,On or near Mountney Close,E01021460,Brentwood 002D,Anti-social behaviour,,
,2014-08,Essex Police,Essex Police,0.371323,51.661602,On or near Ridgeway,E01021460,Brentwood 002D,Anti-social behaviour,,
e49c0519f94fe7510d6d1fc61ae220936fd7c2aca47c88e5ea0b6a685582b317,2014-08,Essex Police,Essex Police,0.355985,51.654995,On or near Roman Road,E01021460,Brentwood 002D,Criminal damage and arson,Investigation complete; no suspect identified,
6002505bbffcb7199a5daaf475d1e79a3b8416980dfabfbbeced6c608c63bd92,2014-08,Essex Police,Essex Police,0.343152,51.659874,On or near Thoby Lane,E01021460,Brentwood 002D,Other theft,Under investigation,
4b7be950c7b01ebfb48d002a2bdb4deaf859455197fc5fc109b5a0063b2f06c2,2014-08,Essex Police,Essex Police,0.357212,51.653010,On or near Crossby Close,E01021460,Brentwood 002D,Vehicle crime,Investigation complete; no suspect identified,
20bc96d99c95100484d1a23295e87e9768580a302f1a66cc7bf36d958bdd2100,2014-08,Essex Police,Essex Police,0.348375,51.646235,On or near A12,E01021460,Brentwood 002D,Vehicle crime,Investigation complete; no suspect identified,
3cc49668dfbbe114687b71082226005df15f3da0480c17a23c286344de784cf4,2014-08,Essex Police,Essex Police,0.357212,51.653010,On or near Crossby Close,E01021460,Brentwood 002D,Vehicle crime,Unable to prosecute suspect,
f5127859934dd64b44dcf2349db701d2793c126e6525872bf4ffb3c8779d5206,2014-08,Essex Police,Essex Police,0.343152,51.659874,On or near Thoby Lane,E01021460,Brentwood 002D,Vehicle crime,Investigation complete; no suspect identified,
362032cf9d885759446935d0a383e532616477ec360afe17f33ab7aa89491a91,2014-08,Essex Police,Essex Police,0.357212,51.653010,On or near Crossby Close,E01021460,Brentwood 002D,Vehicle crime,Investigation complete; no suspect identified,
a27643133e90c4b7737f168034381543fc5c4d8ade8d07eb60f6b6b5a469aac3,2014-08,Essex Police,Essex Police,0.357212,51.653010,On or near Crossby Close,E01021460,Brentwood 002D,Violence and sexual offences,Under investigation,
,2014-08,Essex Police,Essex Police,0.346604,51.630974,On or near Brookfield Close,E01021448,Brentwood 003A,Anti-social behaviour,,
,2014-08,Essex Police,Essex Police,0.346182,51.628959,On or near Coleridge Walk,E01021448,Brentwood 003A,Anti-social behaviour,,
da70557f9074f3448f173836ecbe0176b547feb5712f6afbcb30afdc991fa914,2014-08,Essex Police,Essex Police,0.351253,51.633129,On or near Rayleigh Road,E01021448,Brentwood 003A,Bicycle theft,Investigation complete; no suspect identified,
225cecb0660f112edfa33aa693fff599ae71875c1dc7ecd62d813cc3a44e9c2d,2014-08,Essex Police,Essex Police,0.350504,51.631777,On or near Fawters Close,E01021448,Brentwood 003A,Criminal damage and arson,Under investigation,
f1ee55f0682242a84504eba3eb576dceda2db82cf6f5e6b7696f8d3b34640b02,2014-08,Essex Police,Essex Police,0.346182,51.628959,On or near Coleridge Walk,E01021448,Brentwood 003A,Criminal damage and arson,Investigation complete; no suspect identified,
40d65eacef065ded4823360aad2bba131a60890eb961b4db4b863a525bf672e1,2014-08,Essex Police,Essex Police,0.349912,51.630107,On or near Wainwright Avenue,E01021448,Brentwood 003A,Other theft,Under investigation,
9906f1d5cfe3dd6e941e35581c4762961e48257e3baafc882d5e4ce206d3c967,2014-08,Essex Police,Essex Police,0.348594,51.630043,On or near Burns Way,E01021448,Brentwood 003A,Vehicle crime,Under investigation,
3d4ea16cc3a676ece2239ec85a1efe74089b6af3ff84ff6a90df7cd097195378,2014-08,Essex Police,Essex Police,0.346604,51.630974,On or near Brookfield Close,E01021448,Brentwood 003A,Vehicle crime,Under investigation,
55bc17d50b37f64f7410fd117772ba0bab4b7f91c37bf6c809df86afbcb37ba6,2014-08,Essex Police,Essex Police,0.346604,51.630974,On or near Brookfield Close,E01021448,Brentwood 003A,Violence and sexual offences,Local resolution,
a967e1552477ef555feed06cfb409559ead9e9e3faf70e2dcc4a1491b4e80f9d,2014-08,Essex Police,Essex Police,0.346604,51.630974,On or near Brookfield Close,E01021448,Brentwood 003A,Violence and sexual offences,Local resolution,
,2014-08,Essex Police,Essex Police,0.382340,51.624345,On or near Tally-Ho Drive,E01021449,Brentwood 003B,Anti-social behaviour,,
,2014-08,Essex Police,Essex Police,0.359025,51.630014,On or near Magdalen Gardens,E01021449,Brentwood 003B,Anti-social behaviour,,
9f13b31508e92836b9530b324a56223bfce7ce5d5905f74dc4db63762bb1e0e4,2014-08,Essex Police,Essex Police,0.383048,51.629043,On or near North Drive,E01021449,Brentwood 003B,Burglary,Under investigation,
99f960b2f77e8b793fa4c804f90736e60ff303b41b290f03af94a1c111b112ce,2014-08,Essex Police,Essex Police,0.359025,51.630014,On or near Magdalen Gardens,E01021449,Brentwood 003B,Criminal damage and arson,Under investigation,
c039b639e1c88e3ec4b886a2a8433ccf18f308fbc2bdd2c85670a1771e7911fd,2014-08,Essex Police,Essex Police,0.387196,51.627682,On or near London Road,E01021449,Brentwood 003B,Drugs,Under investigation,
,2014-08,Essex Police,Essex Police,0.360521,51.629040,On or near Little Russets,E01021450,Brentwood 003C,Anti-social behaviour,,
,2014-08,Essex Police,Essex Police,0.355623,51.635739,On or near Wash Road,E01021450,Brentwood 003C,Anti-social behaviour,,
,2014-08,Essex Police,Essex Police,0.352395,51.632863,On or near Carswell Close,E01021450,Brentwood 003C,Anti-social behaviour,,
,2014-08,Essex Police,Essex Police,0.355134,51.633276,On or near Rayleigh Road,E01021450,Brentwood 003C,Anti-social behaviour,,
b8bb504bb1ff476cc68688c19e969f9eceb77186ffeeb6c62d41fb88c1652d0d,2014-08,Essex Police,Essex Police,0.360521,51.629040,On or near Little Russets,E01021450,Brentwood 003C,Burglary,Investigation complete; no suspect identified,
485702d6ea54fb0551bb0b59f072cdde3ded3b1354f9785fa1e7342aa7eb9921,2014-08,Essex Police,Essex Police,0.361679,51.633261,On or near Goodwood Avenue,E01021450,Brentwood 003C,Vehicle crime,Investigation complete; no suspect identified,
,2014-08,Essex Police,Essex Police,0.348031,51.633427,On or near Birkbeck Road,E01021451,Brentwood 003D,Anti-social behaviour,,
3d55fbea5b7e3ffdc123ea9993cbc9a085ab00d57b27a7b48d87113ff4165c86,2014-08,Essex Police,Essex Police,0.347889,51.635148,On or near Whittington Road,E01021451,Brentwood 003D,Burglary,Investigation complete; no suspect identified,
bad0d82e27f561964b83b5a278e4a2971b5c37fac2a58b0dbfe6f492b4af0b88,2014-08,Essex Police,Essex Police,0.352088,51.636143,On or near Tiptree Court,E01021451,Brentwood 003D,Other theft,Investigation complete; no suspect identified,
06ecc7e7057ce8dca5cc140607b89e71b6787656b102b7c99689b25b061a88c6,2014-08,Essex Police,Essex Police,0.355887,51.637209,On or near Tallon Road,E01021451,Brentwood 003D,Other theft,Unable to prosecute suspect,
78ffff3360a2752d7d8d30e845256eb12c512a4d2d91ecebbdb20ad88596da99,2014-08,Essex Police,Essex Police,0.355887,51.637209,On or near Tallon Road,E01021451,Brentwood 003D,Violence and sexual offences,Under investigation,
a1791481613bded016c381958d5d6e9004a831de661d8ec7bfd46a9c360144ca,2014-08,Essex Police,Essex Police,0.352088,51.636143,On or near Tiptree Court,E01021451,Brentwood 003D,Violence and sexual offences,Under investigation,
,2014-08,Essex Police,Essex Police,0.356478,51.639409,On or near Prospect Way,E01021452,Brentwood 003E,Anti-social behaviour,,
bfe57b0adeac6b5827a8f2d8d106cc8d3e2aaf549a6187301e4ba06188a7000f,2014-08,Essex Police,Essex Police,0.349063,51.639126,On or near Pine Crescent,E01021452,Brentwood 003E,Violence and sexual offences,Awaiting court outcome,
,2014-08,Essex Police,Essex Police,0.301903,51.625708,On or near Tree Tops,E01021431,Brentwood 004A,Anti-social behaviour,,
666d8bb1900971f84aa325bce278429be985d84dca939ad27544fcb8c23b5f1c,2014-08,Essex Police,Essex Police,0.298968,51.630522,On or near Rushdene Road,E01021431,Brentwood 004A,Other theft,Investigation complete; no suspect identified,
f5fcd6a4a62359b3f14b67c1ae30edd9e543cc8fb0a91e9bac75937f781afa67,2014-08,Essex Police,Essex Police,0.296784,51.630493,On or near Karen Close,E01021431,Brentwood 004A,Violence and sexual offences,Under investigation,
8d872e3ccf6fcadaaa54561adc91638ca061876db9c9de06cf43d30ec751f79a,2014-08,Essex Police,Essex Police,0.294422,51.628633,On or near The Courtyard,E01021431,Brentwood 004A,Violence and sexual offences,Under investigation,
ab00b88a2c766b33ee3055c4f289885dccedee964fc2edaf259bd26858cb12f0,2014-08,Essex Police,Essex Police,0.296784,51.630493,On or near Karen Close,E01021431,Brentwood 004A,Violence and sexual offences,Under investigation,
,2014-08,Essex Police,Essex Police,0.290659,51.627375,On or near Upper Ryle,E01021432,Brentwood 004B,Anti-social behaviour,,
,2014-08,Essex Police,Essex Police,0.293477,51.626232,On or near Cleves Avenue,E01021432,Brentwood 004B,Anti-social behaviour,,
,2014-08,Essex Police,Essex Police,0.293696,51.623413,On or near Capon Close,E01021432,Brentwood 004B,Anti-social behaviour,,
,2014-08,Essex Police,Essex Police,0.291281,51.625942,On or near The Retreat,E01021432,Brentwood 004B,Anti-social behaviour,,
,2014-08,Essex Police,Essex Police,0.293696,51.623413,On or near Capon Close,E01021432,Brentwood 004B,Anti-social behaviour,,
,2014-08,Essex Police,Essex Police,0.293477,51.626232,On or near Cleves Avenue,E01021432,Brentwood 004B,Anti-social behaviour,,
bf70d1afc5a568ac057bc2e278cfed701101e2b3e4cef554ac511eb4d16b665d,2014-08,Essex Police,Essex Police,0.289729,51.624965,On or near Calcott Close,E01021432,Brentwood 004B,Burglary,Investigation complete; no suspect identified,
4bd06137f6edf9ca969d83979dbaff38eaed83e2a0bc37b2e6c7b3fe32358f0b,2014-08,Essex Police,Essex Police,0.293696,51.623413,On or near Capon Close,E01021432,Brentwood 004B,Criminal damage and arson,Investigation complete; no suspect identified,
268bc2896edbc582762e009ac59a5e878221b7c2b2b38d32b8e740726cc3361e,2014-08,Essex Police,Essex Police,0.289236,51.626666,On or near Thornridge,E01021432,Brentwood 004B,Vehicle crime,Investigation complete; no suspect identified,
a65d68f60e7b115d896b30401ea21cde7f4621f064af744c7cdd8ef796e45acd,2014-08,Essex Police,Essex Police,0.289236,51.626666,On or near Thornridge,E01021432,Brentwood 004B,Vehicle crime,Investigation complete; no suspect identified,
9307d771223834375adcbf6f5bdad5df036a0215239ba0469061e82f203d7eb6,2014-08,Essex Police,Essex Police,0.293696,51.623413,On or near Capon Close,E01021432,Brentwood 004B,Violence and sexual offences,Awaiting court outcome,
,2014-08,Essex Police,Essex Police,0.296365,51.624476,On or near Copperfield Gardens,E01021434,Brentwood 004C,Anti-social behaviour,,
,2014-08,Essex Police,Essex Police,0.294403,51.625693,On or near Browne Close,E01021434,Brentwood 004C,Anti-social behaviour,,
,2014-08,Essex Police,Essex Police,0.296462,51.622118,On or near Park Road,E01021434,Brentwood 004C,Anti-social behaviour,,
,2014-08,Essex Police,Essex Police,0.296365,51.624476,On or near Copperfield Gardens,E01021434,Brentwood 004C,Anti-social behaviour,,
,2014-08,Essex Police,Essex Police,0.296009,51.623737,On or near Mayfield Gardens,E01021434,Brentwood 004C,Anti-social behaviour,,
,2014-08,Essex Police,Essex Police,0.299271,51.626236,On or near Ongar Road,E01021434,Brentwood 004C,Anti-social behaviour,,
a9a10ab8ac9383cb081d608ba141932515b776bc92244ff036656399ad83a4b1,2014-08,Essex Police,Essex Police,0.296365,51.624476,On or near Copperfield Gardens,E01021434,Brentwood 004C,Criminal damage and arson,Offender given a caution,
5a80c3b13b4d38c1119b32a52e5e9cb3c882f432c5d7b61bf60d52661d7665db,2014-08,Essex Police,Essex Police,0.299271,51.626236,On or near Ongar Road,E01021434,Brentwood 004C,Vehicle crime,Investigation complete; no suspect identified,
,2014-08,Essex Police,Essex Police,0.291883,51.634744,On or near Carisbrook Road,E01021461,Brentwood 004D,Anti-social behaviour,,
,2014-08,Essex Police,Essex Police,0.295027,51.633747,On or near Highgrove,E01021461,Brentwood 004D,Anti-social behaviour,,
,2014-08,Essex Police,Essex Police,0.295027,51.633747,On or near Highgrove,E01021461,Brentwood 004D,Anti-social behaviour,,
,2014-08,Essex Police,Essex Police,0.294053,51.634216,On or near Elizabeth Road,E01021461,Brentwood 004D,Anti-social behaviour,,
,2014-08,Essex Police,Essex Police,0.294053,51.634216,On or near Elizabeth Road,E01021461,Brentwood 004D,Anti-social behaviour,,
,2014-08,Essex Police,Essex Police,0.293630,51.635276,On or near Sandringham Road,E01021461,Brentwood 004D,Anti-social behaviour,,
,2014-08,Essex Police,Essex Police,0.294053,51.634216,On or near Elizabeth Road,E01021461,Brentwood 004D,Anti-social behaviour,,
212cc4357cb2a90b71d9d082491d9f9650443062db02aee3707666ee079b6648,2014-08,Essex Police,Essex Police,0.289385,51.637364,On or near Gloucester Road,E01021461,Brentwood 004D,Criminal damage and arson,Investigation complete; no suspect identified,
14e2c7bcf0c40c3a2c4d490afe78187e6cb75d3d7656228de1bbffa9d2b4bddf,2014-08,Essex Police,Essex Police,0.295277,51.635837,On or near Lavender Avenue,E01021461,Brentwood 004D,Criminal damage and arson,Awaiting court outcome,
76c074dd05de73195bb34a2eb075581638b3377b0a4b9bf2a70657b656758943,2014-08,Essex Police,Essex Police,0.295277,51.635837,On or near Lavender Avenue,E01021461,Brentwood 004D,Other theft,Investigation complete; no suspect identified,
335e5b4af7e94c817d1101277effff93d384ba26429ef09b195aee2a09ef48d6,2014-08,Essex Police,Essex Police,0.291069,51.635506,On or near Supermarket,E01021461,Brentwood 004D,Shoplifting,Under investigation,
4af5d0c76d83d3b8bc3c17e2a95174191c2e9fe96c363cf2c86db989bf3f2713,2014-08,Essex Police,Essex Police,0.295277,51.635837,On or near Lavender Avenue,E01021461,Brentwood 004D,Vehicle crime,Under investigation,
2cc3237edf622d7c50409c46a028779247e9b378f422349aa483c867de37d508,2014-08,Essex Police,Essex Police,0.296095,51.636010,On or near Wistaria Close,E01021461,Brentwood 004D,Violence and sexual offences,Under investigation,
181ab1b2b2dc7ad1bec50155a9388a42ef0b2fc3e020f929556e52a2f60d39e4,2014-08,Essex Police,Essex Police,0.292059,51.635082,On or near Iver Road,E01021461,Brentwood 004D,Violence and sexual offences,Awaiting court outcome,
,2014-08,Essex Police,Essex Police,0.290168,51.633968,On or near King George'S Road,E01021464,Brentwood 004E,Anti-social behaviour,,
,2014-08,Essex Police,Essex Police,0.290168,51.633968,On or near King George'S Road,E01021464,Brentwood 004E,Anti-social behaviour,,
,2014-08,Essex Police,Essex Police,0.286343,51.633206,On or near Darlington Court,E01021464,Brentwood 004E,Anti-social behaviour,,
,2014-08,Essex Police,Essex Police,0.290168,51.633968,On or near King George'S Road,E01021464,Brentwood 004E,Anti-social behaviour,,
,2014-08,Essex Police,Essex Police,0.285357,51.636013,On or near Hazelwood Gardens,E01021464,Brentwood 004E,Anti-social behaviour,,
,2014-08,Essex Police,Essex Police,0.285594,51.634111,On or near Broomwood Gardens,E01021464,Brentwood 004E,Anti-social behaviour,,
e07dacf525c46086adf4a1214b34e770e494e895dd49e0016ce6a171c02634cd,2014-08,Essex Police,Essex Police,0.290109,51.632224,On or near Windsor Road,E01021464,Brentwood 004E,Criminal damage and arson,Investigation complete; no suspect identified,
5d27009523bf320afa3b4a8b19b4835505329dfcecf05a8559c250f16fefd5d8,2014-08,Essex Police,Essex Police,0.288966,51.632202,On or near Petrol Station,E01021464,Brentwood 004E,Shoplifting,Under investigation,
cc8ebfb84a0a51aa62a45cb6d9df91aa53f003837983b6736b564c1ed5a945ad,2014-08,Essex Police,Essex Police,0.286071,51.635549,On or near Larchwood Gardens,E01021464,Brentwood 004E,Violence and sexual offences,Unable to prosecute suspect,
e0cb137d854dfa71f07b6432fbd57ed1e19b7323d2c8f7303772370be2a26713,2014-08,Essex Police,Essex Police,0.288171,51.633917,On or near Marlborough Road,E01021464,Brentwood 004E,Violence and sexual offences,Under investigation,
617c08e5127f8019cd7b9d6bd8ed8a25cb7222e743c344a130654f15a3ca3cf5,2014-08,Essex Police,Essex Police,0.345705,51.626423,On or near Lyndhurst Way,E01021447,Brentwood 005A,Other crime,Under investigation,
,2014-08,Essex Police,Essex Police,0.344670,51.634376,On or near Felstead Close,E01021453,Brentwood 005B,Anti-social behaviour,,
,2014-08,Essex Police,Essex Police,0.345422,51.634945,On or near Barnston Way,E01021453,Brentwood 005B,Anti-social behaviour,,
,2014-08,Essex Police,Essex Police,0.345326,51.637573,On or near Graham Close,E01021453,Brentwood 005B,Anti-social behaviour,,
,2014-08,Essex Police,Essex Police,0.345326,51.637573,On or near Graham Close,E01021453,Brentwood 005B,Anti-social behaviour,,
e5a3468fa652dca38ea2c645d4003c3a34fa6ffad6a69c7564a3725eba1e2dc7,2014-08,Essex Police,Essex Police,0.345422,51.634945,On or near Barnston Way,E01021453,Brentwood 005B,Burglary,Under investigation,
f33349809ac1be31dd22f40bb3e06e1edc5b51f03c78aab5e5d282d16438a4e5,2014-08,Essex Police,Essex Police,0.343046,51.635109,On or near Langford Green,E01021453,Brentwood 005B,Burglary,Investigation complete; no suspect identified,
b1d468dfd2e6f275d5564a842d0824cd9d6a753bef1cff49efb57f7eece68f82,2014-08,Essex Police,Essex Police,0.344670,51.634376,On or near Felstead Close,E01021453,Brentwood 005B,Criminal damage and arson,Investigation complete; no suspect identified,
82c2f3b75b9ad5c38d537cca45a3f6f0d894cde9b36b0ba461b615a32a11fd30,2014-08,Essex Police,Essex Police,0.345326,51.637573,On or near Graham Close,E01021453,Brentwood 005B,Vehicle crime,Investigation complete; no suspect identified,
2c8bf1215a2591caa09a083e3ead8e8b8c8bf5de10141f2e450c798838d9f40b,2014-08,Essex Police,Essex Police,0.343046,51.635109,On or near Langford Green,E01021453,Brentwood 005B,Violence and sexual offences,Unable to prosecute suspect,
,2014-08,Essex Police,Essex Police,0.330926,51.631259,On or near Hutton Road,E01021455,Brentwood 005C,Anti-social behaviour,,
,2014-08,Essex Police,Essex Police,0.327471,51.622496,On or near Princes Way,E01021455,Brentwood 005C,Anti-social behaviour,,
89b1c00e32e05645ceca22f8c863a7082a38430376b97f4c1f30f328787e07d6,2014-08,Essex Police,Essex Police,0.330385,51.630298,On or near Parking Area,E01021455,Brentwood 005C,Bicycle theft,Investigation complete; no suspect identified,
e8f64efb09d3779073d2923dca84530814155cdd0dee9b6f91ea8229ed546b30,2014-08,Essex Police,Essex Police,0.330385,51.630298,On or near Parking Area,E01021455,Brentwood 005C,Bicycle theft,Investigation complete; no suspect identified,
52d519a25c0b30eca369ab308167c8ba38706a0b08c92ae62c1fb1489e0c672a,2014-08,Essex Police,Essex Police,0.330926,51.631259,On or near Hutton Road,E01021455,Brentwood 005C,Bicycle theft,Investigation complete; no suspect identified,
1912162a39e4db92910fac4f75c5e8cb736995ab5951fee8260a767e90e3741a,2014-08,Essex Police,Essex Police,0.331452,51.622076,On or near Spurgate,E01021455,Brentwood 005C,Burglary,Investigation complete; no suspect identified,
0006e73000d0e895a448de937901a1e4bc4cbe53ac734515ee10aba023b73004,2014-08,Essex Police,Essex Police,0.333178,51.630935,On or near Willow Close,E01021455,Brentwood 005C,Vehicle crime,Under investigation,
e3cb68cc3d8af2fa8332d84e561c42f23b7438cfab916e15cba8171775af0b0c,2014-08,Essex Police,Essex Police,0.327471,51.622496,On or near Princes Way,E01021455,Brentwood 005C,Violence and sexual offences,Under investigation,
,2014-08,Essex Police,Essex Police,0.326407,51.625404,On or near Gordon Road,E01021465,Brentwood 005D,Anti-social behaviour,,
,2014-08,Essex Police,Essex Police,0.326042,51.629854,On or near Hutton Road,E01021465,Brentwood 005D,Anti-social behaviour,,
c31d17b8f952113034a5d7e057e57f69609e6ddcd68d8d60e2379d429e019c4f,2014-08,Essex Police,Essex Police,0.326042,51.629854,On or near Hutton Road,E01021465,Brentwood 005D,Bicycle theft,Investigation complete; no suspect identified,
dd1feaf79fbee47df1197205e3aa6db82c2257db32373d1854a889983a88415b,2014-08,Essex Police,Essex Police,0.326042,51.629854,On or near Hutton Road,E01021465,Brentwood 005D,Bicycle theft,Investigation complete; no suspect identified,
7a713987fcb193350cfdb913ac0457bb01b271003ec9f8ebe673dc7cd34af15a,2014-08,Essex Police,Essex Police,0.328649,51.630261,On or near Supermarket,E01021465,Brentwood 005D,Bicycle theft,Investigation complete; no suspect identified,
016882cee09fd6b45708e86b1ff076c087665b7ed6192e3a7093cf28f09f8688,2014-08,Essex Police,Essex Police,0.328663,51.630809,On or near Supermarket,E01021465,Brentwood 005D,Bicycle theft,Investigation complete; no suspect identified,
0408e14554b8665228cc3f936def930f9da6617cc4ab0af24ea5c468a168b94d,2014-08,Essex Police,Essex Police,0.325958,51.624829,On or near Woodway,E01021465,Brentwood 005D,Burglary,Under investigation,
6b34b945a2b48cdef0fd0259b3a2c469a43061636a1c0ee8cf7d8b566e445d38,2014-08,Essex Police,Essex Police,0.328649,51.630261,On or near Supermarket,E01021465,Brentwood 005D,Other theft,Investigation complete; no suspect identified,
b09cc199fc8f994916f09e4172ba3fb04230f117fdb574e3ad44ccf9a9e0165e,2014-08,Essex Police,Essex Police,0.319701,51.630753,On or near Sports/Recreation Area,E01021465,Brentwood 005D,Other theft,Investigation complete; no suspect identified,
8abd78fca31bb46762d13d4e7d9d85c3e1f4a0eb5f8e8cde407f2b73262a1329,2014-08,Essex Police,Essex Police,0.307564,51.635327,On or near Parking Area,E01021465,Brentwood 005D,Vehicle crime,Under investigation,
ff6a5ccf2d3397457ef25bbfe9f570d192a77730b0afaa97fe7f17dd25016328,2014-08,Essex Police,Essex Police,0.307564,51.635327,On or near Parking Area,E01021465,Brentwood 005D,Vehicle crime,Investigation complete; no suspect identified,
37a4786eaead86a0ac41a39b21468a31a36ed2c6eea6acb3cf7ba13e46f1a62d,2014-08,Essex Police,Essex Police,0.307564,51.635327,On or near Parking Area,E01021465,Brentwood 005D,Vehicle crime,Under investigation,
c794e3723ff86a1da5b2d927c0504208f9256a23a111d75d1f73fa2830325d30,2014-08,Essex Police,Essex Police,0.323461,51.623187,On or near Priest'S Lane,E01021466,Brentwood 005E,Bicycle theft,Investigation complete; no suspect identified,
a4cf053e2c884335e5e1d3a60ee5b3655f0af46f26fa0af92808028ef8ae293f,2014-08,Essex Police,Essex Police,0.316178,51.624006,On or near Crescent Drive,E01021466,Brentwood 005E,Burglary,Investigation complete; no suspect identified,
b15fa8ba6c7c3ea68362556c44f16e380c8d835befd1199985e4ad347cc0ea12,2014-08,Essex Police,Essex Police,0.319267,51.620267,On or near Glanthams Road,E01021466,Brentwood 005E,Other theft,Investigation complete; no suspect identified,
1ab294f285fdeee9d46f165a2f94d0f520e034c2873c8d93e593209f3d3b597d,2014-08,Essex Police,Essex Police,0.316178,51.624006,On or near Crescent Drive,E01021466,Brentwood 005E,Other theft,Investigation complete; no suspect identified,
5cda35b902e6e4edd94c4f5be52e18b86a602a6107f4690e8c98cc0d7f859520,2014-08,Essex Police,Essex Police,0.321673,51.628619,On or near York Road,E01021466,Brentwood 005E,Vehicle crime,Investigation complete; no suspect identified,
c2d990b9ded6fe77e2d3056264e076265e1c4b5c266c3ecdbac12a92d91282cc,2014-08,Essex Police,Essex Police,0.315909,51.628364,On or near Shenfield Place,E01021466,Brentwood 005E,Violence and sexual offences,Unable to prosecute suspect,
c8d318fc91329848a9bc91f739b21422ef810695adac15d9c8e67dc3dbcb0b99,2014-08,Essex Police,Essex Police,0.320719,51.617288,On or near Sports/Recreation Area,E01021466,Brentwood 005E,Violence and sexual offences,Unable to prosecute suspect,
48c64f5db93af01b7849e33b450a2502066430e7f720599ffad0dffd5c6575f3,2014-08,Essex Police,Essex Police,0.315909,51.628364,On or near Shenfield Place,E01021466,Brentwood 005E,Violence and sexual offences,Unable to prosecute suspect,
,2014-08,Essex Police,Essex Police,0.334081,51.637276,On or near Sports/Recreation Area,E01021467,Brentwood 005F,Anti-social behaviour,,
,2014-08,Essex Police,Essex Police,0.344899,51.645253,On or near Petrol Station,E01021467,Brentwood 005F,Anti-social behaviour,,
,2014-08,Essex Police,Essex Police,0.331680,51.633285,On or near Hunter Avenue,E01021467,Brentwood 005F,Anti-social behaviour,,
,2014-08,Essex Police,Essex Police,0.334081,51.637276,On or near Sports/Recreation Area,E01021467,Brentwood 005F,Anti-social behaviour,,
,2014-08,Essex Police,Essex Police,0.331110,51.636552,On or near Oliver Road,E01021467,Brentwood 005F,Anti-social behaviour,,
8e89205867a9d7b4c296ac5c57275aeada37305294958bf4ef10d8e8c2c78cb2,2014-08,Essex Police,Essex Police,0.331680,51.633285,On or near Hunter Avenue,E01021467,Brentwood 005F,Bicycle theft,Under investigation,
92d8bd84427660c81101f0f8109c88c19003a57d48789fbe12967e0624b74c11,2014-08,Essex Police,Essex Police,0.328116,51.636504,On or near St Mary'S Avenue,E01021467,Brentwood 005F,Burglary,Under investigation,
7cde3e9bcb8d8ee743a9b1dcebea9155b60f821286efcbcc7db2f5ec645beaeb,2014-08,Essex Police,Essex Police,0.344899,51.645253,On or near Petrol Station,E01021467,Brentwood 005F,Other theft,Under investigation,
1e17c14054f719c1b3acb79629345351988797c88d5e3ffb2af2420ce228ba7d,2014-08,Essex Police,Essex Police,0.344899,51.645253,On or near Petrol Station,E01021467,Brentwood 005F,Other theft,Under investigation,
58548fa89cd65361cb9de14385f4031e76694e2f95cf3e81542611306ae1072e,2014-08,Essex Police,Essex Police,0.344899,51.645253,On or near Petrol Station,E01021467,Brentwood 005F,Other theft,Under investigation,
6ca233430664cc1c8e69fdcd5130555749d74394a3acc42f4fe4f5fdc78ff45a,2014-08,Essex Police,Essex Police,0.343358,51.645931,On or near A1023,E01021467,Brentwood 005F,Vehicle crime,Investigation complete; no suspect identified,
,2014-08,Essex Police,Essex Police,0.276184,51.615022,On or near Talbrook,E01021438,Brentwood 006A,Anti-social behaviour,,
,2014-08,Essex Police,Essex Police,0.285607,51.618283,On or near Hive Close,E01021438,Brentwood 006A,Anti-social behaviour,,
,2014-08,Essex Police,Essex Police,0.289650,51.613654,On or near Kavanaghs Terrace,E01021438,Brentwood 006A,Anti-social behaviour,,
,2014-08,Essex Police,Essex Police,0.290865,51.616841,On or near Petrol Station,E01021438,Brentwood 006A,Anti-social behaviour,,
,2014-08,Essex Police,Essex Police,0.284827,51.613397,On or near Westwood Avenue,E01021438,Brentwood 006A,Anti-social behaviour,,
,2014-08,Essex Police,Essex Police,0.276184,51.615022,On or near Talbrook,E01021438,Brentwood 006A,Anti-social behaviour,,
96de2bbac9fbd506b0b95166aadfa5c99db23a17f556735a77f3df9804f411fc,2014-08,Essex Police,Essex Police,0.280636,51.615367,On or near Hillside Walk,E01021438,Brentwood 006A,Burglary,Under investigation,
ca0bc34df19b893fd5aa8b5d6e8441ceaf18f006b83f59eb63fc589ffcd4f3e8,2014-08,Essex Police,Essex Police,0.281123,51.619027,On or near A12,E01021438,Brentwood 006A,Burglary,Investigation complete; no suspect identified,
13b190943de8511e3bb06ae857200ea31510b214bee1bade0dc90da6137efa2c,2014-08,Essex Police,Essex Police,0.286401,51.613960,On or near Manor Way,E01021438,Brentwood 006A,Criminal damage and arson,Investigation complete; no suspect identified,
2ebeb91a43707578c9ca045a48980aeeb899a21bad953848b888c7f3b30c5e7b,2014-08,Essex Police,Essex Police,0.290865,51.616841,On or near Petrol Station,E01021438,Brentwood 006A,Other theft,Under investigation,
d37ee3b5d49275f9e9b5cc72fc32cf34257bfe50d17d1ccaaccb923167947631,2014-08,Essex Police,Essex Police,0.290865,51.616841,On or near Petrol Station,E01021438,Brentwood 006A,Shoplifting,Offender given a caution,
7e783079df07ac742f023346c20de9427dd7a552fd27b308b5f7445f2ed88ce2,2014-08,Essex Police,Essex Police,0.290865,51.616841,On or near Petrol Station,E01021438,Brentwood 006A,Shoplifting,Under investigation,
f6d3a91ac8a7f0763b171c36dba2ed1d976363482046ebf37329fcdbb316ab20,2014-08,Essex Police,Essex Police,0.290865,51.616841,On or near Petrol Station,E01021438,Brentwood 006A,Shoplifting,Under investigation,
73714ebc62d8e8d4ccdd14317c213319936bb1096c3cb4a613f854300cc73e44,2014-08,Essex Police,Essex Police,0.282786,51.616189,On or near South Weald Road,E01021438,Brentwood 006A,Other crime,Awaiting court outcome,
,2014-08,Essex Police,Essex Police,0.297242,51.638983,On or near Marconi Gardens,E01021462,Brentwood 006B,Anti-social behaviour,,
,2014-08,Essex Police,Essex Police,0.295638,51.639841,On or near Beads Hall Lane,E01021462,Brentwood 006B,Anti-social behaviour,,
6e52e4729fecb9ae7fcf6d5e8c004836cc7e5e56ab533275002bef4d45f6e063,2014-08,Essex Police,Essex Police,0.284952,51.639168,On or near Catherine Close,E01021462,Brentwood 006B,Burglary,Investigation complete; no suspect identified,
5133631344821998914c0ee4923dbadb6fb37d00e9a05c4e09240cc0d220f1a3,2014-08,Essex Police,Essex Police,0.288595,51.639178,On or near Lascelles Close,E01021462,Brentwood 006B,Criminal damage and arson,Investigation complete; no suspect identified,
91a1384adf6103ad19a0ddfe48be63fd8da1d3258d36bbc9b14ed9c9641f2b6d,2014-08,Essex Police,Essex Police,0.297238,51.635179,On or near Parking Area,E01021462,Brentwood 006B,Public order,Under investigation,
b2d7c2f1aae8be9d0b631e995619f61a20ef763d6c7e5cc66d439de5bd5cbb64,2014-08,Essex Police,Essex Police,0.294788,51.639336,On or near Alderton Close,E01021462,Brentwood 006B,Vehicle crime,Investigation complete; no suspect identified,
e7cf02940bd0d8489fded2b838a73df78d5802f9915792c50cb7736a0758e50d,2014-08,Essex Police,Essex Police,0.295596,51.638439,On or near Lilac Close,E01021462,Brentwood 006B,Other crime,Unable to prosecute suspect,
,2014-08,Essex Police,Essex Police,0.264638,51.648591,On or near Mores Lane,E01021463,Brentwood 006C,Anti-social behaviour,,
,2014-08,Essex Police,Essex Police,0.286191,51.637076,On or near Maizey Court,E01021463,Brentwood 006C,Anti-social behaviour,,
63576488de17ff924c3db2c715e1d7cf1ce257050ba3c7b8b5ae6950b5c98f43,2014-08,Essex Police,Essex Police,0.279750,51.638325,On or near Georges Drive,E01021463,Brentwood 006C,Bicycle theft,Investigation complete; no suspect identified,
870170ded1fb2b52dac80079489c468ee139f5a804d9dc56057791cf2bf67484,2014-08,Essex Police,Essex Police,0.267734,51.654997,On or near Frog Street,E01021463,Brentwood 006C,Burglary,Under investigation,
aaf97a8558bbffe6f1da1e0e28e34bb17f152cb96b866138d4d3f528d00a4f98,2014-08,Essex Police,Essex Police,0.267734,51.654997,On or near Frog Street,E01021463,Brentwood 006C,Burglary,Under investigation,
2624de56de1e8000cb9fed460568deabb581e00c5829953419290395f926f773,2014-08,Essex Police,Essex Police,0.286191,51.637076,On or near Maizey Court,E01021463,Brentwood 006C,Burglary,Under investigation,
e3d8e372aac8dc40a0d8f4489ec6e2cdf271eced85d6974e38f75659a1751ccc,2014-08,Essex Police,Essex Police,0.284097,51.641128,On or near Crow Green Road,E01021463,Brentwood 006C,Burglary,Under investigation,
39552f2fd5779c3e7388a2f011b00c0f0cb52f58110a96681193cdfc4281ec1a,2014-08,Essex Police,Essex Police,0.267734,51.654997,On or near Frog Street,E01021463,Brentwood 006C,Burglary,Under investigation,
edfb5edb4cdaecf81a92d535a3dc780fc93b438508d2628d5fe67e7a09e14183,2014-08,Essex Police,Essex Police,0.285041,51.637773,On or near Priory Close,E01021463,Brentwood 006C,Burglary,Under investigation,
1e538e550692357e775d92c871ea5442b5d079eb589ea05d81954da4eab4a8e9,2014-08,Essex Police,Essex Police,0.286977,51.644651,On or near Days Lane,E01021463,Brentwood 006C,Criminal damage and arson,Investigation complete; no suspect identified,
b3f32c2393cb2ce1c92851acd73b4ebb137404fd46c51a93a9b499c8b74786e6,2014-08,Essex Police,Essex Police,0.279622,51.639524,On or near Ash Close,E01021463,Brentwood 006C,Violence and sexual offences,Unable to prosecute suspect,
b8e6913bc179261ff9e31f35c541794d515668e439d63ea964539002f43b4986,2014-08,Essex Police,Essex Police,0.284557,51.637063,On or near Danes Way,E01021463,Brentwood 006C,Violence and sexual offences,Unable to prosecute suspect,
3284fad82af974eac6536b98914af77027b777136b8cb627e43c5cb33889b45a,2014-08,Essex Police,Essex Police,0.273726,51.648190,On or near Ashwells Road,E01021463,Brentwood 006C,Violence and sexual offences,Unable to prosecute suspect,
02a9fc533e3634c89033caed527a59e36434b7d7524d9d6eb59d20e99a1e0b9d,2014-08,Essex Police,Essex Police,0.286977,51.644651,On or near Days Lane,E01021463,Brentwood 006C,Violence and sexual offences,Under investigation,
,2014-08,Essex Police,Essex Police,0.240427,51.640126,On or near Sports/Recreation Area,E01021468,Brentwood 006D,Anti-social behaviour,,
,2014-08,Essex Police,Essex Police,0.249467,51.628883,On or near Park/Open Space,E01021468,Brentwood 006D,Anti-social behaviour,,
,2014-08,Essex Police,Essex Police,0.273008,51.612467,On or near Tern Way,E01021468,Brentwood 006D,Anti-social behaviour,,
,2014-08,Essex Police,Essex Police,0.264850,51.609036,On or near Petrol Station,E01021468,Brentwood 006D,Anti-social behaviour,,
,2014-08,Essex Police,Essex Police,0.271749,51.612122,On or near Wingrave Crescent,E01021468,Brentwood 006D,Anti-social behaviour,,
79f449b90b29df75a73c5071d3ecd245bafead07a0cb30a33a77abce808a7c3b,2014-08,Essex Police,Essex Police,0.264387,51.638901,On or near Park Lane,E01021468,Brentwood 006D,Burglary,Under investigation,
950b926e86e29c0c97179380068a56b32a649bc619b0cb687ae5fdd92d3b4882,2014-08,Essex Police,Essex Police,0.240906,51.641627,On or near Dytchleys Lane,E01021468,Brentwood 006D,Burglary,Under investigation,
38ee7f76d185d31f7bff93b0de72f4a755462115212606e97e602a2d745d229d,2014-08,Essex Police,Essex Police,0.264840,51.623920,On or near Parking Area,E01021468,Brentwood 006D,Burglary,Under investigation,
db9eebf3804d5802fd721c73a2f9937e202d119092c439e2707596641e1da32d,2014-08,Essex Police,Essex Police,0.277548,51.613413,On or near Jasons Close,E01021468,Brentwood 006D,Criminal damage and arson,Investigation complete; no suspect identified,
ec5302ffc7420787ccc6c785048fdf56fac6fedbde8d066a5c29207ca7476926,2014-08,Essex Police,Essex Police,0.264850,51.609036,On or near Petrol Station,E01021468,Brentwood 006D,Criminal damage and arson,Investigation complete; no suspect identified,
ea4cac88b742c90743414ac023bcadcd31411d62fdf86bdcbbf60ee11eee34a6,2014-08,Essex Police,Essex Police,0.264850,51.609036,On or near Petrol Station,E01021468,Brentwood 006D,Drugs,Offender given penalty notice,
4be07628edaa0384d4f84bef20c9b9caa47c20b2a969ad975b7813bb4a03098b,2014-08,Essex Police,Essex Police,0.264850,51.609036,On or near Petrol Station,E01021468,Brentwood 006D,Other theft,Investigation complete; no suspect identified,
9b187657bdce895b240f099417e48846ef8bf754e75e8f80bb13b300428aa0c0,2014-08,Essex Police,Essex Police,0.264850,51.609036,On or near Petrol Station,E01021468,Brentwood 006D,Other theft,Under investigation,
6d3bd16428099a08b3376f0b388ec1702d508f4763eeff95315cf9b41b4a7773,2014-08,Essex Police,Essex Police,0.288081,51.628118,On or near Parking Area,E01021468,Brentwood 006D,Other theft,Investigation complete; no suspect identified,
7b22165ef63f6ec2ff5114a0945a92c7d1c1822e612ce7a06da38ac59813c3ed,2014-08,Essex Police,Essex Police,0.272375,51.639691,On or near Bellhouse Lane,E01021468,Brentwood 006D,Other theft,Under investigation,
28b7ec001440ca2cf64465bfd8e41d0bb955f7b02f92147830dc7c9221e9237b,2014-08,Essex Police,Essex Police,0.264850,51.609036,On or near Petrol Station,E01021468,Brentwood 006D,Other theft,Under investigation,
c928729e512f3b83c88a7a15a57958bedec78b2c46d1628c381cf0a518d274b2,2014-08,Essex Police,Essex Police,0.264850,51.609036,On or near Petrol Station,E01021468,Brentwood 006D,Other theft,Under investigation,
8e9325006a56ef7a58f148cfe644e8285ea0ffad2b5746d37a80525e4b477ab2,2014-08,Essex Police,Essex Police,0.264850,51.609036,On or near Petrol Station,E01021468,Brentwood 006D,Other theft,Under investigation,
f446f9f5566c7a9cfbe71bd7edb72e201ce9bb5ae6ad2db2e90bfda4f63be003,2014-08,Essex Police,Essex Police,0.264850,51.609036,On or near Petrol Station,E01021468,Brentwood 006D,Other theft,Under investigation,
04186d4bd51996507a672bc2ec16700329b1a4d22ee8620b3b76d20af2071534,2014-08,Essex Police,Essex Police,0.264850,51.609036,On or near Petrol Station,E01021468,Brentwood 006D,Other theft,Under investigation,
9b656f4256fa663db6602622165d3017c018bd949541d7716caf64d725d7d6df,2014-08,Essex Police,Essex Police,0.278704,51.612266,On or near Lilley Close,E01021468,Brentwood 006D,Vehicle crime,Investigation complete; no suspect identified,
fd378bf23515226e16f1746d1034324eacf6923330129172035b8fa788af50f0,2014-08,Essex Police,Essex Police,0.281550,51.612274,On or near Lindsey Close,E01021468,Brentwood 006D,Vehicle crime,Under investigation,
bb2853f2626412dc4c915208572d11d9eb2b94adf85cfaa566bb098ec79f2e13,2014-08,Essex Police,Essex Police,0.264850,51.609036,On or near Petrol Station,E01021468,Brentwood 006D,Vehicle crime,Investigation complete; no suspect identified,
8d39feb0126aabe1fb0f93a267b5aa5ad7dc1e93c641ee3668899c61b787b61d,2014-08,Essex Police,Essex Police,0.264850,51.609036,On or near Petrol Station,E01021468,Brentwood 006D,Vehicle crime,Investigation complete; no suspect identified,
b7ddb960a71424f5018dca7c274ecb6904291d27798c4a590fefb3b231c9a695,2014-08,Essex Police,Essex Police,0.261489,51.644281,On or near Mores Lane,E01021468,Brentwood 006D,Vehicle crime,Investigation complete; no suspect identified,
a90e968e35666fca52761fce28bab33848c98d93eae3289001dbbfce74e13647,2014-08,Essex Police,Essex Police,0.271749,51.612122,On or near Wingrave Crescent,E01021468,Brentwood 006D,Violence and sexual offences,Under investigation,
,2014-08,Essex Police,Essex Police,0.298707,51.625375,On or near Geary Drive,E01021433,Brentwood 007A,Anti-social behaviour,,
,2014-08,Essex Police,Essex Police,0.302207,51.620297,On or near High Street,E01021433,Brentwood 007A,Anti-social behaviour,,
,2014-08,Essex Police,Essex Police,0.301804,51.622040,On or near William Hunter Way,E01021433,Brentwood 007A,Anti-social behaviour,,
,2014-08,Essex Police,Essex Police,0.301758,51.622842,On or near North Road,E01021433,Brentwood 007A,Anti-social behaviour,,
,2014-08,Essex Police,Essex Police,0.301804,51.622040,On or near William Hunter Way,E01021433,Brentwood 007A,Anti-social behaviour,,
,2014-08,Essex Police,Essex Police,0.300897,51.620394,On or near Further/Higher Educational Building,E01021433,Brentwood 007A,Anti-social behaviour,,
,2014-08,Essex Police,Essex Police,0.302207,51.620297,On or near High Street,E01021433,Brentwood 007A,Anti-social behaviour,,
,2014-08,Essex Police,Essex Police,0.302207,51.620297,On or near High Street,E01021433,Brentwood 007A,Anti-social behaviour,,
,2014-08,Essex Police,Essex Police,0.298707,51.625375,On or near Geary Drive,E01021433,Brentwood 007A,Anti-social behaviour,,
,2014-08,Essex Police,Essex Police,0.302207,51.620297,On or near High Street,E01021433,Brentwood 007A,Anti-social behaviour,,
,2014-08,Essex Police,Essex Police,0.302207,51.620297,On or near High Street,E01021433,Brentwood 007A,Anti-social behaviour,,
76aa923a80e7f59aafcf26709ac6e89eadc97d31a87078ea43f6302fd3af4e84,2014-08,Essex Police,Essex Police,0.301804,51.622040,On or near William Hunter Way,E01021433,Brentwood 007A,Bicycle theft,Investigation complete; no suspect identified,
c1c004491232f38dff82aff0c2c421270f35d8202b12677dc55325726c89ab87,2014-08,Essex Police,Essex Police,0.301903,51.623432,On or near Wellesley Road,E01021433,Brentwood 007A,Burglary,Investigation complete; no suspect identified,
cd9c4832972a9e498f81a975b347eae52c035b74bdb87f6599021f3dca730694,2014-08,Essex Police,Essex Police,0.303257,51.621059,On or near Shopping Area,E01021433,Brentwood 007A,Burglary,Under investigation,
1f9804797cdc62859bcfd059f6bab482088636c858672b98b97b1f97183d3ce0,2014-08,Essex Police,Essex Police,0.305190,51.622145,On or near Nightclub,E01021433,Brentwood 007A,Criminal damage and arson,Under investigation,
7c89a8ebfb06edc375abfcf333290f45803dbc00b098247ab35cc231663642a8,2014-08,Essex Police,Essex Police,0.300242,51.620299,On or near Nightclub,E01021433,Brentwood 007A,Criminal damage and arson,Awaiting court outcome,
884770f58da1ad273dceb28b514bd2ef66e6db9a80edd3b941a00d82292f993e,2014-08,Essex Police,Essex Police,0.300242,51.620299,On or near Nightclub,E01021433,Brentwood 007A,Criminal damage and arson,Awaiting court outcome,
5e7af27965e7b107c6ec69bb30f1728a88dc03622348408c4b689b262fdb84c4,2014-08,Essex Police,Essex Police,0.300242,51.620299,On or near Nightclub,E01021433,Brentwood 007A,Other theft,Under investigation,
9ac0d1a43ce8423b96c7114c9381ebc1f9126ac35836d8ffba11ca16040aceb6,2014-08,Essex Police,Essex Police,0.300242,51.620299,On or near Nightclub,E01021433,Brentwood 007A,Other theft,Under investigation,
f1698709211d61830cce693142f2e7aa29c7706a038a36c07cd286c29ae81e8f,2014-08,Essex Police,Essex Police,0.305713,51.621352,On or near High Street,E01021433,Brentwood 007A,Other theft,Under investigation,
d3aa51d26e0b59dbec3d36c43a403eda22bbbc31379eb736128102c10fe4f355,2014-08,Essex Police,Essex Police,0.303257,51.621059,On or near Shopping Area,E01021433,Brentwood 007A,Other theft,Under investigation,
e3c5374be6d035ad6b57bd67249b65f91f7efb86f360b08cbd682e88325998be,2014-08,Essex Police,Essex Police,0.302207,51.620297,On or near High Street,E01021433,Brentwood 007A,Other theft,Investigation complete; no suspect identified,
88c718f3bdb4e65a28c78e2aa4b53f6766c673aa65111ffcaa261145c1dfc431,2014-08,Essex Police,Essex Police,0.300242,51.620299,On or near Nightclub,E01021433,Brentwood 007A,Other theft,Investigation complete; no suspect identified,
2dda40d31f860892f25365531c0781972fea21cc3b7b3b15f6e1671b1e5510c5,2014-08,Essex Police,Essex Police,0.302207,51.620297,On or near High Street,E01021433,Brentwood 007A,Other theft,Investigation complete; no suspect identified,
310526728cd6c455ff4607f62988d6d399acd6e311e02387b81686a38e6b1d99,2014-08,Essex Police,Essex Police,0.300242,51.620299,On or near Nightclub,E01021433,Brentwood 007A,Public order,Awaiting court outcome,
6d9f0a09706c77ca516bdbd95d555336919d40bc87056dea30ea5c6d784e0070,2014-08,Essex Police,Essex Police,0.302207,51.620297,On or near High Street,E01021433,Brentwood 007A,Public order,Investigation complete; no suspect identified,
fcf9f589931358190b83cfb2d4c50bcebff01485bc9516ab06bce846bd1a96f7,2014-08,Essex Police,Essex Police,0.302207,51.620297,On or near High Street,E01021433,Brentwood 007A,Shoplifting,Awaiting court outcome,
6109bbceb673bb17c5470647c61a451c699321b23645eab305b2392991b51b08,2014-08,Essex Police,Essex Police,0.301164,51.620236,On or near Bank Place,E01021433,Brentwood 007A,Shoplifting,Under investigation,
8f5d606d253169cafb24317380da89a1cce54b1c21953921265bdc94022b8719,2014-08,Essex Police,Essex Police,0.302207,51.620297,On or near High Street,E01021433,Brentwood 007A,Shoplifting,Under investigation,
ca7170666bb540b2770d446baf2203bbeed67ec7f14c4cabf9bb75d3074dba29,2014-08,Essex Police,Essex Police,0.303257,51.621059,On or near Shopping Area,E01021433,Brentwood 007A,Shoplifting,Under investigation,
46418864fd36383c3d40016ef629354dff90c37c42c28853554aad745c5d576e,2014-08,Essex Police,Essex Police,0.303257,51.621059,On or near Shopping Area,E01021433,Brentwood 007A,Shoplifting,Investigation complete; no suspect identified,
f2d9791760e0e23824c1175c570b863c80fce6ebe5992ee1376fb7fdc45ffe4f,2014-08,Essex Police,Essex Police,0.302207,51.620297,On or near High Street,E01021433,Brentwood 007A,Shoplifting,Awaiting court outcome,
ff446ea82ba9a900d59c8893994f296594f9da0927363bfe109deae1b3b6f150,2014-08,Essex Police,Essex Police,0.302207,51.620297,On or near High Street,E01021433,Brentwood 007A,Shoplifting,Under investigation,
d88fdbf4943d8bcd9de361eba3077dddde4470319dfd3814fa5f30ccddbbac92,2014-08,Essex Police,Essex Police,0.301804,51.622040,On or near William Hunter Way,E01021433,Brentwood 007A,Theft from the person,Investigation complete; no suspect identified,
1f9c128eadf45faecd9addba69eeb770014faa57d62d9ffb1af65713555e226a,2014-08,Essex Police,Essex Police,0.300242,51.620299,On or near Nightclub,E01021433,Brentwood 007A,Violence and sexual offences,Under investigation,
4bd64a62ea9011dc7f135c091bbfd4b801cf44d9772fd00c36c1871e615a215e,2014-08,Essex Police,Essex Police,0.299044,51.621168,On or near Western Road,E01021433,Brentwood 007A,Violence and sexual offences,Unable to prosecute suspect,
067a564b51b23f677ad082af02ac7da1534e0b8ef4dd0adcbbae84a79ea41376,2014-08,Essex Police,Essex Police,0.301164,51.620236,On or near Bank Place,E01021433,Brentwood 007A,Violence and sexual offences,Unable to prosecute suspect,
25aed7cb20e05ad5dda5a34e5081594c8844e37f7a0b424c5d4985d2c1fc1ca1,2014-08,Essex Police,Essex Police,0.300242,51.620299,On or near Nightclub,E01021433,Brentwood 007A,Violence and sexual offences,Awaiting court outcome,
d53aabfff31180e055cc96c7c7080133d35d3a81c89be1d68666a22c793079b0,2014-08,Essex Police,Essex Police,0.300242,51.620299,On or near Nightclub,E01021433,Brentwood 007A,Violence and sexual offences,Awaiting court outcome,
3d3566e70e1e880db64c0b2bd1d91008213555ced655088d4efc703d33076273,2014-08,Essex Police,Essex Police,0.302207,51.620297,On or near High Street,E01021433,Brentwood 007A,Violence and sexual offences,Under investigation,
4908a4dea860427a0ec70d3ad74d9e4eec5d3bbb0476aa1b4ffcbc874b5e4379,2014-08,Essex Police,Essex Police,0.302207,51.620297,On or near High Street,E01021433,Brentwood 007A,Violence and sexual offences,Awaiting court outcome,
,2014-08,Essex Police,Essex Police,0.303356,51.618458,On or near Coptfold Road,E01021436,Brentwood 007B,Anti-social behaviour,,
,2014-08,Essex Police,Essex Police,0.303356,51.618458,On or near Coptfold Road,E01021436,Brentwood 007B,Anti-social behaviour,,
,2014-08,Essex Police,Essex Police,0.299223,51.619294,On or near Hart Street,E01021436,Brentwood 007B,Anti-social behaviour,,
,2014-08,Essex Police,Essex Police,0.300264,51.613878,On or near Alexandra Road,E01021436,Brentwood 007B,Anti-social behaviour,,
,2014-08,Essex Police,Essex Police,0.303356,51.618458,On or near Coptfold Road,E01021436,Brentwood 007B,Anti-social behaviour,,
,2014-08,Essex Police,Essex Police,0.299706,51.619123,On or near Parking Area,E01021436,Brentwood 007B,Anti-social behaviour,,
,2014-08,Essex Police,Essex Police,0.302861,51.618656,On or near New Road,E01021436,Brentwood 007B,Anti-social behaviour,,
,2014-08,Essex Police,Essex Police,0.303827,51.619195,On or near Alfred Road,E01021436,Brentwood 007B,Anti-social behaviour,,
,2014-08,Essex Police,Essex Police,0.300264,51.613878,On or near Alexandra Road,E01021436,Brentwood 007B,Anti-social behaviour,,
6c239c823f4ad79b964081b403333b1db7c65c428425051abf32842be383c5af,2014-08,Essex Police,Essex Police,0.299171,51.617110,On or near King'S Road,E01021436,Brentwood 007B,Criminal damage and arson,Under investigation,
e8a35577afbde2c41bcec3b1137a7e0da382c5680d603a4acef354ade22740a9,2014-08,Essex Police,Essex Police,0.307382,51.618945,On or near Parking Area,E01021436,Brentwood 007B,Criminal damage and arson,Under investigation,
c9ca665e64ce4b5417980188f2267ea694bc743b9b51c5291e6eff990bf4342a,2014-08,Essex Police,Essex Police,0.303360,51.620247,On or near Supermarket,E01021436,Brentwood 007B,Criminal damage and arson,Investigation complete; no suspect identified,
4bdba41cae92f0d996b01e3dcec64e8c492fb957df2f25eaecef88222322869b,2014-08,Essex Police,Essex Police,0.304501,51.619946,On or near St Thomas Road,E01021436,Brentwood 007B,Criminal damage and arson,Investigation complete; no suspect identified,
e8489aef16e54aca054d94949fdf740624bc9d0165ccd9284d92285c912d8ba6,2014-08,Essex Police,Essex Police,0.299223,51.619294,On or near Hart Street,E01021436,Brentwood 007B,Other theft,Investigation complete; no suspect identified,
8a6a981af1df8a39c898ad2abfd35b3f45378942e8af305ce6c8a1d513562839,2014-08,Essex Police,Essex Police,0.303360,51.620247,On or near Supermarket,E01021436,Brentwood 007B,Other theft,Offender given a caution,
fc1e0fdccfaea9eb661611f71ac9bb8353c54c66d7f6bcd31fbe96974326955c,2014-08,Essex Police,Essex Police,0.299223,51.619294,On or near Hart Street,E01021436,Brentwood 007B,Other theft,Investigation complete; no suspect identified,
5727bd7f8f8a9369022a5fa6afb1edbbf2bfad02fe2f2c185f6f07f1c0afdd60,2014-08,Essex Police,Essex Police,0.304262,51.620364,On or near Moores Place,E01021436,Brentwood 007B,Other theft,Investigation complete; no suspect identified,
3bea7c52f69d5d40be3a7305c56aaf17accdf748608fc2aafac0b39d8dc27dd1,2014-08,Essex Police,Essex Police,0.305652,51.621290,On or near High Street,E01021436,Brentwood 007B,Other theft,Under investigation,
1b45a6b59ea6052dd6f3b3778cf604292a8b430f08d4bd0ed8d7c3703b7b9e40,2014-08,Essex Police,Essex Police,0.303360,51.620247,On or near Supermarket,E01021436,Brentwood 007B,Shoplifting,Under investigation,
d8fd46dd775e4a64baa219c7e4c8c4d334da8914deec82bcfc85762f45c579fe,2014-08,Essex Police,Essex Police,0.304262,51.620364,On or near Moores Place,E01021436,Brentwood 007B,Shoplifting,Offender given community sentence,
6fc5a294ec25b375b9c89c63bb06ee3be34360a8e73eadd878e4e507dd3d1646,2014-08,Essex Police,Essex Police,0.303360,51.620247,On or near Supermarket,E01021436,Brentwood 007B,Theft from the person,Under investigation,
c4e65d8a773008d65c084c5447049e95d4dab708d16584c5e0604a77c9d76d6a,2014-08,Essex Police,Essex Police,0.299171,51.617110,On or near King'S Road,E01021436,Brentwood 007B,Vehicle crime,Investigation complete; no suspect identified,
f7db04942c68af31962db871167919c5681973cf22e0b093112f235228058ae3,2014-08,Essex Police,Essex Police,0.301128,51.615534,On or near Gresham Close,E01021436,Brentwood 007B,Vehicle crime,Investigation complete; no suspect identified,
2f95834a6b1332885e2b1415f76f4777160df2c6ad7881a776b3e8b05c651881,2014-08,Essex Police,Essex Police,0.303360,51.620247,On or near Supermarket,E01021436,Brentwood 007B,Violence and sexual offences,Awaiting court outcome,
763e049406fe83bb57f4fca0da11af2ac064afec328d992c4b9cbfb103aebfec,2014-08,Essex Police,Essex Police,0.309379,51.619293,On or near Sports/Recreation Area,E01021436,Brentwood 007B,Violence and sexual offences,Unable to prosecute suspect,
2cf9f1f621dc2ae1597657fdb7dc3b70fcd9e9ab4fa6d9bd4aa6078249b383e1,2014-08,Essex Police,Essex Police,0.303360,51.620247,On or near Supermarket,E01021436,Brentwood 007B,Violence and sexual offences,Awaiting court outcome,
5d1711e521b175bafb3e5d69717535992fd945c7585ed7e17b96552fa46513dc,2014-08,Essex Police,Essex Police,0.303356,51.618458,On or near Coptfold Road,E01021436,Brentwood 007B,Violence and sexual offences,Under investigation,
3492bcb595ffc0d1e8b97edd5e08a690c17ca234a24c12a4805ed6fb0ec664f3,2014-08,Essex Police,Essex Police,0.303356,51.618458,On or near Coptfold Road,E01021436,Brentwood 007B,Violence and sexual offences,Investigation complete; no suspect identified,
ebfa15c52d76a38662d590f4783b4daae8642afd7c1eac257c176738924c842b,2014-08,Essex Police,Essex Police,0.299223,51.619294,On or near Hart Street,E01021436,Brentwood 007B,Violence and sexual offences,Awaiting court outcome,
1f270e0dc50171bf3a184f34c116fc5ef6156b62d84caea24f6d1ae8e84b0e6a,2014-08,Essex Police,Essex Police,0.301056,51.618674,On or near Crown Street,E01021436,Brentwood 007B,Violence and sexual offences,Under investigation,
,2014-08,Essex Police,Essex Police,0.298295,51.614645,On or near St James'S Road,E01021439,Brentwood 007C,Anti-social behaviour,,
,2014-08,Essex Police,Essex Police,0.297182,51.616061,On or near King'S Chase,E01021439,Brentwood 007C,Anti-social behaviour,,
,2014-08,Essex Police,Essex Police,0.295133,51.619824,On or near Sir Francis Way,E01021439,Brentwood 007C,Anti-social behaviour,,
,2014-08,Essex Police,Essex Police,0.294363,51.612006,On or near Sussex Road,E01021439,Brentwood 007C,Anti-social behaviour,,
,2014-08,Essex Police,Essex Police,0.296771,51.613919,On or near Parking Area,E01021439,Brentwood 007C,Anti-social behaviour,,
,2014-08,Essex Police,Essex Police,0.295409,51.612705,On or near Milton Road,E01021439,Brentwood 007C,Anti-social behaviour,,
,2014-08,Essex Police,Essex Police,0.297249,51.615394,On or near Chase Road,E01021439,Brentwood 007C,Anti-social behaviour,,
,2014-08,Essex Police,Essex Police,0.297249,51.615394,On or near Chase Road,E01021439,Brentwood 007C,Anti-social behaviour,,
,2014-08,Essex Police,Essex Police,0.297182,51.616061,On or near King'S Chase,E01021439,Brentwood 007C,Anti-social behaviour,,
,2014-08,Essex Police,Essex Police,0.295409,51.612705,On or near Milton Road,E01021439,Brentwood 007C,Anti-social behaviour,,
,2014-08,Essex Police,Essex Police,0.297249,51.615394,On or near Chase Road,E01021439,Brentwood 007C,Anti-social behaviour,,
cf94f5a013f78409d5b5f282163ceca9dd1dda4cedc76f99a019240e35eed05c,2014-08,Essex Police,Essex Police,0.297120,51.618832,On or near Parking Area,E01021439,Brentwood 007C,Criminal damage and arson,Investigation complete; no suspect identified,
cd3d5438c33fc56fe9e425ce3a9584f3a82f78690f47105cc0016c35980d2684,2014-08,Essex Police,Essex Police,0.296771,51.613919,On or near Parking Area,E01021439,Brentwood 007C,Criminal damage and arson,Awaiting court outcome,
29c3d8547436a49331895ce7fa3848ad5e785bc4840d34486b35dc5bd0209ebc,2014-08,Essex Police,Essex Police,0.296141,51.618896,On or near High Street,E01021439,Brentwood 007C,Criminal damage and arson,Investigation complete; no suspect identified,
8086abe38552b66472022e04a70451e2e5c5640643be4d4ba35f441537c8a086,2014-08,Essex Police,Essex Police,0.295133,51.619824,On or near Sir Francis Way,E01021439,Brentwood 007C,Other theft,Under investigation,
c3135b16ecd469e3cc450bf9c0515144f603abdbc21478968746b67156cdff46,2014-08,Essex Police,Essex Police,0.298295,51.614645,On or near St James'S Road,E01021439,Brentwood 007C,Vehicle crime,Investigation complete; no suspect identified,
36e37459ed9317b67dc8eae048ae2669bb1a2b2c86c7135d046a9f7f26e4755e,2014-08,Essex Police,Essex Police,0.299616,51.615339,On or near King'S Road,E01021439,Brentwood 007C,Violence and sexual offences,Under investigation,
f10e5813bcb4000bfb9ff5d160e413ccb7f673f5a2587340c07898097d848dda,2014-08,Essex Police,Essex Police,0.298295,51.614645,On or near St James'S Road,E01021439,Brentwood 007C,Violence and sexual offences,Awaiting court outcome,
e487d852be0dc8378dc26bc8dec0a04e6bfb7cdb76b00b043a6352d8534860ee,2014-08,Essex Police,Essex Police,0.298295,51.614645,On or near St James'S Road,E01021439,Brentwood 007C,Violence and sexual offences,Under investigation,
0354d3c49e2ec2ce38b7d4cd813f68698986a817a3eb3817042d514286c59e58,2014-08,Essex Police,Essex Police,0.296771,51.613919,On or near Parking Area,E01021439,Brentwood 007C,Other crime,Awaiting court outcome,
,2014-08,Essex Police,Essex Police,0.304220,51.608423,On or near Woodman Road,E01021475,Brentwood 007E,Anti-social behaviour,,
,2014-08,Essex Police,Essex Police,0.301822,51.608416,On or near Arbour Close,E01021475,Brentwood 007E,Anti-social behaviour,,
,2014-08,Essex Police,Essex Police,0.304220,51.608423,On or near Woodman Road,E01021475,Brentwood 007E,Anti-social behaviour,,
,2014-08,Essex Police,Essex Police,0.300936,51.611446,On or near Warley Mount,E01021475,Brentwood 007E,Anti-social behaviour,,
de3481ba1853f766d9b2d52053ca62ce8c26f512be47b7cad86391734f6482c8,2014-08,Essex Police,Essex Police,0.301776,51.610080,On or near Willowdene Court,E01021475,Brentwood 007E,Burglary,Under investigation,
f0ea14235fa1d70f528710cbdf5e286834a7e25943e6bcc3c8bcceed08c9a5c9,2014-08,Essex Police,Essex Police,0.299914,51.612095,On or near Avenue Road,E01021475,Brentwood 007E,Burglary,Under investigation,
344f07309df9920f0cbd1da87e7f93aa283eb7d58486a2db33c46337c13329db,2014-08,Essex Police,Essex Police,0.299687,51.609609,On or near Hamilton Crescent,E01021475,Brentwood 007E,Robbery,Under investigation,
6750e53883178d543a96300ab15cf1f803b3ef1c2980d37c8c113205343e6944,2014-08,Essex Police,Essex Police,0.302374,51.612191,On or near Cameron Close,E01021475,Brentwood 007E,Violence and sexual offences,Awaiting court outcome,
,2014-08,Essex Police,Essex Police,0.293180,51.614619,On or near Boardman Place,E01033063,Brentwood 007F,Anti-social behaviour,,
,2014-08,Essex Police,Essex Police,0.292065,51.608535,On or near Pastoral Way,E01033063,Brentwood 007F,Anti-social behaviour,,
,2014-08,Essex Police,Essex Police,0.292065,51.608535,On or near Pastoral Way,E01033063,Brentwood 007F,Anti-social behaviour,,
,2014-08,Essex Police,Essex Police,0.292065,51.608535,On or near Pastoral Way,E01033063,Brentwood 007F,Anti-social behaviour,,
,2014-08,Essex Police,Essex Police,0.293180,51.614619,On or near Boardman Place,E01033063,Brentwood 007F,Anti-social behaviour,,
b289cd7067f84c797098b200e7eddcd252080f1d1108f0f26de995ab80c2db8a,2014-08,Essex Police,Essex Police,0.293180,51.614619,On or near Boardman Place,E01033063,Brentwood 007F,Other theft,Investigation complete; no suspect identified,
0f5213c681d2a31eff30e45e1013ec2c1db477267bd4ffc08960e7ce288d4c04,2014-08,Essex Police,Essex Police,0.292065,51.608535,On or near Pastoral Way,E01033063,Brentwood 007F,Vehicle crime,Investigation complete; no suspect identified,
ebefc972c0018a70c192b891392026b99815fe1c45e7550aa83f427539165923,2014-08,Essex Police,Essex Police,0.293180,51.614619,On or near Boardman Place,E01033063,Brentwood 007F,Violence and sexual offences,Offender given a caution,
ff7e28c2ef11efc2c87040ba98f00cafab2fd16f934266f7471b7ea4650b4363,2014-08,Essex Police,Essex Police,0.293180,51.614619,On or near Boardman Place,E01033063,Brentwood 007F,Violence and sexual offences,Unable to prosecute suspect,
d87dcac289413789fc4a5470e8d4d936cb9bb68180185f01046466a4cec5581c,2014-08,Essex Police,Essex Police,0.290844,51.608379,On or near Vaughan Williams Way,E01033063,Brentwood 007F,Violence and sexual offences,Unable to prosecute suspect,
,2014-08,Essex Police,Essex Police,0.295032,51.610950,On or near Firsgrove Crescent,E01033064,Brentwood 007G,Anti-social behaviour,,
,2014-08,Essex Police,Essex Police,0.296504,51.610651,On or near Junction Road,E01033064,Brentwood 007G,Anti-social behaviour,,
,2014-08,Essex Police,Essex Police,0.292107,51.611088,On or near Potiphar Place,E01033064,Brentwood 007G,Anti-social behaviour,,
,2014-08,Essex Police,Essex Police,0.292107,51.611088,On or near Potiphar Place,E01033064,Brentwood 007G,Anti-social behaviour,,
8824245d14828e4cfae4830445581217e67cbd079d21e18839754ec71c0a55a1,2014-08,Essex Police,Essex Police,0.297884,51.609086,On or near Lorne Road,E01033064,Brentwood 007G,Criminal damage and arson,Investigation complete; no suspect identified,
b1009506ba03f20e8a667ae097f3bf468f0e519c4cd95586d68845e9623da83c,2014-08,Essex Police,Essex Police,0.292107,51.611088,On or near Potiphar Place,E01033064,Brentwood 007G,Criminal damage and arson,Investigation complete; no suspect identified,
d11948b428e0b115486334cca8c017f410de5a7f732cdd8a287f19f4678b5515,2014-08,Essex Police,Essex Police,0.297884,51.609086,On or near Lorne Road,E01033064,Brentwood 007G,Shoplifting,Under investigation,
68176f51f72a9a8a5c65b3f1b30554226972bf0fcc92b7ae0adf87eeaa2bcd08,2014-08,Essex Police,Essex Police,0.297884,51.609086,On or near Lorne Road,E01033064,Brentwood 007G,Vehicle crime,Investigation complete; no suspect identified,
,2014-08,Essex Police,Essex Police,0.322308,51.614460,On or near The Limes,E01021435,Brentwood 008A,Anti-social behaviour,,
,2014-08,Essex Police,Essex Police,0.325894,51.611421,On or near St Stephens Crescent,E01021435,Brentwood 008A,Anti-social behaviour,,
,2014-08,Essex Police,Essex Police,0.316575,51.613926,On or near The Birches,E01021435,Brentwood 008A,Anti-social behaviour,,
,2014-08,Essex Police,Essex Police,0.324930,51.614894,On or near Boleyn Gardens,E01021435,Brentwood 008A,Anti-social behaviour,,
,2014-08,Essex Police,Essex Police,0.309520,51.617518,On or near Park/Open Space,E01021435,Brentwood 008A,Anti-social behaviour,,
,2014-08,Essex Police,Essex Police,0.313760,51.617381,On or near Shenfield Crescent,E01021435,Brentwood 008A,Anti-social behaviour,,
,2014-08,Essex Police,Essex Police,0.313760,51.617381,On or near Shenfield Crescent,E01021435,Brentwood 008A,Anti-social behaviour,,
,2014-08,Essex Police,Essex Police,0.324930,51.614894,On or near Boleyn Gardens,E01021435,Brentwood 008A,Anti-social behaviour,,
,2014-08,Essex Police,Essex Police,0.325894,51.611421,On or near St Stephens Crescent,E01021435,Brentwood 008A,Anti-social behaviour,,
f74c11b797211104f40efcfff79cda62cc563a261e5b493636c9cdb1a9bfb6cb,2014-08,Essex Police,Essex Police,0.323682,51.610827,On or near Claire Close,E01021435,Brentwood 008A,Burglary,Under investigation,
10ab2addb6653d46e6fcbfb609dbacebb4d965118830867a676bef16f7a4dbdf,2014-08,Essex Police,Essex Police,0.316575,51.613926,On or near The Birches,E01021435,Brentwood 008A,Burglary,Investigation complete; no suspect identified,
2e968f230b9c66949dbf5fefc4cc2fb07f3556f0364b98f6d658b7928246e423,2014-08,Essex Police,Essex Police,0.325894,51.611421,On or near St Stephens Crescent,E01021435,Brentwood 008A,Burglary,Investigation complete; no suspect identified,
8bf39e54eb487a0d88b632f0646e781f6d33163abb7a3496556f3bf272fa9686,2014-08,Essex Police,Essex Police,0.316575,51.613926,On or near The Birches,E01021435,Brentwood 008A,Other theft,Investigation complete; no suspect identified,
6464574cfc67a1fe4df1d8ddae81ca21e717b180f2fed3d224d2d115038c92eb,2014-08,Essex Police,Essex Police,0.325894,51.611421,On or near St Stephens Crescent,E01021435,Brentwood 008A,Violence and sexual offences,Under investigation,
15ff03aca252780ed52f3c719de8ec3e5f89ec25c4b98cf098f064a4236db49e,2014-08,Essex Police,Essex Police,0.321708,51.613744,On or near Cherry Avenue,E01021435,Brentwood 008A,Violence and sexual offences,Under investigation,
e03b3c7537fc05b48f869f5d24246e7c60b7d8db2dbb7e9980e7382beac97840,2014-08,Essex Police,Essex Police,0.322308,51.614460,On or near The Limes,E01021435,Brentwood 008A,Violence and sexual offences,Under investigation,
f7022279ccfabaa6d048a2ee148004813901237c8e077785e3b9bf4a4f9af4eb,2014-08,Essex Police,Essex Police,0.322803,51.614828,On or near Beech Avenue,E01021435,Brentwood 008A,Violence and sexual offences,Unable to prosecute suspect,
,2014-08,Essex Police,Essex Police,0.329524,51.614047,On or near Norman Crescent,E01021437,Brentwood 008B,Anti-social behaviour,,
,2014-08,Essex Police,Essex Police,0.331632,51.613466,On or near Hornbeam Close,E01021437,Brentwood 008B,Anti-social behaviour,,
,2014-08,Essex Police,Essex Police,0.329169,51.614738,On or near Saxon Close,E01021437,Brentwood 008B,Anti-social behaviour,,
,2014-08,Essex Police,Essex Police,0.329550,51.612878,On or near Wingfield Close,E01021437,Brentwood 008B,Anti-social behaviour,,
,2014-08,Essex Police,Essex Police,0.323113,51.612978,On or near Oaktree Close,E01021437,Brentwood 008B,Anti-social behaviour,,
,2014-08,Essex Police,Essex Police,0.329169,51.614738,On or near Saxon Close,E01021437,Brentwood 008B,Anti-social behaviour,,
,2014-08,Essex Police,Essex Police,0.323113,51.612978,On or near Oaktree Close,E01021437,Brentwood 008B,Anti-social behaviour,,
,2014-08,Essex Police,Essex Police,0.329891,51.613033,On or near Pondfield Lane,E01021437,Brentwood 008B,Anti-social behaviour,,
,2014-08,Essex Police,Essex Police,0.326841,51.614415,On or near The Broad Walk (North),E01021437,Brentwood 008B,Anti-social behaviour,,
,2014-08,Essex Police,Essex Police,0.329891,51.613033,On or near Pondfield Lane,E01021437,Brentwood 008B,Anti-social behaviour,,
c7657326bedee36d011031718bc265759e1a92e25e1ef91c16a7103a9ff7a958,2014-08,Essex Police,Essex Police,0.326970,51.613262,On or near Vernon Crescent,E01021437,Brentwood 008B,Bicycle theft,Under investigation,
490c417868dd7762245306d41d5f55f288f8715ec10c085bf9471719bd22beed,2014-08,Essex Police,Essex Police,0.329169,51.614738,On or near Saxon Close,E01021437,Brentwood 008B,Criminal damage and arson,Investigation complete; no suspect identified,
d8615b9329a5b23acc3fb812ba933398bf18af65a70f6873b426376ea84107c1,2014-08,Essex Police,Essex Police,0.323113,51.612978,On or near Oaktree Close,E01021437,Brentwood 008B,Public order,Awaiting court outcome,
fe9f0c04bf857b996b8926351091bed1fa82318792ad67c9b644ba50060f49e3,2014-08,Essex Police,Essex Police,0.326841,51.614415,On or near The Broad Walk (North),E01021437,Brentwood 008B,Violence and sexual offences,Under investigation,
,2014-08,Essex Police,Essex Police,0.298832,51.601550,On or near Canterbury Way,E01021472,Brentwood 008C,Anti-social behaviour,,
,2014-08,Essex Police,Essex Police,0.298832,51.601550,On or near Canterbury Way,E01021472,Brentwood 008C,Anti-social behaviour,,
,2014-08,Essex Police,Essex Police,0.299874,51.605585,On or near Tyrell Rise,E01021472,Brentwood 008C,Anti-social behaviour,,
,2014-08,Essex Police,Essex Police,0.300076,51.606436,On or near Britannia Road,E01021472,Brentwood 008C,Anti-social behaviour,,
,2014-08,Essex Police,Essex Police,0.298832,51.601550,On or near Canterbury Way,E01021472,Brentwood 008C,Anti-social behaviour,,
,2014-08,Essex Police,Essex Police,0.297289,51.607030,On or near Warley Hill,E01021472,Brentwood 008C,Anti-social behaviour,,
08b87142eff6922a50d408dfc86e1f16b0a712d8153c7ce207f94b8e0f824580,2014-08,Essex Police,Essex Police,0.300076,51.606436,On or near Britannia Road,E01021472,Brentwood 008C,Burglary,Under investigation,
b509422b9f319e7af0a1c6bea95b07606497bd92ae33a2585f3c1847618b3c29,2014-08,Essex Police,Essex Police,0.298564,51.607391,On or near Nita Road,E01021472,Brentwood 008C,Burglary,Under investigation,
e08b7f6dc2ba5fffb641a42fba73b3bdf52c39426941cd3a7b87909d7c3d1700,2014-08,Essex Police,Essex Police,0.299874,51.605585,On or near Tyrell Rise,E01021472,Brentwood 008C,Criminal damage and arson,Investigation complete; no suspect identified,
6a556489eda8b10b20873adc73c8a4041b60eddd3090a45e2a90b59dd94e5455,2014-08,Essex Police,Essex Police,0.299874,51.605585,On or near Tyrell Rise,E01021472,Brentwood 008C,Criminal damage and arson,Under investigation,
3bfaa9e26eb08750dbd0844596deba69a5b3b4a5fbe6f52aaf984d40a5f7782f,2014-08,Essex Police,Essex Police,0.298562,51.605350,On or near Chindits Lane,E01021472,Brentwood 008C,Criminal damage and arson,Unable to prosecute suspect,
ee2146fce39f11c2008568eaf0cbc26e3eff4135d3c45fb539aac96ecb33476e,2014-08,Essex Police,Essex Police,0.295458,51.605950,On or near Water Tower Road,E01021472,Brentwood 008C,Other theft,Under investigation,
19f78ec147d16e54b10a205333a4c88e074d3ceaa5613516185aaf52baaeae5b,2014-08,Essex Police,Essex Police,0.299874,51.605585,On or near Tyrell Rise,E01021472,Brentwood 008C,Vehicle crime,Investigation complete; no suspect identified,
32ce5bd8c4b5def15f609b7cef253a21872defb1ef03da8e36eb9366e599b93d,2014-08,Essex Police,Essex Police,0.297816,51.602586,On or near Gibraltar Close,E01021472,Brentwood 008C,Vehicle crime,Investigation complete; no suspect identified,
e0ab14f3d400104d4d277ba94e5c81e6f98cb101e12e74a99b3c51b748e6bf92,2014-08,Essex Police,Essex Police,0.299874,51.605585,On or near Tyrell Rise,E01021472,Brentwood 008C,Violence and sexual offences,Awaiting court outcome,
,2014-08,Essex Police,Essex Police,0.313019,51.575227,On or near Petrol Station,E01021473,Brentwood 008D,Anti-social behaviour,,
,2014-08,Essex Police,Essex Police,0.295154,51.602494,On or near Flemings,E01021473,Brentwood 008D,Anti-social behaviour,,
,2014-08,Essex Police,Essex Police,0.300501,51.572272,On or near Church Lane,E01021473,Brentwood 008D,Anti-social behaviour,,
,2014-08,Essex Police,Essex Police,0.295171,51.579912,On or near Codham Hall Lane,E01021473,Brentwood 008D,Anti-social behaviour,,
,2014-08,Essex Police,Essex Police,0.297846,51.600607,On or near Becket Close,E01021473,Brentwood 008D,Anti-social behaviour,,
2b117ab8580622cb194fcbf88611ac87d97e2c9721fcb6d5cf754dea1aca9dfb,2014-08,Essex Police,Essex Police,0.322420,51.582991,On or near Childerditch Hall Drive,E01021473,Brentwood 008D,Burglary,Under investigation,
9c8d86ce0915ce95244d801dc043cc87434c60f9255452adb1adbcf8bb39fd2b,2014-08,Essex Police,Essex Police,0.295171,51.579912,On or near Codham Hall Lane,E01021473,Brentwood 008D,Burglary,Investigation complete; no suspect identified,
3b6a7822259c91438aa6f863809c3bc04af0c747b314dbcdfae1e92ecbf94258,2014-08,Essex Police,Essex Police,0.265807,51.602741,On or near Nag'S Head Lane,E01021473,Brentwood 008D,Burglary,Investigation complete; no suspect identified,
c580e08667855fb85b2cec9d69f3c818b9ad7cd998eef162abe9b7fb0b6bf2e1,2014-08,Essex Police,Essex Police,0.282314,51.590658,On or near Sports/Recreation Area,E01021473,Brentwood 008D,Criminal damage and arson,Under investigation,
e7ac0fef012820730e054e2ed70c228957eaaa23cd149b8bfc1d4c9f363bb0ec,2014-08,Essex Police,Essex Police,0.313019,51.575227,On or near Petrol Station,E01021473,Brentwood 008D,Other theft,Unable to prosecute suspect,
b77be07157b6101d18bd16819a764dfbe15820e47a1ce04b8007dbd4f1389cc2,2014-08,Essex Police,Essex Police,0.295171,51.579912,On or near Codham Hall Lane,E01021473,Brentwood 008D,Other theft,Under investigation,
d7d602054e57e1ab1a4b19394554ae6819bcf4fc7e28fe826cf3e081e2667536,2014-08,Essex Police,Essex Police,0.317062,51.579527,On or near Parking Area,E01021473,Brentwood 008D,Other theft,Investigation complete; no suspect identified,
9f46f59c9b42101f7a127638fed990607a986de0bc7dbbe0e95438b65a8187a3,2014-08,Essex Police,Essex Police,0.282314,51.590658,On or near Sports/Recreation Area,E01021473,Brentwood 008D,Other theft,Under investigation,
7f614bd59e49c26ed6e6a826a1429a79fe16698086d0ce13771c6313b3a22c2b,2014-08,Essex Police,Essex Police,0.292161,51.602139,On or near The Dell,E01021473,Brentwood 008D,Public order,Awaiting court outcome,
cd9e64ad4169503e62537b5263bf073e26607b95c532f24c57ea74ed1e1f75d5,2014-08,Essex Police,Essex Police,0.302496,51.566351,On or near Shopping Area,E01021473,Brentwood 008D,Vehicle crime,Investigation complete; no suspect identified,
9116b04fdf4422083b615cdd168d825aa9a0f0228b566386fbbf88804147b037,2014-08,Essex Police,Essex Police,0.300501,51.572272,On or near Church Lane,E01021473,Brentwood 008D,Vehicle crime,Under investigation,
f64844c09832a774925f19eeae6c6622537efb724af709cf6351f8068e073762,2014-08,Essex Police,Essex Police,0.292161,51.602139,On or near The Dell,E01021473,Brentwood 008D,Violence and sexual offences,Awaiting court outcome,
4026da9bf1c1bc0ed3476dc2f532c23f65d6547d75bbd98b03739c416ca27b3a,2014-08,Essex Police,Essex Police,0.305860,51.587203,On or near Park/Open Space,E01021473,Brentwood 008D,Violence and sexual offences,Unable to prosecute suspect,
e1642057aeae0c1ff62498cc2cc01af5745349332c7a2cc89682d4871135b170,2014-08,Essex Police,Essex Police,0.292161,51.602139,On or near The Dell,E01021473,Brentwood 008D,Violence and sexual offences,Awaiting court outcome,
,2014-08,Essex Police,Essex Police,0.318297,51.611725,On or near Parking Area,E01021474,Brentwood 008E,Anti-social behaviour,,
,2014-08,Essex Police,Essex Police,0.309286,51.608629,On or near Uplands Road,E01021474,Brentwood 008E,Anti-social behaviour,,
,2014-08,Essex Police,Essex Police,0.318297,51.611725,On or near Parking Area,E01021474,Brentwood 008E,Anti-social behaviour,,
,2014-08,Essex Police,Essex Police,0.307895,51.609681,On or near South Drive,E01021474,Brentwood 008E,Anti-social behaviour,,
,2014-08,Essex Police,Essex Police,0.306631,51.611811,On or near Mount Crescent,E01021474,Brentwood 008E,Anti-social behaviour,,
ccb63920799890faa18d76e499dc0a91b79709b0dd4be821e3101c08764f9e45,2014-08,Essex Police,Essex Police,0.306774,51.608372,On or near Guardsman Close,E01021474,Brentwood 008E,Vehicle crime,Investigation complete; no suspect identified,
3fac369ea4c785b0abccb0c2dcab6e9b47707587eff50ec3207b8386bffdc0d8,2014-08,Essex Police,Essex Police,0.309286,51.608629,On or near Uplands Road,E01021474,Brentwood 008E,Violence and sexual offences,Under investigation,
3727427eec6f4ea1899bdeff99d26e454fbb38f1d401af8bd2da13c67ed2fd73,2014-08,Essex Police,Essex Police,0.307547,51.608519,On or near Nelson Close,E01021474,Brentwood 008E,Violence and sexual offences,Under investigation,
,2014-08,Essex Police,Essex Police,0.354026,51.594026,On or near Heron Chase,E01021445,Brentwood 009A,Anti-social behaviour,,
,2014-08,Essex Police,Essex Police,0.354026,51.594026,On or near Heron Chase,E01021445,Brentwood 009A,Anti-social behaviour,,
,2014-08,Essex Police,Essex Police,0.342911,51.606703,On or near Grange Close,E01021445,Brentwood 009A,Anti-social behaviour,,
,2014-08,Essex Police,Essex Police,0.339956,51.606519,On or near Common Road,E01021445,Brentwood 009A,Anti-social behaviour,,
4b9a24e3ff257b2333f95b754d1cac69119977713308ea5edef4f4c4fef9ed9c,2014-08,Essex Police,Essex Police,0.338740,51.605635,On or near Priests Field,E01021445,Brentwood 009A,Criminal damage and arson,Investigation complete; no suspect identified,
35e903e7b659a9dad9323806ff28801d7112801c5f497b07696b97f93bdfd231,2014-08,Essex Police,Essex Police,0.347290,51.598909,On or near Petrol Station,E01021445,Brentwood 009A,Public order,Under investigation,
,2014-08,Essex Police,Essex Police,0.356988,51.576771,On or near Tilbury Road,E01021446,Brentwood 009B,Anti-social behaviour,,
,2014-08,Essex Police,Essex Police,0.315908,51.570746,On or near Little Warley Hall Lane,E01021446,Brentwood 009B,Anti-social behaviour,,
,2014-08,Essex Police,Essex Police,0.341342,51.568047,On or near Parking Area,E01021446,Brentwood 009B,Anti-social behaviour,,
,2014-08,Essex Police,Essex Police,0.329745,51.571830,On or near Childerditch Lane,E01021446,Brentwood 009B,Anti-social behaviour,,
,2014-08,Essex Police,Essex Police,0.315908,51.570746,On or near Little Warley Hall Lane,E01021446,Brentwood 009B,Anti-social behaviour,,
0bb3b202140052ff7a196359cbee7b7e5914ecf4cc3c4a27e6b2a870d277ffd2,2014-08,Essex Police,Essex Police,0.341342,51.568047,On or near Parking Area,E01021446,Brentwood 009B,Criminal damage and arson,Under investigation,
f3b23393958cfe0d2473dc4b1c117331b71257d4f91c6d451e168d763d24f6ba,2014-08,Essex Police,Essex Police,0.357588,51.573297,On or near Tilbury Road,E01021446,Brentwood 009B,Drugs,Awaiting court outcome,
a95aabeadd2f3e263275affab53d9c0ee86487dd1da50a57d2993953a97924c4,2014-08,Essex Police,Essex Police,0.313396,51.574707,On or near Petrol Station,E01021446,Brentwood 009B,Other theft,Under investigation,
9c67a95dce32ba0f727ce8f75ec6962c0342d4a6e7ee947d47ea2c2c87c45256,2014-08,Essex Police,Essex Police,0.356988,51.576771,On or near Tilbury Road,E01021446,Brentwood 009B,Vehicle crime,Investigation complete; no suspect identified,
375792e608ca3983e5115a6782caab1e218163ff9902ccd6e78477ccfeba65d6,2014-08,Essex Police,Essex Police,0.356988,51.576771,On or near Tilbury Road,E01021446,Brentwood 009B,Vehicle crime,Investigation complete; no suspect identified,
01b492f626ae498c12e1ed285f144171d347c356c4091eaae8dc91ba4505662a,2014-08,Essex Police,Essex Police,0.347311,51.569348,On or near Dunmow Gardens,E01021446,Brentwood 009B,Violence and sexual offences,Unable to prosecute suspect,
4f308fc8d0294b125e75142513979ef3b8b2302d0e88ac2d02f29ec2c49465b3,2014-08,Essex Police,Essex Police,0.344899,51.569307,On or near Chafford Gardens,E01021446,Brentwood 009B,Violence and sexual offences,Unable to prosecute suspect,
,2014-08,Essex Police,Essex Police,0.334208,51.616104,On or near Bonningtons,E01021454,Brentwood 009C,Anti-social behaviour,,
bd9c56a670d7c977aa8cbd54bd9c4ed3f6e6cc7dfaa422ba42e41c018336551d,2014-08,Essex Police,Essex Police,0.339330,51.618223,On or near Lilian Crescent,E01021454,Brentwood 009C,Burglary,Investigation complete; no suspect identified,
,2014-08,Essex Police,Essex Police,0.332048,51.621030,On or near Bowhay,E01021456,Brentwood 009D,Anti-social behaviour,,
7132967060dfd00b851a66dbb5d65b175f06b02ed9b9e8f65deb2de0d0665586,2014-08,Essex Police,Essex Police,0.332046,51.619006,On or near Spalt Close,E01021456,Brentwood 009D,Burglary,Under investigation,
78369252ddfcf96523d67003d72ec3212f3a48d7a13b34a2a23b70172c76bd3a,2014-08,Essex Police,Essex Police,0.332046,51.619006,On or near Spalt Close,E01021456,Brentwood 009D,Criminal damage and arson,Investigation complete; no suspect identified,
,2014-08,Essex Police,Essex Police,0.554522,51.573904,On or near Eversley Road,E01021513,Castle Point 001A,Anti-social behaviour,,
508c38bcfb881bf9d8cce09769af2e4ae22b4b4721dfd9a0c9b25d7cb0032144,2014-08,Essex Police,Essex Police,0.554325,51.572964,On or near Seamore Avenue,E01021513,Castle Point 001A,Burglary,Investigation complete; no suspect identified,
5e87db04e189b34cd3151779ecadb913a83213f91d81843e84f3646ff9f6317d,2014-08,Essex Police,Essex Police,0.550768,51.572340,On or near Orchard Road,E01021513,Castle Point 001A,Violence and sexual offences,Under investigation,
80b4dd6bf0abbd66e6e557bd723f01ff5b006b6ebb4ab0c2fe87bb69e1c5f476,2014-08,Essex Police,Essex Police,0.551559,51.571514,On or near Overton Way,E01021513,Castle Point 001A,Violence and sexual offences,Awaiting court outcome,
,2014-08,Essex Police,Essex Police,0.552086,51.576026,On or near Birch Close,E01021514,Castle Point 001B,Anti-social behaviour,,
fd274b3eefd8d9d386bfcedb5b0c1ab69e3e923067074db3986079e2f73a17b1,2014-08,Essex Police,Essex Police,0.551596,51.573968,On or near Patterdale,E01021514,Castle Point 001B,Criminal damage and arson,Investigation complete; no suspect identified,
e42e6d1cb9e827da155d05f34cb401e3e362fda6ae98f3b93365f897af756903,2014-08,Essex Police,Essex Police,0.549505,51.574013,On or near Virginia Close,E01021514,Castle Point 001B,Public order,Under investigation,
823997c3c1f239ae88be1a9c9a1b7a1e74acb23ef03038a055f7fea002711c51,2014-08,Essex Police,Essex Police,0.550942,51.575178,On or near Woodcote Approach,E01021514,Castle Point 001B,Public order,Investigation complete; no suspect identified,
,2014-08,Essex Police,Essex Police,0.556116,51.577107,On or near The Birches,E01021515,Castle Point 001C,Anti-social behaviour,,
,2014-08,Essex Police,Essex Police,0.557916,51.568803,On or near Waverley Road,E01021525,Castle Point 001D,Anti-social behaviour,,
,2014-08,Essex Police,Essex Police,0.559771,51.571766,On or near Petrol Station,E01021525,Castle Point 001D,Anti-social behaviour,,
,2014-08,Essex Police,Essex Police,0.555695,51.568312,On or near Linden Close,E01021525,Castle Point 001D,Anti-social behaviour,,
,2014-08,Essex Police,Essex Police,0.551167,51.567601,On or near Supermarket,E01021525,Castle Point 001D,Anti-social behaviour,,
,2014-08,Essex Police,Essex Police,0.559771,51.571766,On or near Petrol Station,E01021525,Castle Point 001D,Anti-social behaviour,,
47a90512c5bed86e6be2fb13bf4d92ebe124005ab69e4a6ab53d6ff75a081076,2014-08,Essex Police,Essex Police,0.559771,51.571766,On or near Petrol Station,E01021525,Castle Point 001D,Other theft,Local resolution,
4cd55f67df9f884639f951e95afbe9328476a3f053c285226c949a2aad65f871,2014-08,Essex Police,Essex Police,0.555930,51.567884,On or near Linden Road,E01021525,Castle Point 001D,Violence and sexual offences,Under investigation,
ab064304344793a72ff14243125047d86e76c67a6a66cdf1ff484af2b1c57253,2014-08,Essex Police,Essex Police,0.554177,51.568264,On or near Kennington Avenue,E01021525,Castle Point 001D,Violence and sexual offences,Under investigation,
1d1edafba252478b2c7cb0f5954253cae31a4b21197bb71c8a8950626919fac8,2014-08,Essex Police,Essex Police,0.559771,51.571766,On or near Petrol Station,E01021525,Castle Point 001D,Violence and sexual offences,Under investigation,
,2014-08,Essex Police,Essex Police,0.564002,51.569498,On or near Chesterfield Avenue,E01021527,Castle Point 001E,Anti-social behaviour,,
,2014-08,Essex Police,Essex Police,0.564002,51.569498,On or near Chesterfield Avenue,E01021527,Castle Point 001E,Anti-social behaviour,,
8a247fcd02c1d12bba8d15d0dfdff85266c2a759df44bf274a2167558d01995d,2014-08,Essex Police,Essex Police,0.562676,51.569023,On or near Hazlemere Road,E01021527,Castle Point 001E,Violence and sexual offences,Under investigation,
,2014-08,Essex Police,Essex Police,0.595833,51.574481,On or near Starling Close,E01021509,Castle Point 002A,Anti-social behaviour,,
60a6b45806d6b3ea760202ae9badcb77c590ed4539a05b669fc04a845693d9c5,2014-08,Essex Police,Essex Police,0.593474,51.573868,On or near Sandown Road,E01021509,Castle Point 002A,Vehicle crime,Investigation complete; no suspect identified,
,2014-08,Essex Police,Essex Police,0.583197,51.569014,On or near Swans Green Close,E01021510,Castle Point 002B,Anti-social behaviour,,
,2014-08,Essex Police,Essex Police,0.583197,51.569014,On or near Swans Green Close,E01021510,Castle Point 002B,Anti-social behaviour,,
,2014-08,Essex Police,Essex Police,0.585395,51.568839,On or near Sunnymede Close,E01021510,Castle Point 002B,Anti-social behaviour,,
,2014-08,Essex Police,Essex Police,0.583197,51.569014,On or near Swans Green Close,E01021510,Castle Point 002B,Anti-social behaviour,,
,2014-08,Essex Police,Essex Police,0.583197,51.569014,On or near Swans Green Close,E01021510,Castle Point 002B,Anti-social behaviour,,
00f2bfddec77d0e589d14eae846534ce6418d1a2a4cff66e81ab9588ab68608f,2014-08,Essex Police,Essex Police,0.583197,51.569014,On or near Swans Green Close,E01021510,Castle Point 002B,Violence and sexual offences,Under investigation,
10a2a2c56bb2b9fb4f3533d570f284f9be31302a0a92bd4b77891a20eb9af31a,2014-08,Essex Police,Essex Police,0.584356,51.569609,On or near Hart Close,E01021510,Castle Point 002B,Violence and sexual offences,Unable to prosecute suspect,
,2014-08,Essex Police,Essex Police,0.585847,51.567660,On or near The Rundels,E01021511,Castle Point 002C,Anti-social behaviour,,
,2014-08,Essex Police,Essex Police,0.595616,51.565115,On or near Corasway,E01021511,Castle Point 002C,Anti-social behaviour,,
,2014-08,Essex Police,Essex Police,0.595616,51.565115,On or near Corasway,E01021511,Castle Point 002C,Anti-social behaviour,,
3891074007da0d8b569aa6a7b2de74a58586cec9aa2491ae904160ccbcf8654c,2014-08,Essex Police,Essex Police,0.591332,51.560578,On or near Petrol Station,E01021511,Castle Point 002C,Burglary,Investigation complete; no suspect identified,
410f9b7079722c135f70fb65775f27447c965f7439732d18b4664e8357cf9c65,2014-08,Essex Police,Essex Police,0.591332,51.560578,On or near Petrol Station,E01021511,Castle Point 002C,Vehicle crime,Investigation complete; no suspect identified,
,2014-08,Essex Police,Essex Police,0.570542,51.575425,On or near Ullswater Road,E01021528,Castle Point 002D,Anti-social behaviour,,
,2014-08,Essex Police,Essex Police,0.563823,51.571714,On or near Shopping Area,E01021528,Castle Point 002D,Anti-social behaviour,,
83dc3d23841c7068072432a81aad83f5209cac75994d60b8e376891e5690fd06,2014-08,Essex Police,Essex Police,0.562154,51.572821,On or near Armstrong Road,E01021528,Castle Point 002D,Burglary,Under investigation,
f332d5622f8e54b079d7b16c07a06d7497939a28640a339ccc16e4dffdb8311f,2014-08,Essex Police,Essex Police,0.559552,51.577887,On or near Sports/Recreation Area,E01021528,Castle Point 002D,Public order,Under investigation,
b543ee1f56c5f31d7b9782ae60feded1a4f11c0fc13aa3e70d7a4dca0933e32e,2014-08,Essex Police,Essex Police,0.559552,51.577887,On or near Sports/Recreation Area,E01021528,Castle Point 002D,Vehicle crime,Investigation complete; no suspect identified,
43ff5e45716d344a0877e23a881ccb6e76598c17dd05107858d1aac8395326dd,2014-08,Essex Police,Essex Police,0.563823,51.571714,On or near Shopping Area,E01021528,Castle Point 002D,Violence and sexual offences,Under investigation,
,2014-08,Essex Police,Essex Police,0.595414,51.569167,On or near Rayleigh Road,E01021531,Castle Point 002E,Anti-social behaviour,,
,2014-08,Essex Police,Essex Police,0.599190,51.576161,On or near Petrol Station,E01021531,Castle Point 002E,Anti-social behaviour,,
,2014-08,Essex Police,Essex Police,0.602775,51.576000,On or near Rat Lane,E01021531,Castle Point 002E,Anti-social behaviour,,
,2014-08,Essex Police,Essex Police,0.596630,51.562889,On or near Abbotswood,E01021531,Castle Point 002E,Anti-social behaviour,,
,2014-08,Essex Police,Essex Police,0.610966,51.567301,On or near Wyburn Road,E01021531,Castle Point 002E,Anti-social behaviour,,
851e4dfe9ac3c9ae8a824e522a18ced5e1a7acb1ca18d86ec2a13b0b7b1a03c1,2014-08,Essex Police,Essex Police,0.610966,51.567301,On or near Wyburn Road,E01021531,Castle Point 002E,Bicycle theft,Under investigation,
4587877f9f11fb90c523947edd58ec4e5f77e11e44c840507feba58d79cba6d8,2014-08,Essex Police,Essex Police,0.595488,51.572232,On or near Copper Beeches,E01021531,Castle Point 002E,Criminal damage and arson,Investigation complete; no suspect identified,
0b644a1d82bec9a16acab2401f3acaced59a6d821ef69280e8a8a93c52242280,2014-08,Essex Police,Essex Police,0.602541,51.575439,On or near Claydons Lane,E01021531,Castle Point 002E,Drugs,Under investigation,
90541d279b1ed30bb8f5900f5004d743a8b000503dc2d2eccaca06b6c0ee84f0,2014-08,Essex Police,Essex Police,0.602775,51.576000,On or near Rat Lane,E01021531,Castle Point 002E,Other theft,Investigation complete; no suspect identified,
e0481fbd77fb24dfff2b9bd6fcdc9d7d8ecab5e1015bc4e6d8bba74938118c7b,2014-08,Essex Police,Essex Police,0.599190,51.576161,On or near Petrol Station,E01021531,Castle Point 002E,Shoplifting,Offender given penalty notice,
,2014-08,Essex Police,Essex Police,0.544448,51.565130,On or near Parking Area,E01021476,Castle Point 003A,Anti-social behaviour,,
,2014-08,Essex Police,Essex Police,0.551687,51.567356,On or near London Road,E01021476,Castle Point 003A,Anti-social behaviour,,
,2014-08,Essex Police,Essex Police,0.546335,51.565584,On or near Malwood Drive,E01021476,Castle Point 003A,Anti-social behaviour,,
d3187b88c3d261f59560931413ec073d11def085d4b66ebc92b85908f997adbb,2014-08,Essex Police,Essex Police,0.551687,51.567356,On or near London Road,E01021476,Castle Point 003A,Violence and sexual offences,Under investigation,
,2014-08,Essex Police,Essex Police,0.557316,51.559661,On or near Clifton Avenue,E01021477,Castle Point 003B,Anti-social behaviour,,
c260ca8fac1435ec17f7ab83f7e75d388011616f7abd04761442c5a4cbae6ca3,2014-08,Essex Police,Essex Police,0.552428,51.560487,On or near Sydney Road,E01021477,Castle Point 003B,Criminal damage and arson,Investigation complete; no suspect identified,
6a6430cbc4ba6ccdf80045d8df579e90d536ac99413d26cf066d4f7d8fb2cac6,2014-08,Essex Police,Essex Police,0.555020,51.564001,On or near Wellingbury,E01021477,Castle Point 003B,Criminal damage and arson,Investigation complete; no suspect identified,
d10b4cf361d65066cf441dd624f80726eb830eb92c00e2b678670c5f20204c6a,2014-08,Essex Police,Essex Police,0.552428,51.560487,On or near Sydney Road,E01021477,Castle Point 003B,Other theft,Investigation complete; no suspect identified,
eb90a2dd5473d543c25a8397bc1841cb5bcea9a075dac940c5e77a5e3e3d9fc2,2014-08,Essex Police,Essex Police,0.554768,51.566452,On or near Eastern Avenue,E01021477,Castle Point 003B,Public order,Unable to prosecute suspect,
fb7d063fafa80ed46933d27c2027a9d50883722e0183b3d6de1c9ea87e8bed64,2014-08,Essex Police,Essex Police,0.552197,51.564089,On or near Croft Close,E01021477,Castle Point 003B,Vehicle crime,Under investigation,
780cc646705b14dfdcf038ab0185a51aee988e07c08ca0b4f772c55d8773962e,2014-08,Essex Police,Essex Police,0.555020,51.564001,On or near Wellingbury,E01021477,Castle Point 003B,Violence and sexual offences,Investigation complete; no suspect identified,
,2014-08,Essex Police,Essex Police,0.559527,51.564595,On or near St Clements Road,E01021478,Castle Point 003C,Anti-social behaviour,,
,2014-08,Essex Police,Essex Police,0.556693,51.565268,On or near New Park Road,E01021478,Castle Point 003C,Anti-social behaviour,,
,2014-08,Essex Police,Essex Police,0.562139,51.563324,On or near Bowers Road,E01021478,Castle Point 003C,Anti-social behaviour,,
ed5c24f2ba98edb1bcb3c767e38bf28a150ebe9238d426275b29c3918e94017e,2014-08,Essex Police,Essex Police,0.558135,51.565246,On or near Stanway Road,E01021478,Castle Point 003C,Robbery,Under investigation,
8fd8e3d28bf3a44608e91d62dd5b209ced239987df075bde277b6edb2b64335c,2014-08,Essex Police,Essex Police,0.559804,51.562862,On or near Elounda Court,E01021478,Castle Point 003C,Violence and sexual offences,Under investigation,
,2014-08,Essex Police,Essex Police,0.543897,51.567408,On or near London Road,E01021516,Castle Point 003D,Anti-social behaviour,,
27a6a28311b6baba5ccef27aa92746e44156971d0be04468da9c10a32b0b106f,2014-08,Essex Police,Essex Police,0.549145,51.572223,On or near Rushbottom Lane,E01021516,Castle Point 003D,Burglary,Investigation complete; no suspect identified,
91f8e772de5379c09d273441e3023b9820a42ce0d82e654c6b513a8be1b583f1,2014-08,Essex Police,Essex Police,0.546684,51.571817,On or near Wren Close,E01021516,Castle Point 003D,Criminal damage and arson,Investigation complete; no suspect identified,
e376f3aef2794533d0990b4bb3158a39e249adb7a3f18d58acc5a60cf612545f,2014-08,Essex Police,Essex Police,0.548964,51.567424,On or near London Road,E01021516,Castle Point 003D,Drugs,Offender given a drugs possession warning,
a7a3a7516db714cdd4fe3542e8645d36d4ce21fd23beaab420e5830298ffc386,2014-08,Essex Police,Essex Police,0.552592,51.573470,On or near Lawnscourt,E01021516,Castle Point 003D,Other theft,Under investigation,
7598f56f3db72aab30515defd2540051543da43fba0672815a0fa203a3163911,2014-08,Essex Police,Essex Police,0.548964,51.567424,On or near London Road,E01021516,Castle Point 003D,Shoplifting,Under investigation,
ac321459b233a19ccf1c4856cb1e60a1a7d1371a298bb5374c93f9e13e7a6a9f,2014-08,Essex Police,Essex Police,0.548964,51.567424,On or near London Road,E01021516,Castle Point 003D,Violence and sexual offences,Under investigation,
,2014-08,Essex Police,Essex Police,0.567058,51.556390,On or near Thundersley Park Road,E01021479,Castle Point 004A,Anti-social behaviour,,
014b15a31240b7c81a7859927b2f576d6b34f6b925552ff3127d8ba4ef0a5774,2014-08,Essex Police,Essex Police,0.568933,51.559704,On or near Granville Close,E01021481,Castle Point 004B,Burglary,Under investigation,
8eb77fa4248eefbef27df66b113869fdc752bcc07c0b2ccc1a72fa227b6a5e66,2014-08,Essex Police,Essex Police,0.566624,51.562255,On or near Rhoda Road,E01021481,Castle Point 004B,Vehicle crime,Under investigation,
f89e9d6702e2d4e496c5dd1a7c65e97a8e0ec579cb6852c79d6b88ec8d8b3fc5,2014-08,Essex Police,Essex Police,0.567772,51.558047,On or near Thundersley Park Road,E01021481,Castle Point 004B,Violence and sexual offences,Unable to prosecute suspect,
84b40e65eec7615ff596d8caff38346d80f067b0d7254f57a2682f897c796315,2014-08,Essex Police,Essex Police,0.567772,51.558047,On or near Thundersley Park Road,E01021481,Castle Point 004B,Violence and sexual offences,Unable to prosecute suspect,
,2014-08,Essex Police,Essex Police,0.563401,51.550876,On or near Boyce Green,E01021483,Castle Point 004C,Anti-social behaviour,,
,2014-08,Essex Police,Essex Police,0.562981,51.549555,On or near High Road,E01021483,Castle Point 004C,Anti-social behaviour,,
425dd26b2867b733a9db3fa4d9e5e1a134c9f8a1ddcc0af494f723935365fe22,2014-08,Essex Police,Essex Police,0.563883,51.553798,On or near Grove Road,E01021483,Castle Point 004C,Burglary,Investigation complete; no suspect identified,
71929a68b3247a8b14ca36d5a3ce173fc12550a88c957c8064242f7609312ab7,2014-08,Essex Police,Essex Police,0.561246,51.553082,On or near Supermarket,E01021483,Castle Point 004C,Burglary,Under investigation,
0147d8dc4100ad779d6b3d3cbc2e5568b51dbf89a16562c665ac2ce3b3e1c7bb,2014-08,Essex Police,Essex Police,0.561246,51.553082,On or near Supermarket,E01021483,Castle Point 004C,Other theft,Under investigation,
bbc58867652055cc1586a16f18fd168b2df37cd8883f942d3a0d3fe6e8dd9c61,2014-08,Essex Police,Essex Police,0.590856,51.552953,On or near Benfleet Road,E01021483,Castle Point 004C,Other theft,Under investigation,
88b8eb70550bb84c9073bb1db4b088b32fe646779b862b201c18585060ad2535,2014-08,Essex Police,Essex Police,0.561246,51.553082,On or near Supermarket,E01021483,Castle Point 004C,Other theft,Under investigation,
af1333c32e93edb747c22daa52e0a180710026279e0f08de8278fead98f7f170,2014-08,Essex Police,Essex Police,0.577093,51.551683,On or near Hill Top Avenue,E01021483,Castle Point 004C,Theft from the person,Investigation complete; no suspect identified,
c37904f70573ec13fd3994a250c5f876e02b7ec9f3610fcb9c656d2db58094d4,2014-08,Essex Police,Essex Police,0.584890,51.549766,On or near Round Hill Road,E01021483,Castle Point 004C,Violence and sexual offences,Unable to prosecute suspect,
fc27634b4f3d154623720473cb189bfd5088c4317846094e347d955e31b04770,2014-08,Essex Police,Essex Police,0.561246,51.553082,On or near Supermarket,E01021483,Castle Point 004C,Violence and sexual offences,Investigation complete; no suspect identified,
,2014-08,Essex Police,Essex Police,0.583458,51.562928,On or near Further/Higher Educational Building,E01021512,Castle Point 004D,Anti-social behaviour,,
,2014-08,Essex Police,Essex Police,0.583520,51.561488,On or near Kiln Road,E01021512,Castle Point 004D,Anti-social behaviour,,
,2014-08,Essex Police,Essex Police,0.582907,51.564154,On or near Lodge Close,E01021512,Castle Point 004D,Anti-social behaviour,,
,2014-08,Essex Police,Essex Police,0.583458,51.562928,On or near Further/Higher Educational Building,E01021512,Castle Point 004D,Anti-social behaviour,,
944492430d05745e2b7627971ee69e50183285940ada2dda0871d66745273e15,2014-08,Essex Police,Essex Police,0.580761,51.567026,On or near Hydeway,E01021512,Castle Point 004D,Burglary,Under investigation,
498057d899aad4b4ce348c1f548114c1093318009229a9ac51dbd5cbf7f71e23,2014-08,Essex Police,Essex Police,0.583348,51.564810,On or near The Chase,E01021512,Castle Point 004D,Burglary,Investigation complete; no suspect identified,
df333b76194ab2ed0071b1d406eea09ecef9be1f61eaf9eef716f80e25fe91b5,2014-08,Essex Police,Essex Police,0.579153,51.563859,On or near Dorothy Gardens,E01021512,Castle Point 004D,Violence and sexual offences,Under investigation,
529594026616e9d0b57a5253ac4b42b57acc98033362a186111de7b07284b187,2014-08,Essex Police,Essex Police,0.583458,51.562928,On or near Further/Higher Educational Building,E01021512,Castle Point 004D,Violence and sexual offences,Under investigation,
,2014-08,Essex Police,Essex Police,0.575228,51.565897,On or near Coombewood Drive,E01021526,Castle Point 004E,Anti-social behaviour,,
,2014-08,Essex Police,Essex Police,0.576145,51.567316,On or near Kingston Way,E01021526,Castle Point 004E,Anti-social behaviour,,
9f79cd28a1716da89dd7b19ad9e4a680eb2f79227845b07d91a7862043b71d36,2014-08,Essex Police,Essex Police,0.575630,51.570718,On or near Borrowdale Road,E01021526,Castle Point 004E,Other theft,Investigation complete; no suspect identified,
,2014-08,Essex Police,Essex Police,0.623963,51.554447,On or near Chandos Parade,E01021517,Castle Point 005A,Anti-social behaviour,,
57bc68327b49c79e9add7f6baf9a31ac61695ff0d1d63cac23514710579db573,2014-08,Essex Police,Essex Police,0.626730,51.555645,On or near Woodlands Park,E01021517,Castle Point 005A,Vehicle crime,Investigation complete; no suspect identified,
,2014-08,Essex Police,Essex Police,0.611162,51.556883,On or near Rectory Road,E01021519,Castle Point 005B,Anti-social behaviour,,
,2014-08,Essex Police,Essex Police,0.613811,51.557543,On or near Fernwood,E01021519,Castle Point 005B,Anti-social behaviour,,
,2014-08,Essex Police,Essex Police,0.616304,51.551957,On or near Church Road,E01021519,Castle Point 005B,Anti-social behaviour,,
,2014-08,Essex Police,Essex Police,0.616403,51.556946,On or near Greenacres,E01021519,Castle Point 005B,Anti-social behaviour,,
,2014-08,Essex Police,Essex Police,0.618471,51.554516,On or near Douglas Road,E01021519,Castle Point 005B,Anti-social behaviour,,
,2014-08,Essex Police,Essex Police,0.604361,51.556018,On or near Commonhall Lane,E01021530,Castle Point 005C,Anti-social behaviour,,
,2014-08,Essex Police,Essex Police,0.606208,51.558558,On or near Falbro Crescent,E01021530,Castle Point 005C,Anti-social behaviour,,
,2014-08,Essex Police,Essex Police,0.603244,51.556681,On or near Hall Crescent,E01021530,Castle Point 005C,Anti-social behaviour,,
c6f2d009cd01bd9462a391be291177b25d6fc0ad09ade784a055355b09f427f1,2014-08,Essex Police,Essex Police,0.606208,51.558558,On or near Falbro Crescent,E01021530,Castle Point 005C,Criminal damage and arson,Investigation complete; no suspect identified,
ecd4cf5cb9e62d732a26a23af2149bdf62732f39904bdcbb0df33ae89e8ff2fd,2014-08,Essex Police,Essex Police,0.609071,51.562190,On or near The Gill,E01021530,Castle Point 005C,Other theft,Under investigation,
294a19798388a539218876c89721260d6d5c61912d5eff912beb527ba178c519,2014-08,Essex Police,Essex Police,0.600366,51.563130,On or near Prittle Close,E01021530,Castle Point 005C,Vehicle crime,Investigation complete; no suspect identified,
7734331e3f4deb54673e9a2b18cdc1c14a9ed27121b63e4eafc449c7a95a71f5,2014-08,Essex Police,Essex Police,0.600366,51.563130,On or near Prittle Close,E01021530,Castle Point 005C,Vehicle crime,Investigation complete; no suspect identified,
5b551d673a998781becc94210be21088a40036676b0f367e413c91f2d914a722,2014-08,Essex Police,Essex Police,0.595352,51.555660,On or near Alderwood Way,E01021482,Castle Point 006A,Burglary,Investigation complete; no suspect identified,
56f03e2694f39882e6f7a8394441e44e66628e4dadee2d77bcff806a9f0eefbb,2014-08,Essex Police,Essex Police,0.591661,51.556964,On or near Sheridan Avenue,E01021482,Castle Point 006A,Other theft,Under investigation,
cb33628a934d473692df1cd20c2148f0b12b0557e973ef95daf04f278f305d35,2014-08,Essex Police,Essex Police,0.590181,51.559614,On or near Malyon Court Close,E01021482,Castle Point 006A,Shoplifting,Under investigation,
fd703744d7c75e8a5910edf80e542c7c9ef3e9fca5eb8f182c4cc85e7e92578d,2014-08,Essex Police,Essex Police,0.594150,51.559374,On or near Five Oaks,E01021482,Castle Point 006A,Violence and sexual offences,Under investigation,
,2014-08,Essex Police,Essex Police,0.606454,51.547463,On or near Sports/Recreation Area,E01021518,Castle Point 006B,Anti-social behaviour,,
,2014-08,Essex Police,Essex Police,0.609368,51.552255,On or near Endway,E01021518,Castle Point 006B,Anti-social behaviour,,
,2014-08,Essex Police,Essex Police,0.610621,51.553486,On or near Supermarket,E01021518,Castle Point 006B,Anti-social behaviour,,
,2014-08,Essex Police,Essex Police,0.610044,51.550963,On or near Beech Road,E01021518,Castle Point 006B,Anti-social behaviour,,
,2014-08,Essex Police,Essex Police,0.606454,51.547463,On or near Sports/Recreation Area,E01021518,Castle Point 006B,Anti-social behaviour,,
,2014-08,Essex Police,Essex Police,0.615301,51.553328,On or near The Avenue,E01021518,Castle Point 006B,Anti-social behaviour,,
,2014-08,Essex Police,Essex Police,0.609368,51.552255,On or near Endway,E01021518,Castle Point 006B,Anti-social behaviour,,
,2014-08,Essex Police,Essex Police,0.611462,51.551795,On or near Wilkinson Drop,E01021518,Castle Point 006B,Anti-social behaviour,,
dd9397ecf03f3cd9f6cb6512ff0c3f3beee660b8cde253499e91c78271cae255,2014-08,Essex Police,Essex Police,0.603035,51.554284,On or near Florence Close,E01021518,Castle Point 006B,Burglary,Under investigation,
3e160dce158205d07c4e95d0b1e6e9a0911870bc623339812686cc5c43907799,2014-08,Essex Police,Essex Police,0.608119,51.553128,On or near High Street,E01021518,Castle Point 006B,Criminal damage and arson,Under investigation,
6b61e2f112d449d43a06debba80afb72d34878af90ee6693bcd12995175ba74f,2014-08,Essex Police,Essex Police,0.608119,51.553128,On or near High Street,E01021518,Castle Point 006B,Criminal damage and arson,Under investigation,
bf2b178490a194a1791fae76e4eb7478493c640c40369c574b510df4dcb2f972,2014-08,Essex Police,Essex Police,0.603035,51.554284,On or near Florence Close,E01021518,Castle Point 006B,Drugs,Offender given penalty notice,
050ad5afa5131c6a6bef45713672bf3913337979ff076e276f2b17329b90097f,2014-08,Essex Police,Essex Police,0.612916,51.550980,On or near Ash Road,E01021518,Castle Point 006B,Drugs,Offender given a drugs possession warning,
57e5a22b64f8e2f6ba754984b695ad596df86af1850ebaea81be44341086d9e1,2014-08,Essex Police,Essex Police,0.609368,51.552255,On or near Endway,E01021518,Castle Point 006B,Other theft,Investigation complete; no suspect identified,
f46badc9a804a306c00c6bc74918766ce545f96a79a258f6845fa86b4423496d,2014-08,Essex Police,Essex Police,0.611886,51.552388,On or near London Road,E01021518,Castle Point 006B,Other theft,Investigation complete; no suspect identified,
7550e922f3efc7944547673b70b5b3159400b753c96dcf68407d35b5f53ae506,2014-08,Essex Police,Essex Police,0.609368,51.552255,On or near Endway,E01021518,Castle Point 006B,Other theft,Under investigation,
f68a55f74de43772dcb0787e6afe8067ba92d2d86e6b12921f19305a7f86d1b7,2014-08,Essex Police,Essex Police,0.612916,51.550980,On or near Ash Road,E01021518,Castle Point 006B,Vehicle crime,Under investigation,
4d01a2b25c50bb3c19415ce5c7a4d664eb6c2962ee80a38b7a9a3146d5dc67d2,2014-08,Essex Police,Essex Police,0.620257,51.550951,On or near Churchway,E01021518,Castle Point 006B,Vehicle crime,Investigation complete; no suspect identified,
4df36b15fb459f06e0d071e62aa30a086aa3b0f9df3585791d11503ac650d9b9,2014-08,Essex Police,Essex Police,0.609368,51.552255,On or near Endway,E01021518,Castle Point 006B,Vehicle crime,Under investigation,
d65c135bd44278f4385d07776e8a53401282dcc7aa34849acd9b8d41fa97c86c,2014-08,Essex Police,Essex Police,0.606454,51.547463,On or near Sports/Recreation Area,E01021518,Castle Point 006B,Violence and sexual offences,Under investigation,
,2014-08,Essex Police,Essex Police,0.600307,51.553742,On or near Chapel Lane,E01021520,Castle Point 006C,Anti-social behaviour,,
,2014-08,Essex Police,Essex Police,0.602617,51.555301,On or near Sports/Recreation Area,E01021520,Castle Point 006C,Anti-social behaviour,,
,2014-08,Essex Police,Essex Police,0.606294,51.555003,On or near Supermarket,E01021520,Castle Point 006C,Anti-social behaviour,,
,2014-08,Essex Police,Essex Police,0.606114,51.552624,On or near Homestead Gardens,E01021520,Castle Point 006C,Anti-social behaviour,,
,2014-08,Essex Police,Essex Police,0.597440,51.554579,On or near Lynton Road,E01021520,Castle Point 006C,Anti-social behaviour,,
,2014-08,Essex Police,Essex Police,0.602617,51.555301,On or near Sports/Recreation Area,E01021520,Castle Point 006C,Anti-social behaviour,,
337d89fd52b492284c149731f5467256824757e556f241c25a90228c0cc4cf76,2014-08,Essex Police,Essex Police,0.606294,51.555003,On or near Supermarket,E01021520,Castle Point 006C,Bicycle theft,Investigation complete; no suspect identified,
dc6c1c69fa887137a840b96a69137d6319b63b42728539a10cacb7807e118ea4,2014-08,Essex Police,Essex Police,0.603705,51.552875,On or near Sandbanks,E01021520,Castle Point 006C,Criminal damage and arson,Investigation complete; no suspect identified,
74423c090d054dc466b8496ab966b44157899d2479f183d856071e5f47e8bbf2,2014-08,Essex Police,Essex Police,0.600356,51.556628,On or near Petrol Station,E01021520,Castle Point 006C,Other theft,Under investigation,
70dfa1e5748b040b45dfed204dc49a482da68f92137b573eb70cd32a749dcd88,2014-08,Essex Police,Essex Police,0.606114,51.552624,On or near Homestead Gardens,E01021520,Castle Point 006C,Violence and sexual offences,Under investigation,
,2014-08,Essex Police,Essex Police,0.604440,51.558669,On or near Beresford Close,E01021529,Castle Point 006D,Anti-social behaviour,,
,2014-08,Essex Police,Essex Police,0.600033,51.560826,On or near West Wood Close,E01021529,Castle Point 006D,Anti-social behaviour,,
,2014-08,Essex Police,Essex Police,0.598007,51.559468,On or near Carlton Drive,E01021529,Castle Point 006D,Anti-social behaviour,,
9c3f37e3d5e0ddb8fc1365fd1ccf9212dfbfc6b98c52134c7ff3ac00867ca115,2014-08,Essex Police,Essex Police,0.595785,51.563007,On or near Queensmere,E01021529,Castle Point 006D,Criminal damage and arson,Under investigation,
ea354e9ca37f381b88c59172e5438fb8b912ab0318369da33aa63c98f3d5255d,2014-08,Essex Police,Essex Police,0.595813,51.563753,On or near Kingsmere,E01021529,Castle Point 006D,Public order,Under investigation,
e42af5ed780248452fd433e6fc3a9f9b68c13c02b04b0ca614a2cf0ab3b369c3,2014-08,Essex Police,Essex Police,0.598480,51.560924,On or near Elizabeth Way,E01021529,Castle Point 006D,Public order,Unable to prosecute suspect,
bbf253a650b4539834930db825d2793ba0052343409ad64b80dbade3a02a55b5,2014-08,Essex Police,Essex Police,0.598480,51.560924,On or near Elizabeth Way,E01021529,Castle Point 006D,Vehicle crime,Investigation complete; no suspect identified,
04b343f34a6237a3ea3ea8e5562b5343eb8668f70b2c75cbcffb5eeee53f0cde,2014-08,Essex Police,Essex Police,0.596066,51.561094,On or near Parkfields,E01021529,Castle Point 006D,Violence and sexual offences,Under investigation,
bcc26141196356ded3a3c353082b3a137aea9119aaa5acf473b8aca08fd069e2,2014-08,Essex Police,Essex Police,0.595645,51.561823,On or near Woodburn Close,E01021529,Castle Point 006D,Violence and sexual offences,Under investigation,
a5543da2f530897e350526c321f37f200323f45afaac73e82f90aedce72053ac,2014-08,Essex Police,Essex Police,0.561894,51.544587,On or near High Street,E01021480,Castle Point 007A,Bicycle theft,Investigation complete; no suspect identified,
caa13f84ab9a761c553acbc235e18ef64ac49be161f8baab65e3934433538c79,2014-08,Essex Police,Essex Police,0.561894,51.544587,On or near High Street,E01021480,Castle Point 007A,Bicycle theft,Investigation complete; no suspect identified,
2dfd9898f4427ab50f1f9552192acab21e3e2857c15df86c68794cddc7b4fa44,2014-08,Essex Police,Essex Police,0.561894,51.544587,On or near High Street,E01021480,Castle Point 007A,Violence and sexual offences,Under investigation,
7b87704139bf7f9f36dca69c7c74a6c3640cc5d327321d4ea2d342aedac28932,2014-08,Essex Police,Essex Police,0.548916,51.552640,On or near Tyrrell Road,E01021521,Castle Point 007B,Criminal damage and arson,Under investigation,
,2014-08,Essex Police,Essex Police,0.559737,51.555498,On or near Kents Hill Road,E01021522,Castle Point 007C,Anti-social behaviour,,
,2014-08,Essex Police,Essex Police,0.558912,51.553654,On or near Supermarket,E01021522,Castle Point 007C,Anti-social behaviour,,
,2014-08,Essex Police,Essex Police,0.555726,51.553175,On or near Parking Area,E01021522,Castle Point 007C,Anti-social behaviour,,
,2014-08,Essex Police,Essex Police,0.558912,51.553654,On or near Supermarket,E01021522,Castle Point 007C,Anti-social behaviour,,
,2014-08,Essex Police,Essex Police,0.557760,51.554453,On or near Meggison Way,E01021522,Castle Point 007C,Anti-social behaviour,,
,2014-08,Essex Police,Essex Police,0.555162,51.554699,On or near High Road,E01021522,Castle Point 007C,Anti-social behaviour,,
a8a699714a5518960a7fdd2973bd58cdebc4116637803a978a06324f394b1a5b,2014-08,Essex Police,Essex Police,0.561932,51.548085,On or near Green Road,E01021522,Castle Point 007C,Other theft,Under investigation,
72097f841bc1d6050cf28de3ad81c452c4eddd746babb2df658d3dfad7c1bcac,2014-08,Essex Police,Essex Police,0.555726,51.553175,On or near Parking Area,E01021522,Castle Point 007C,Public order,Awaiting court outcome,
75f5cac1bbaab15352a0ed8cc1fcbea2212c221bff56fc8dc53a3cce16be406a,2014-08,Essex Police,Essex Police,0.558912,51.553654,On or near Supermarket,E01021522,Castle Point 007C,Shoplifting,Under investigation,
b3eed0cfc8314c85e30c6a7ab574b745b6ca2d445c25b2cb1262f6b1478d6121,2014-08,Essex Police,Essex Police,0.562614,51.545596,On or near High Street,E01021522,Castle Point 007C,Violence and sexual offences,Under investigation,
4ab926acfc705017ef850e33e6ca991131a613d1803d7f0c5e80db8824c99e43,2014-08,Essex Police,Essex Police,0.562614,51.545596,On or near High Street,E01021522,Castle Point 007C,Violence and sexual offences,Under investigation,
620186ee0c17bd060a0a8e72eef5e5b92790e7359c0f8a478c15070ca7500c6b,2014-08,Essex Police,Essex Police,0.561932,51.548085,On or near Green Road,E01021522,Castle Point 007C,Violence and sexual offences,Awaiting court outcome,
011145a553c9e9d837f62c58ff4423f9df675acd363a45c4a94a68346a600f20,2014-08,Essex Police,Essex Police,0.555726,51.553175,On or near Parking Area,E01021522,Castle Point 007C,Violence and sexual offences,Unable to prosecute suspect,
415ba5994bae58f9e93aab7d3cde293b3d2c7e82f0ead3f4d4636384ad30d7f0,2014-08,Essex Police,Essex Police,0.561932,51.548085,On or near Green Road,E01021522,Castle Point 007C,Violence and sexual offences,Awaiting court outcome,
4fe664616999e81aa57488cea5b3a261217ebb5c64bc89125ef079c86673a0cf,2014-08,Essex Police,Essex Police,0.552936,51.553335,On or near Merrivale,E01021522,Castle Point 007C,Violence and sexual offences,Under investigation,
,2014-08,Essex Police,Essex Police,0.548101,51.559223,On or near Wavertree Road,E01021523,Castle Point 007D,Anti-social behaviour,,
368a1b78a3ae70efaad7ee8ffcf789e910c4e7b2ab8269120010b030c8a7ddae,2014-08,Essex Police,Essex Police,0.549033,51.557323,On or near Elm View Road,E01021523,Castle Point 007D,Vehicle crime,Under investigation,
,2014-08,Essex Police,Essex Police,0.554667,51.553846,On or near Richmond Avenue,E01021524,Castle Point 007E,Anti-social behaviour,,
,2014-08,Essex Police,Essex Police,0.552563,51.555951,On or near Wincoat Drive,E01021524,Castle Point 007E,Anti-social behaviour,,
21a31a58123d35f7cb0ca3ccf0bcae20857ff731b4cdc2ea6404e16066c498f5,2014-08,Essex Police,Essex Police,0.562547,51.555689,On or near Downesway,E01021524,Castle Point 007E,Criminal damage and arson,Investigation complete; no suspect identified,
b0c1a8214041411e9373fe2e4c9df2bca6ee8b56ff0befe02c9021a1be8230bd,2014-08,Essex Police,Essex Police,0.552563,51.555951,On or near Wincoat Drive,E01021524,Castle Point 007E,Criminal damage and arson,Under investigation,
ce7b3d3bbd262057bcb120194840e69cf78fed75ba2c03bd8d967e23664716ca,2014-08,Essex Police,Essex Police,0.554667,51.553846,On or near Richmond Avenue,E01021524,Castle Point 007E,Other theft,Under investigation,
,2014-08,Essex Police,Essex Police,0.584398,51.525306,On or near Metz Avenue,E01021487,Castle Point 008A,Anti-social behaviour,,
,2014-08,Essex Police,Essex Police,0.584517,51.526131,On or near Smartt Avenue,E01021487,Castle Point 008A,Anti-social behaviour,,
,2014-08,Essex Police,Essex Police,0.589705,51.526853,On or near Harvest Road,E01021494,Castle Point 008B,Anti-social behaviour,,
,2014-08,Essex Police,Essex Police,0.590921,51.526682,On or near Farm Road,E01021494,Castle Point 008B,Anti-social behaviour,,
,2014-08,Essex Police,Essex Police,0.589270,51.529344,On or near Buyl Avenue,E01021494,Castle Point 008B,Anti-social behaviour,,
f990b7a795153508785626d03695f2946581a64d17c43439c6b825c769a05735,2014-08,Essex Police,Essex Police,0.589705,51.526853,On or near Harvest Road,E01021494,Castle Point 008B,Drugs,Offender given a drugs possession warning,
6adabf359866cedfef20613e533d30515815620b3aaf45fbfaa3ed35e1382d3d,2014-08,Essex Police,Essex Police,0.591471,51.525464,On or near Short Road,E01021494,Castle Point 008B,Theft from the person,Investigation complete; no suspect identified,
,2014-08,Essex Police,Essex Police,0.584011,51.531466,On or near Hannah Close,E01021504,Castle Point 008C,Anti-social behaviour,,
fb7df983da13fb2e89e1558c5ac38a3a6a76b9b9e55b83568f446e0c9779daee,2014-08,Essex Police,Essex Police,0.584625,51.533395,On or near Castle View Road,E01021504,Castle Point 008C,Burglary,Under investigation,
0086b9e1adad2c54fcacf0fb8768b759fd1ce3a0dc25b77890a604d1594b42f1,2014-08,Essex Police,Essex Police,0.582163,51.532181,On or near Sanders Road,E01021504,Castle Point 008C,Violence and sexual offences,Under investigation,
,2014-08,Essex Police,Essex Police,0.576989,51.531198,On or near The Fallows,E01021505,Castle Point 008D,Anti-social behaviour,,
cf88515d7bc7e54121a5d67623ef8d767729317f3486cddd0f3d27dad2a5de8b,2014-08,Essex Police,Essex Police,0.575618,51.532460,On or near Petrol Station,E01021505,Castle Point 008D,Burglary,Under investigation,
44d98e01854cfae7ac0dacbf87356696b35911b9af8df92fc708755f5bfa5d29,2014-08,Essex Police,Essex Police,0.575618,51.532460,On or near Petrol Station,E01021505,Castle Point 008D,Other theft,Under investigation,
e5a8afa07bfd56deadd69e7fc5b7e1b7843c388df2172d45e670f7d4be663cdd,2014-08,Essex Police,Essex Police,0.575618,51.532460,On or near Petrol Station,E01021505,Castle Point 008D,Other theft,Under investigation,
b2932988821fcd10a38d7b08fd8905281e249779d381a5e6e1bd181bfd4e327e,2014-08,Essex Police,Essex Police,0.577468,51.532284,On or near Prince William Avenue,E01021505,Castle Point 008D,Violence and sexual offences,Under investigation,
eaff8c49b089cb78dd5c0afb02f63429e90235bd94a341b371ef2db1a660ed30,2014-08,Essex Police,Essex Police,0.583419,51.530427,On or near Sussex Way,E01021506,Castle Point 008E,Criminal damage and arson,Investigation complete; no suspect identified,
c1d962a36decd2f046cf996e44d7e6d7eac93438705a46702db1e88097dead79,2014-08,Essex Police,Essex Police,0.583419,51.530427,On or near Sussex Way,E01021506,Castle Point 008E,Criminal damage and arson,Investigation complete; no suspect identified,
46e4a4a0d651baf9fabd9f041ac0df8b2a73b5ac830fedf54a2829e5c0a87db5,2014-08,Essex Police,Essex Police,0.585277,51.528101,On or near Parklands,E01021506,Castle Point 008E,Criminal damage and arson,Investigation complete; no suspect identified,
b1568a52f847e984be15fdd4d088adac673696cbaed0b0e56b79e3f2d7a43a7f,2014-08,Essex Police,Essex Police,0.585277,51.528101,On or near Parklands,E01021506,Castle Point 008E,Drugs,Awaiting court outcome,
,2014-08,Essex Police,Essex Police,0.607902,51.522600,On or near Geylen Road,E01021492,Castle Point 009A,Anti-social behaviour,,
,2014-08,Essex Police,Essex Police,0.613796,51.518530,On or near Zealand Drive,E01021492,Castle Point 009A,Anti-social behaviour,,
,2014-08,Essex Police,Essex Police,0.607902,51.522600,On or near Geylen Road,E01021492,Castle Point 009A,Anti-social behaviour,,
,2014-08,Essex Police,Essex Police,0.607902,51.522600,On or near Geylen Road,E01021492,Castle Point 009A,Anti-social behaviour,,
,2014-08,Essex Police,Essex Police,0.617108,51.518959,On or near Kollum Road,E01021492,Castle Point 009A,Anti-social behaviour,,
,2014-08,Essex Police,Essex Police,0.607902,51.522600,On or near Geylen Road,E01021492,Castle Point 009A,Anti-social behaviour,,
,2014-08,Essex Police,Essex Police,0.607902,51.522600,On or near Geylen Road,E01021492,Castle Point 009A,Anti-social behaviour,,
,2014-08,Essex Police,Essex Police,0.607902,51.522600,On or near Geylen Road,E01021492,Castle Point 009A,Anti-social behaviour,,
,2014-08,Essex Police,Essex Police,0.607902,51.522600,On or near Geylen Road,E01021492,Castle Point 009A,Anti-social behaviour,,
,2014-08,Essex Police,Essex Police,0.602142,51.528529,On or near Abensburg Road,E01021493,Castle Point 009B,Anti-social behaviour,,
,2014-08,Essex Police,Essex Police,0.600138,51.527512,On or near Nevada Road,E01021493,Castle Point 009B,Anti-social behaviour,,
,2014-08,Essex Police,Essex Police,0.592746,51.523790,On or near Knightswick Road,E01021493,Castle Point 009B,Anti-social behaviour,,
,2014-08,Essex Police,Essex Police,0.596192,51.526080,On or near Mornington Road,E01021493,Castle Point 009B,Anti-social behaviour,,
,2014-08,Essex Police,Essex Police,0.592746,51.523790,On or near Knightswick Road,E01021493,Castle Point 009B,Anti-social behaviour,,
,2014-08,Essex Police,Essex Police,0.602142,51.528529,On or near Abensburg Road,E01021493,Castle Point 009B,Anti-social behaviour,,
,2014-08,Essex Police,Essex Police,0.592746,51.523790,On or near Knightswick Road,E01021493,Castle Point 009B,Anti-social behaviour,,
,2014-08,Essex Police,Essex Police,0.602104,51.528107,On or near Berg Avenue,E01021493,Castle Point 009B,Anti-social behaviour,,
5e3426c0a514ad2066b7f619cb199a7010ae51c92bc65a834c13af35f3b5cff2,2014-08,Essex Police,Essex Police,0.602142,51.528529,On or near Abensburg Road,E01021493,Castle Point 009B,Criminal damage and arson,Under investigation,
686c3d46af8fc0c2c8d37080372fd743e1df83e340d7f8737cfec497eb7cf887,2014-08,Essex Police,Essex Police,0.599278,51.529384,On or near Kellington Road,E01021493,Castle Point 009B,Criminal damage and arson,Under investigation,
a19e8e77cb099da6950ceab612aa8d2b63f7478951bd315f8c84b79e32cc7538,2014-08,Essex Police,Essex Police,0.602142,51.528529,On or near Abensburg Road,E01021493,Castle Point 009B,Criminal damage and arson,Investigation complete; no suspect identified,
ef08844d67f2e38f974b8aeb9ed3dcf55e606bbc4aa3cba1c1d50637b3f257be,2014-08,Essex Police,Essex Police,0.594183,51.523462,On or near Adelsburg Road,E01021493,Castle Point 009B,Other theft,Investigation complete; no suspect identified,
25fed25738a54d878d0fb6d45aaf9dc1bd963ece6d9529c08ccc5a8976dfbc09,2014-08,Essex Police,Essex Police,0.596192,51.526080,On or near Mornington Road,E01021493,Castle Point 009B,Public order,Under investigation,
db730a9b8d67ad757d9dc7ba969eebc12d6c2662db0cb6b9e6eca179fcd67abc,2014-08,Essex Police,Essex Police,0.592746,51.523790,On or near Knightswick Road,E01021493,Castle Point 009B,Vehicle crime,Investigation complete; no suspect identified,
,2014-08,Essex Police,Essex Police,0.601814,51.526827,On or near Corona Road,E01021495,Castle Point 009C,Anti-social behaviour,,
335d1ffd2f6f55f206ab69e1dc0c3fd6a38b763d238f948ab4281f3dc9f9d382,2014-08,Essex Police,Essex Police,0.604863,51.527452,On or near Heilsburg Road,E01021495,Castle Point 009C,Other theft,Investigation complete; no suspect identified,
,2014-08,Essex Police,Essex Police,0.599792,51.524984,On or near Grove Road,E01021496,Castle Point 009D,Anti-social behaviour,,
,2014-08,Essex Police,Essex Police,0.601274,51.522918,On or near Petrol Station,E01021496,Castle Point 009D,Anti-social behaviour,,
,2014-08,Essex Police,Essex Police,0.599792,51.524984,On or near Grove Road,E01021496,Castle Point 009D,Anti-social behaviour,,
,2014-08,Essex Police,Essex Police,0.599792,51.524984,On or near Grove Road,E01021496,Castle Point 009D,Anti-social behaviour,,
b1ca218726497eb40232a1d73273b44b3cdbc3ae0bd263242e33723d4b261884,2014-08,Essex Police,Essex Police,0.599792,51.524984,On or near Grove Road,E01021496,Castle Point 009D,Criminal damage and arson,Under investigation,
6b1927407eb354cc85ed1d9b297eec6a059c21e78a341411a4f7e15cbcb331f6,2014-08,Essex Police,Essex Police,0.594866,51.523546,On or near Korndyk Avenue,E01021496,Castle Point 009D,Criminal damage and arson,Under investigation,
40bc6caf39e4014012000cdca461870363221903fd9d70c549677225de358d01,2014-08,Essex Police,Essex Police,0.597315,51.523510,On or near Rainbow Avenue,E01021496,Castle Point 009D,Criminal damage and arson,Under investigation,
b02de743bea44bf0035eaa265bfb30fe495a7ac1f57770afe2f8a9c95837b3e0,2014-08,Essex Police,Essex Police,0.601274,51.522918,On or near Petrol Station,E01021496,Castle Point 009D,Shoplifting,Awaiting court outcome,
aa7f287ff6c31e5aa100e9f3d97e59a51933c337ca97ede70b7a7b1496976609,2014-08,Essex Police,Essex Police,0.601274,51.522918,On or near Petrol Station,E01021496,Castle Point 009D,Shoplifting,Investigation complete; no suspect identified,
42414a2c62f98e869c9c4aad8fe46259e3f7ce765ec4f498072d6929697917f8,2014-08,Essex Police,Essex Police,0.598837,51.525931,On or near Essex Road,E01021496,Castle Point 009D,Shoplifting,Under investigation,
6e911d7d484b6e0f8d997d78b3c16bd830a7c45c489eaf0dd26a2cc82614af68,2014-08,Essex Police,Essex Police,0.598981,51.523410,On or near Keegan Place,E01021496,Castle Point 009D,Vehicle crime,Investigation complete; no suspect identified,
fdcefd7807882a63fe94bdfa97e6d81dc7d071281005caaa901fe11a76eec146,2014-08,Essex Police,Essex Police,0.601071,51.523642,On or near Barnards Avenue,E01021496,Castle Point 009D,Vehicle crime,Investigation complete; no suspect identified,
f09ade70c7decf6615356262fc64ce0497b9effad192080e504ef5cb3faae59e,2014-08,Essex Police,Essex Police,0.601274,51.522918,On or near Petrol Station,E01021496,Castle Point 009D,Vehicle crime,Investigation complete; no suspect identified,
5cc6e6b13f6373225bde1116133f2a8f150923536371e655ed2c3d59db02eada,2014-08,Essex Police,Essex Police,0.598771,51.523261,On or near Chamberlain Avenue,E01021496,Castle Point 009D,Vehicle crime,Under investigation,
8aea443fd9b4d5e70cdbb7357c1703ad1b7d7c482a62e6dbf1e6eb918dcd5f86,2014-08,Essex Police,Essex Police,0.599031,51.525045,On or near Clarendon Road,E01021496,Castle Point 009D,Violence and sexual offences,Awaiting court outcome,
a5ea9cd12363ed2c316763d639e660dfaca98c702614d2e046115c15e241fbef,2014-08,Essex Police,Essex Police,0.598771,51.523261,On or near Chamberlain Avenue,E01021496,Castle Point 009D,Violence and sexual offences,Unable to prosecute suspect,
d557ae15e4c865d3d978cf3ea6ab3f2699dc30d13b824a20d691cba98106deff,2014-08,Essex Police,Essex Police,0.594866,51.523546,On or near Korndyk Avenue,E01021496,Castle Point 009D,Violence and sexual offences,Under investigation,
9a72dffc8e2660e344e34539d02588cce39af693476156918fbdd3c7695ada50,2014-08,Essex Police,Essex Police,0.598771,51.523261,On or near Chamberlain Avenue,E01021496,Castle Point 009D,Violence and sexual offences,Unable to prosecute suspect,
91a89bae8075e546bafe1e859a4f29781d1d7eb7cc3974efa6aec188e3941a29,2014-08,Essex Police,Essex Police,0.601274,51.522918,On or near Petrol Station,E01021496,Castle Point 009D,Violence and sexual offences,Under investigation,
,2014-08,Essex Police,Essex Police,0.577728,51.521325,On or near Church Close,E01021485,Castle Point 010A,Anti-social behaviour,,
,2014-08,Essex Police,Essex Police,0.572687,51.521651,On or near Birch Close,E01021485,Castle Point 010A,Anti-social behaviour,,
,2014-08,Essex Police,Essex Police,0.578884,51.520337,On or near Thameside Crescent,E01021485,Castle Point 010A,Anti-social behaviour,,
,2014-08,Essex Police,Essex Police,0.570295,51.520391,On or near Miramar Avenue,E01021485,Castle Point 010A,Anti-social behaviour,,
e987fb69a9a5710b2eb64f61af4809ecc41756961ef5a4cfbd29af2177a90cf6,2014-08,Essex Police,Essex Police,0.571916,51.521533,On or near Sycamore Close,E01021485,Castle Point 010A,Burglary,Investigation complete; no suspect identified,
15c9d31b0ac42246b638fd92fa72c118c8fe3af8cf4591a3f358e98cb27fd6e8,2014-08,Essex Police,Essex Police,0.574904,51.522106,On or near Linden Way,E01021485,Castle Point 010A,Burglary,Under investigation,
067ee16f0e30c2708d50705b488afa4b88c9c2b168ab843363208590143ed0f5,2014-08,Essex Police,Essex Police,0.573796,51.522652,On or near Almond Walk,E01021485,Castle Point 010A,Criminal damage and arson,Under investigation,
9ce20213303da1d6e89cb3798a3765dfc455917cc1eec6faba0f7086b51ccd1c,2014-08,Essex Police,Essex Police,0.568393,51.521431,On or near Link Road,E01021485,Castle Point 010A,Criminal damage and arson,Unable to prosecute suspect,
1f607b7e84d906c9f1c291f5b99c408f4ed764f8a11ede08e92b9228625d6d5d,2014-08,Essex Police,Essex Police,0.571916,51.521533,On or near Sycamore Close,E01021485,Castle Point 010A,Drugs,Under investigation,
5e1a5f6f903ec8e04e801c74e4fcf1d00cbabc37f27e440157e511c005b1464d,2014-08,Essex Police,Essex Police,0.578708,51.521816,On or near North Avenue,E01021485,Castle Point 010A,Drugs,Awaiting court outcome,
8816c4ef2f69f6e82d8a301fb360a57ad0d86ed15e7d506c02eb0a44af27fa35,2014-08,Essex Police,Essex Police,0.578797,51.521103,On or near Princes Road,E01021485,Castle Point 010A,Other theft,Under investigation,
fe531eec9d8ec2e367b2e2414f6940d8d6fbee4c4dccc7a1bfb8f2b3d7a411f4,2014-08,Essex Police,Essex Police,0.571478,51.519906,On or near Long Road,E01021485,Castle Point 010A,Other theft,Investigation complete; no suspect identified,
6230f175dc0f53ea42e6514d3f9ce8065513afcb9395613f55fa5f4a8fecc796,2014-08,Essex Police,Essex Police,0.579766,51.520129,On or near Thameside Crescent,E01021485,Castle Point 010A,Vehicle crime,Under investigation,
41dce1757e995ace68e327964691cbf440923d615c12477594dad1d56474c9ee,2014-08,Essex Police,Essex Police,0.571916,51.521533,On or near Sycamore Close,E01021485,Castle Point 010A,Violence and sexual offences,Under investigation,
fd065d432e4fbb540968e5e316644b4362688803567587517fc682f2d041d6ea,2014-08,Essex Police,Essex Police,0.571300,51.523130,On or near Cherry Close,E01021485,Castle Point 010A,Violence and sexual offences,Unable to prosecute suspect,
4624654ba5941b2738425c99f455ab3dd885ca89e9fee1af9fc2d54154351adf,2014-08,Essex Police,Essex Police,0.571300,51.523130,On or near Cherry Close,E01021485,Castle Point 010A,Violence and sexual offences,Unable to prosecute suspect,
,2014-08,Essex Police,Essex Police,0.565542,51.522266,On or near First Avenue,E01021486,Castle Point 010B,Anti-social behaviour,,
,2014-08,Essex Police,Essex Police,0.565974,51.523282,On or near Second Avenue,E01021486,Castle Point 010B,Anti-social behaviour,,
,2014-08,Essex Police,Essex Police,0.565974,51.523282,On or near Second Avenue,E01021486,Castle Point 010B,Anti-social behaviour,,
,2014-08,Essex Police,Essex Police,0.565974,51.523282,On or near Second Avenue,E01021486,Castle Point 010B,Anti-social behaviour,,
,2014-08,Essex Police,Essex Police,0.565974,51.523282,On or near Second Avenue,E01021486,Castle Point 010B,Anti-social behaviour,,
,2014-08,Essex Police,Essex Police,0.565974,51.523282,On or near Second Avenue,E01021486,Castle Point 010B,Anti-social behaviour,,
,2014-08,Essex Police,Essex Police,0.565542,51.522266,On or near First Avenue,E01021486,Castle Point 010B,Anti-social behaviour,,
,2014-08,Essex Police,Essex Police,0.565974,51.523282,On or near Second Avenue,E01021486,Castle Point 010B,Anti-social behaviour,,
4b340c8159b75ce9d34a38b82c6ea4ac7b0102d3bb7ebe2019302c3f385b1326,2014-08,Essex Police,Essex Police,0.565974,51.523282,On or near Second Avenue,E01021486,Castle Point 010B,Burglary,Under investigation,
a0e0c345254c12b50debb99aae98fd0e19862062d8bfa8df73f99b839ab24b11,2014-08,Essex Police,Essex Police,0.568709,51.522953,On or near The Weald,E01021486,Castle Point 010B,Drugs,Under investigation,
17eda6373fe86bdb78e38be43eca07c31c8ca47cf70b7c57d372d4bb1695dfd2,2014-08,Essex Police,Essex Police,0.565974,51.523282,On or near Second Avenue,E01021486,Castle Point 010B,Violence and sexual offences,Unable to prosecute suspect,
,2014-08,Essex Police,Essex Police,0.579998,51.523730,On or near Denham Road,E01021488,Castle Point 010C,Anti-social behaviour,,
,2014-08,Essex Police,Essex Police,0.575298,51.524499,On or near Cedar Road,E01021488,Castle Point 010C,Anti-social behaviour,,
,2014-08,Essex Police,Essex Police,0.577597,51.524358,On or near West Crescent,E01021488,Castle Point 010C,Anti-social behaviour,,
,2014-08,Essex Police,Essex Police,0.580727,51.523363,On or near Tilburg Road,E01021488,Castle Point 010C,Anti-social behaviour,,
fbaed6e4efb792255cc43f9dae7a7a4ef928589dd172ab74e791492a5696018b,2014-08,Essex Police,Essex Police,0.577528,51.522624,On or near Little Gypps Close,E01021488,Castle Point 010C,Burglary,Under investigation,
58e36a821809d1f289fead7c5e7e57f7e7f0240250d16714ff69c4ac7a87deff,2014-08,Essex Police,Essex Police,0.577597,51.524358,On or near West Crescent,E01021488,Castle Point 010C,Criminal damage and arson,Investigation complete; no suspect identified,
eb108ca69b3f12ebbd9b13c9d7721cb465d1be6ace85e085231cd16446f2fa81,2014-08,Essex Police,Essex Police,0.577528,51.522624,On or near Little Gypps Close,E01021488,Castle Point 010C,Criminal damage and arson,Under investigation,
ce5abd77a5234288dc85f4aa579adb0bd02e2f49204c307e802ea9b4bfb36e8d,2014-08,Essex Police,Essex Police,0.580727,51.523363,On or near Tilburg Road,E01021488,Castle Point 010C,Other theft,Investigation complete; no suspect identified,
9f8fd68d9e2397892d2251f33ead37495aaa69fb46d34855bb3fdc35777d2953,2014-08,Essex Police,Essex Police,0.577597,51.524358,On or near West Crescent,E01021488,Castle Point 010C,Theft from the person,Unable to prosecute suspect,
bc381108f1224a9e5068f29ccec69046afb13fd89a490343d9f1511e7d2d0bbf,2014-08,Essex Police,Essex Police,0.578819,51.524556,On or near East Crescent,E01021488,Castle Point 010C,Vehicle crime,Under investigation,
a05d78b831e7f5e44d761cc9600bc0602a028b3b99a2498203a5eb90680632bb,2014-08,Essex Police,Essex Police,0.577528,51.522624,On or near Little Gypps Close,E01021488,Castle Point 010C,Violence and sexual offences,Unable to prosecute suspect,
,2014-08,Essex Police,Essex Police,0.553282,51.527058,On or near Roscommon Way,E01021503,Castle Point 010D,Anti-social behaviour,,
,2014-08,Essex Police,Essex Police,0.568429,51.534632,On or near Somnes Avenue,E01021503,Castle Point 010D,Anti-social behaviour,,
,2014-08,Essex Police,Essex Police,0.553282,51.527058,On or near Roscommon Way,E01021503,Castle Point 010D,Anti-social behaviour,,
,2014-08,Essex Police,Essex Police,0.565312,51.526121,On or near Third Avenue,E01021503,Castle Point 010D,Anti-social behaviour,,
,2014-08,Essex Police,Essex Police,0.551039,51.524067,On or near Petrol Station,E01021503,Castle Point 010D,Anti-social behaviour,,
,2014-08,Essex Police,Essex Police,0.551039,51.524067,On or near Petrol Station,E01021503,Castle Point 010D,Anti-social behaviour,,
,2014-08,Essex Police,Essex Police,0.553282,51.527058,On or near Roscommon Way,E01021503,Castle Point 010D,Anti-social behaviour,,
,2014-08,Essex Police,Essex Police,0.559057,51.523856,On or near St Marks Road,E01021503,Castle Point 010D,Anti-social behaviour,,
,2014-08,Essex Police,Essex Police,0.553282,51.527058,On or near Roscommon Way,E01021503,Castle Point 010D,Anti-social behaviour,,
,2014-08,Essex Police,Essex Police,0.558450,51.525110,On or near Dyke Crescent,E01021503,Castle Point 010D,Anti-social behaviour,,
,2014-08,Essex Police,Essex Police,0.553282,51.527058,On or near Roscommon Way,E01021503,Castle Point 010D,Anti-social behaviour,,
,2014-08,Essex Police,Essex Police,0.553282,51.527058,On or near Roscommon Way,E01021503,Castle Point 010D,Anti-social behaviour,,
,2014-08,Essex Police,Essex Police,0.553282,51.527058,On or near Roscommon Way,E01021503,Castle Point 010D,Anti-social behaviour,,
,2014-08,Essex Police,Essex Police,0.551039,51.524067,On or near Petrol Station,E01021503,Castle Point 010D,Anti-social behaviour,,
,2014-08,Essex Police,Essex Police,0.551039,51.524067,On or near Petrol Station,E01021503,Castle Point 010D,Anti-social behaviour,,
,2014-08,Essex Police,Essex Police,0.553282,51.527058,On or near Roscommon Way,E01021503,Castle Point 010D,Anti-social behaviour,,
,2014-08,Essex Police,Essex Police,0.553282,51.527058,On or near Roscommon Way,E01021503,Castle Point 010D,Anti-social behaviour,,
,2014-08,Essex Police,Essex Police,0.553282,51.527058,On or near Roscommon Way,E01021503,Castle Point 010D,Anti-social behaviour,,
,2014-08,Essex Police,Essex Police,0.553282,51.527058,On or near Roscommon Way,E01021503,Castle Point 010D,Anti-social behaviour,,
,2014-08,Essex Police,Essex Police,0.553282,51.527058,On or near Roscommon Way,E01021503,Castle Point 010D,Anti-social behaviour,,
,2014-08,Essex Police,Essex Police,0.553282,51.527058,On or near Roscommon Way,E01021503,Castle Point 010D,Anti-social behaviour,,
,2014-08,Essex Police,Essex Police,0.553282,51.527058,On or near Roscommon Way,E01021503,Castle Point 010D,Anti-social behaviour,,
,2014-08,Essex Police,Essex Police,0.553282,51.527058,On or near Roscommon Way,E01021503,Castle Point 010D,Anti-social behaviour,,
,2014-08,Essex Police,Essex Police,0.553282,51.527058,On or near Roscommon Way,E01021503,Castle Point 010D,Anti-social behaviour,,
,2014-08,Essex Police,Essex Police,0.551039,51.524067,On or near Petrol Station,E01021503,Castle Point 010D,Anti-social behaviour,,
,2014-08,Essex Police,Essex Police,0.553282,51.527058,On or near Roscommon Way,E01021503,Castle Point 010D,Anti-social behaviour,,
,2014-08,Essex Police,Essex Police,0.559103,51.523127,On or near St Pauls Road,E01021503,Castle Point 010D,Anti-social behaviour,,
,2014-08,Essex Police,Essex Police,0.553282,51.527058,On or near Roscommon Way,E01021503,Castle Point 010D,Anti-social behaviour,,
,2014-08,Essex Police,Essex Police,0.553282,51.527058,On or near Roscommon Way,E01021503,Castle Point 010D,Anti-social behaviour,,
,2014-08,Essex Police,Essex Police,0.553282,51.527058,On or near Roscommon Way,E01021503,Castle Point 010D,Anti-social behaviour,,
,2014-08,Essex Police,Essex Police,0.551039,51.524067,On or near Petrol Station,E01021503,Castle Point 010D,Anti-social behaviour,,
,2014-08,Essex Police,Essex Police,0.558450,51.525110,On or near Dyke Crescent,E01021503,Castle Point 010D,Anti-social behaviour,,
,2014-08,Essex Police,Essex Police,0.551039,51.524067,On or near Petrol Station,E01021503,Castle Point 010D,Anti-social behaviour,,
02e34a7cc89018594a92050832cba0e4033cea1f26eda52efa31f898021925cd,2014-08,Essex Police,Essex Police,0.559418,51.521294,On or near Vikings Way,E01021503,Castle Point 010D,Burglary,Under investigation,
1ddbb622d7ca82b10183a56b000a5ecc8e9ee97c0c70cf0afefd2ded9d7e137a,2014-08,Essex Police,Essex Police,0.559487,51.520465,On or near Shannon Way,E01021503,Castle Point 010D,Burglary,Under investigation,
b55ef36a781ad93929f96da42639bf1e2ff6edc749c4aa8118b2a9a86bee460b,2014-08,Essex Police,Essex Police,0.559418,51.521294,On or near Vikings Way,E01021503,Castle Point 010D,Burglary,Under investigation,
ba001a0fff3e5ac19727f3eee2684e19f80ba47cfd493b5957f72685d1392103,2014-08,Essex Police,Essex Police,0.560525,51.526882,On or near Limberg Road,E01021503,Castle Point 010D,Criminal damage and arson,Investigation complete; no suspect identified,
fda2f9617fd9219a820537424a63654e7f0eeed3f5706d0c64b2f89eaba4816a,2014-08,Essex Police,Essex Police,0.559156,51.526390,On or near Haarlem Road,E01021503,Castle Point 010D,Criminal damage and arson,Under investigation,
ea0545c616c5b326d1657f5d1f3bf1b10a454e89ce122a3bdf0702c336ce0fe5,2014-08,Essex Police,Essex Police,0.559088,51.522084,On or near Charfleets Service Road,E01021503,Castle Point 010D,Criminal damage and arson,Under investigation,
e735d693e5de4bd92a7b01106d18c8dbbb7209a658e367e5bf99350b6198286c,2014-08,Essex Police,Essex Police,0.551039,51.524067,On or near Petrol Station,E01021503,Castle Point 010D,Other theft,Investigation complete; no suspect identified,
4c29fa177e2d7afb5015b3a2d6615ab39647bef53719951b82e29ac3d68c8582,2014-08,Essex Police,Essex Police,0.551039,51.524067,On or near Petrol Station,E01021503,Castle Point 010D,Other theft,Under investigation,
2720549d3ef77c283630d30ff00d61f313c60a89de1b43829df012835120fc7d,2014-08,Essex Police,Essex Police,0.560678,51.523452,On or near St Andrews Close,E01021503,Castle Point 010D,Other theft,Under investigation,
e5e9b16c47d176ab8bb074264a1e87c3c2720149cda6fb059b94d80ec006cab5,2014-08,Essex Police,Essex Police,0.559487,51.520465,On or near Shannon Way,E01021503,Castle Point 010D,Other theft,Investigation complete; no suspect identified,
f96c64f0ab1b560d67e96b0bf5f733d7f2d6d314891fecb24f5e474d336a7f62,2014-08,Essex Police,Essex Police,0.551039,51.524067,On or near Petrol Station,E01021503,Castle Point 010D,Public order,Local resolution,
37179b9fde5ba27317770f209747faec1b559c3c605b1ba055250b092c772891,2014-08,Essex Police,Essex Police,0.556484,51.522446,On or near Mulberry Road,E01021503,Castle Point 010D,Vehicle crime,Under investigation,
8438192198821ee9cfb98ccfecc66061a9531c5932fede2c843c3b6648791625,2014-08,Essex Police,Essex Police,0.559156,51.526390,On or near Haarlem Road,E01021503,Castle Point 010D,Vehicle crime,Investigation complete; no suspect identified,
316bb7d5603f618c66cdf034fdceab498fe1f26eed22b7462152831d774cd4f5,2014-08,Essex Police,Essex Police,0.552753,51.520432,On or near Cambria Close,E01021503,Castle Point 010D,Vehicle crime,Under investigation,
f7e5bf9dcc996426db98f39fe2e0ce1649db18cd06eb32753fe9eec57213fe0c,2014-08,Essex Police,Essex Police,0.555911,51.520444,On or near Runwood Road,E01021503,Castle Point 010D,Vehicle crime,Under investigation,
a9b90a9202ce2bee7163502630c3820113d7b4014f47a5a93be54ad627248e6b,2014-08,Essex Police,Essex Police,0.556484,51.522446,On or near Mulberry Road,E01021503,Castle Point 010D,Vehicle crime,Under investigation,
ec7f47b96ae330096db1a779a1e8d9dd3cf02650c9849d95035a5ecc05347699,2014-08,Essex Police,Essex Police,0.560678,51.523452,On or near St Andrews Close,E01021503,Castle Point 010D,Violence and sexual offences,Under investigation,
3bd2ebb8cca641d1c33d88898e0100a07609feddbbe67e4a4503049cbbf1a8df,2014-08,Essex Police,Essex Police,0.562910,51.524168,On or near St Christophers Close,E01021503,Castle Point 010D,Violence and sexual offences,Unable to prosecute suspect,
2cccc85ce741dc9bdf29fcdd064dd9c968ee1fb78176bfc9cd8c63bc1a56a3d6,2014-08,Essex Police,Essex Police,0.559616,51.525589,On or near Limburg Road,E01021503,Castle Point 010D,Violence and sexual offences,Under investigation,
a3d81ef19308342bee67a40944d3f885c44e1a04b916c56a5df7cc42f228ff54,2014-08,Essex Police,Essex Police,0.560678,51.523452,On or near St Andrews Close,E01021503,Castle Point 010D,Violence and sexual offences,Under investigation,
47ee74096ab0dfc15e6ae7003dc97654e61e3a9fd5ad45193575f7277ee08e10,2014-08,Essex Police,Essex Police,0.559156,51.526390,On or near Haarlem Road,E01021503,Castle Point 010D,Violence and sexual offences,Under investigation,
842a3d4554efb82b29ecd7d329dd59ea02d4c498e529061d2a40b18af8bc1ca6,2014-08,Essex Police,Essex Police,0.562910,51.524168,On or near St Christophers Close,E01021503,Castle Point 010D,Violence and sexual offences,Unable to prosecute suspect,
,2014-08,Essex Police,Essex Police,0.571804,51.529270,On or near Church Parade,E01021507,Castle Point 010E,Anti-social behaviour,,
,2014-08,Essex Police,Essex Police,0.573564,51.527235,On or near Helmsdale,E01021507,Castle Point 010E,Anti-social behaviour,,
,2014-08,Essex Police,Essex Police,0.568327,51.525380,On or near Seventh Avenue,E01021507,Castle Point 010E,Anti-social behaviour,,
,2014-08,Essex Police,Essex Police,0.573564,51.527235,On or near Helmsdale,E01021507,Castle Point 010E,Anti-social behaviour,,
,2014-08,Essex Police,Essex Police,0.569542,51.527242,On or near St Guiberts Road,E01021507,Castle Point 010E,Anti-social behaviour,,
144757043ff4af3c384b7fb43345c23790a3f5a5dd7659f446ead7a1a96d99a7,2014-08,Essex Police,Essex Police,0.572149,51.530270,On or near Waterdene,E01021507,Castle Point 010E,Burglary,Under investigation,
2a078be1803d1c5a3088ae6b8fb0b92c2eb09d821467512547b47564995caaff,2014-08,Essex Police,Essex Police,0.569542,51.527242,On or near St Guiberts Road,E01021507,Castle Point 010E,Burglary,Under investigation,
0224c28f01006a0d726f2e1003456fd95e3e9b0d32232efd93ab46dbf789a0d7,2014-08,Essex Police,Essex Police,0.571785,51.526626,On or near Benderloch,E01021507,Castle Point 010E,Criminal damage and arson,Under investigation,
916d02c1974483ef8c3b3a4ddca6b93da9b0d443655a500659dce2d301522228,2014-08,Essex Police,Essex Police,0.567754,51.525707,On or near Fifth Avenue,E01021507,Castle Point 010E,Vehicle crime,Under investigation,
1f54666a2da3490a01627097cc990eeb268470d13313f831595ea6948a94003a,2014-08,Essex Police,Essex Police,0.568327,51.525380,On or near Seventh Avenue,E01021507,Castle Point 010E,Vehicle crime,Investigation complete; no suspect identified,
625536b179b5beea9c5801545e0a76ad7d61d9f2e0e6af2c2d4efe776e739daf,2014-08,Essex Police,Essex Police,0.572355,51.527531,On or near Braemore,E01021507,Castle Point 010E,Vehicle crime,Investigation complete; no suspect identified,
ca65edb1b7370b61166d2c76d166a3f62da4bbc70491e48a0788cf3b355ab2d0,2014-08,Essex Police,Essex Police,0.569000,51.526328,On or near Dinant Avenue,E01021507,Castle Point 010E,Vehicle crime,Awaiting court outcome,
842c652a7a232f59910df7e7a2753407084780ca827ba7a9070da3b66ffe196d,2014-08,Essex Police,Essex Police,0.567737,51.526166,On or near Sixth Avenue,E01021507,Castle Point 010E,Vehicle crime,Investigation complete; no suspect identified,
,2014-08,Essex Police,Essex Police,0.570999,51.524962,On or near Suffolk Way,E01021508,Castle Point 010F,Anti-social behaviour,,
,2014-08,Essex Police,Essex Police,0.573665,51.526729,On or near Link Road,E01021508,Castle Point 010F,Anti-social behaviour,,
,2014-08,Essex Police,Essex Police,0.576223,51.527347,On or near Eastways,E01021508,Castle Point 010F,Anti-social behaviour,,
,2014-08,Essex Police,Essex Police,0.570999,51.524962,On or near Suffolk Way,E01021508,Castle Point 010F,Anti-social behaviour,,
64cda046a82b1c3383b54cb541cf377d2a8821c4c2b4776cf21efc78d09b671f,2014-08,Essex Police,Essex Police,0.576010,51.526893,On or near Brindles,E01021508,Castle Point 010F,Burglary,Investigation complete; no suspect identified,
40797e793bc6ce016f2e8c53086faf33e9f00d0a60e4fadc835aa9e1065acbd1,2014-08,Essex Police,Essex Police,0.570999,51.524962,On or near Suffolk Way,E01021508,Castle Point 010F,Criminal damage and arson,Under investigation,
ba771a8f2e48f4100f09477558c030986741a717bd13ff5d3965d7f261975a4a,2014-08,Essex Police,Essex Police,0.576010,51.526893,On or near Brindles,E01021508,Castle Point 010F,Criminal damage and arson,Under investigation,
ef889083a7d34a265d3fcb9bbcaa0c15101a99c7d08a22a70ba47008950f8710,2014-08,Essex Police,Essex Police,0.570999,51.524962,On or near Suffolk Way,E01021508,Castle Point 010F,Criminal damage and arson,Under investigation,
4273aacf203298d1d546bc0adcb6355c9a072db9ce6453bbda03fbba349f3223,2014-08,Essex Police,Essex Police,0.570999,51.524962,On or near Suffolk Way,E01021508,Castle Point 010F,Possession of weapons,Under investigation,
6f81f590caf71e6129cec0ea00d8a08e2ce2af9a54cf7da5a667abff671ceb08,2014-08,Essex Police,Essex Police,0.570999,51.524962,On or near Suffolk Way,E01021508,Castle Point 010F,Violence and sexual offences,Under investigation,
6a4e6e21d1084d6abdfceffc01e3567c635351db9221bd59b28830ee1460c034,2014-08,Essex Police,Essex Police,0.570999,51.524962,On or near Suffolk Way,E01021508,Castle Point 010F,Violence and sexual offences,Under investigation,
,2014-08,Essex Police,Essex Police,0.584076,51.521401,On or near Lylt Road,E01021484,Castle Point 011A,Anti-social behaviour,,
,2014-08,Essex Police,Essex Police,0.587829,51.521228,On or near Lionel Road,E01021484,Castle Point 011A,Anti-social behaviour,,
,2014-08,Essex Police,Essex Police,0.587829,51.521228,On or near Lionel Road,E01021484,Castle Point 011A,Anti-social behaviour,,
,2014-08,Essex Police,Essex Police,0.591193,51.521064,On or near Haron Close,E01021484,Castle Point 011A,Anti-social behaviour,,
dc09e27349a09ebf5fcbab7f1ca0857cde7876e4e4b63b4a8503623d9fff9195,2014-08,Essex Police,Essex Police,0.584223,51.522468,On or near Pennial Road,E01021484,Castle Point 011A,Violence and sexual offences,Unable to prosecute suspect,
ac36c74c4cb524af99cdb1061d87fd75ae0cc264535d74dac6dc2e435a1440d4,2014-08,Essex Police,Essex Police,0.589177,51.522880,On or near Vaagen Road,E01021484,Castle Point 011A,Violence and sexual offences,Under investigation,
,2014-08,Essex Police,Essex Police,0.592568,51.518623,On or near Windsor Close,E01021498,Castle Point 011B,Anti-social behaviour,,
,2014-08,Essex Police,Essex Police,0.594395,51.522108,On or near Parking Area,E01021498,Castle Point 011B,Anti-social behaviour,,
,2014-08,Essex Police,Essex Police,0.592568,51.518623,On or near Windsor Close,E01021498,Castle Point 011B,Anti-social behaviour,,
,2014-08,Essex Police,Essex Police,0.594376,51.518232,On or near Blackthorne Road,E01021498,Castle Point 011B,Anti-social behaviour,,
,2014-08,Essex Police,Essex Police,0.595728,51.522744,On or near Petrol Station,E01021498,Castle Point 011B,Anti-social behaviour,,
,2014-08,Essex Police,Essex Police,0.594376,51.518232,On or near Blackthorne Road,E01021498,Castle Point 011B,Anti-social behaviour,,
,2014-08,Essex Police,Essex Police,0.594402,51.521730,On or near Foksville Road,E01021498,Castle Point 011B,Anti-social behaviour,,
,2014-08,Essex Police,Essex Police,0.594376,51.518232,On or near Blackthorne Road,E01021498,Castle Point 011B,Anti-social behaviour,,
,2014-08,Essex Police,Essex Police,0.592568,51.518623,On or near Windsor Close,E01021498,Castle Point 011B,Anti-social behaviour,,
,2014-08,Essex Police,Essex Police,0.594395,51.522108,On or near Parking Area,E01021498,Castle Point 011B,Anti-social behaviour,,
,2014-08,Essex Police,Essex Police,0.594376,51.518232,On or near Blackthorne Road,E01021498,Castle Point 011B,Anti-social behaviour,,
,2014-08,Essex Police,Essex Police,0.594395,51.522108,On or near Parking Area,E01021498,Castle Point 011B,Anti-social behaviour,,
,2014-08,Essex Police,Essex Police,0.591181,51.519337,On or near Sports/Recreation Area,E01021498,Castle Point 011B,Anti-social behaviour,,
7e4fb7da4f4191c7676c4e0d6ce45d9b0417ea6e65306093bc7b301ba60731f1,2014-08,Essex Police,Essex Police,0.591181,51.519337,On or near Sports/Recreation Area,E01021498,Castle Point 011B,Bicycle theft,Under investigation,
d22cb67cecf0f2e94f65b255b38a2526ec544ed4485c8f2d7092137a5244c991,2014-08,Essex Police,Essex Police,0.594395,51.522108,On or near Parking Area,E01021498,Castle Point 011B,Criminal damage and arson,Investigation complete; no suspect identified,
d0b0998e1a23532c4b8cb5cd3693d42815c1099c19f95eb8e73f84ae36853e5a,2014-08,Essex Police,Essex Police,0.594402,51.521730,On or near Foksville Road,E01021498,Castle Point 011B,Criminal damage and arson,Investigation complete; no suspect identified,
2d293aa34f864f976722e14789f6563c1bcf5ea4a13e48dc1288c51717decc1a,2014-08,Essex Police,Essex Police,0.594048,51.517529,On or near Poplar Road,E01021498,Castle Point 011B,Criminal damage and arson,Investigation complete; no suspect identified,
35a90cd0da31b01ee018a3b1b6f7a41b6b4abdfd5ffc5d0b09813b389364605f,2014-08,Essex Police,Essex Police,0.595728,51.522744,On or near Petrol Station,E01021498,Castle Point 011B,Other theft,Under investigation,
fa187db1728ccf680c88b7227bd64052978934fb138c59bfa620dc2025416b86,2014-08,Essex Police,Essex Police,0.592233,51.521616,On or near Lionel Road,E01021498,Castle Point 011B,Other theft,Investigation complete; no suspect identified,
8ea9a9298ab34e6b8cb104c176856ef5cef5c319f9b260aa2681d34fcbd9fad7,2014-08,Essex Police,Essex Police,0.592568,51.518623,On or near Windsor Close,E01021498,Castle Point 011B,Possession of weapons,Under investigation,
45a897af5886fc64ebc53f43663f42aa188dd4a05356d2dddb2532d9a7789d8c,2014-08,Essex Police,Essex Police,0.592220,51.520870,On or near Supermarket,E01021498,Castle Point 011B,Shoplifting,Under investigation,
0faf02a43a42114324354c35eae7b199ecd71b5e11f5dd86c0f2f75911ddf80e,2014-08,Essex Police,Essex Police,0.592220,51.520870,On or near Supermarket,E01021498,Castle Point 011B,Shoplifting,Awaiting court outcome,
c79a5aa02ac09b6a36d6fef68009dd7c4623e991e67dd11a3fff8fe5b64d5764,2014-08,Essex Police,Essex Police,0.593705,51.520379,On or near Oak Road,E01021498,Castle Point 011B,Violence and sexual offences,Under investigation,
8c2d0382fced9ade05abbb02f23117078622540a86f68c134184b4ab63f7e787,2014-08,Essex Police,Essex Police,0.591639,51.516989,On or near The Avenue,E01021498,Castle Point 011B,Violence and sexual offences,Under investigation,
ef4d6eed8592371c1b7bb959ba3e41f61cf0891351040f079797c07aa7ed7317,2014-08,Essex Police,Essex Police,0.593705,51.520379,On or near Oak Road,E01021498,Castle Point 011B,Violence and sexual offences,Under investigation,
12a5e6aa89c41e10022f5d0721230ef45baca8f3cd705f9c17600b7ea0cea029,2014-08,Essex Police,Essex Police,0.598547,51.519336,On or near Bramble Road,E01021498,Castle Point 011B,Violence and sexual offences,Unable to prosecute suspect,
1926e618cf7ac842bc13e19fb57472dd8eeceb7bc843be278688fbe8f6cdddf9,2014-08,Essex Police,Essex Police,0.592497,51.521692,On or near Furtherwick Road,E01021498,Castle Point 011B,Violence and sexual offences,Under investigation,
583059baab9f178758c9cc994c79dbd6884cb80a82b5649ec49d3ab163c506b0,2014-08,Essex Police,Essex Police,0.593705,51.520379,On or near Oak Road,E01021498,Castle Point 011B,Violence and sexual offences,Under investigation,
,2014-08,Essex Police,Essex Police,0.587247,51.519109,On or near Runnymede Road,E01021499,Castle Point 011C,Anti-social behaviour,,
,2014-08,Essex Police,Essex Police,0.590484,51.514676,On or near Leigh Road,E01021499,Castle Point 011C,Anti-social behaviour,,
,2014-08,Essex Police,Essex Police,0.588512,51.520314,On or near Long Road,E01021499,Castle Point 011C,Anti-social behaviour,,
,2014-08,Essex Police,Essex Police,0.592524,51.514055,On or near Sylvan Close,E01021499,Castle Point 011C,Anti-social behaviour,,
c62df150a186deb7434d0013b1a71957276da802652422c882b571ba573493d2,2014-08,Essex Police,Essex Police,0.583863,51.518914,On or near Rose Road,E01021499,Castle Point 011C,Burglary,Investigation complete; no suspect identified,
27d0756235ead7389aaec055094270af352a629c730cd30f07f8dbf7c83c758a,2014-08,Essex Police,Essex Police,0.587528,51.514912,On or near Ferndale Crescent,E01021499,Castle Point 011C,Burglary,Under investigation,
7214db619eddeb3c7cfb60beebb5c6d4b571afc4f29efc16511e74fa4979debd,2014-08,Essex Police,Essex Police,0.588874,51.512724,On or near The Cherries,E01021499,Castle Point 011C,Drugs,Under investigation,
756dd272508b0dbaccb6d3445ec9faaee45ff734c66e18bf413454d14e188d7a,2014-08,Essex Police,Essex Police,0.585283,51.518020,On or near Kitkatts Road,E01021499,Castle Point 011C,Other theft,Investigation complete; no suspect identified,
,2014-08,Essex Police,Essex Police,0.560753,51.517596,On or near Coker Road,E01021501,Castle Point 011D,Anti-social behaviour,,
aaec1b7e474ad9d6550cd5d23529ffcdcf771de27acbfe2ed62f62e22308bbb3,2014-08,Essex Police,Essex Police,0.572224,51.516508,On or near Hawkesbury Close,E01021501,Castle Point 011D,Burglary,Under investigation,
b2dd05aa193316f0652d6e648dbdbfa6cb61ab4a57b8621e35aba52f0a59f51f,2014-08,Essex Police,Essex Police,0.554409,51.511394,On or near Haven Quays,E01021501,Castle Point 011D,Burglary,Under investigation,
d5362290d88fd668f493a9b3265d0fefef829cffefa23df4d140bb3bf041ea2d,2014-08,Essex Police,Essex Police,0.572224,51.516508,On or near Hawkesbury Close,E01021501,Castle Point 011D,Criminal damage and arson,Under investigation,
9edade71169adb35b4ecc5c73dcbfff5b40d2f30364c86f773a0bb2a29828371,2014-08,Essex Police,Essex Police,0.572224,51.516508,On or near Hawkesbury Close,E01021501,Castle Point 011D,Drugs,Awaiting court outcome,
ddccacf4ec183cf8664e27d6b1c1c85be8b2ea44cb0ad686901cb4775a324f8c,2014-08,Essex Police,Essex Police,0.567412,51.519635,On or near Petrol Station,E01021501,Castle Point 011D,Other theft,Local resolution,
31cb8aefab232818115a85a30211ad37f011135b2cac835157a8e2f9fd90f86c,2014-08,Essex Police,Essex Police,0.562615,51.519947,On or near Palmerstone Road,E01021501,Castle Point 011D,Other theft,Investigation complete; no suspect identified,
3da9b26054f817b3eca983fe5024ca0251b5370c784dfa27961c1ac60660713f,2014-08,Essex Police,Essex Police,0.567412,51.519635,On or near Petrol Station,E01021501,Castle Point 011D,Other theft,Under investigation,
6c7bc9b7d50a5657e6be5eb38e27b06ed20f4e4cd3b66e5c77047559d2c1e01a,2014-08,Essex Police,Essex Police,0.567412,51.519635,On or near Petrol Station,E01021501,Castle Point 011D,Other theft,Investigation complete; no suspect identified,
0a420e7b0445e2b0d38098996256e2da4ee84aa4e8db002d1ffcbbe4ed95ce2f,2014-08,Essex Police,Essex Police,0.564468,51.519052,On or near Haven Close,E01021501,Castle Point 011D,Violence and sexual offences,Under investigation,
,2014-08,Essex Police,Essex Police,0.581411,51.519409,On or near Stanford Road,E01021502,Castle Point 011E,Anti-social behaviour,,
,2014-08,Essex Police,Essex Police,0.576455,51.518942,On or near Hertford Road,E01021502,Castle Point 011E,Anti-social behaviour,,
,2014-08,Essex Police,Essex Police,0.576805,51.519519,On or near Matlock Road,E01021502,Castle Point 011E,Anti-social behaviour,,
,2014-08,Essex Police,Essex Police,0.579937,51.518065,On or near Beverley Avenue,E01021502,Castle Point 011E,Anti-social behaviour,,
,2014-08,Essex Police,Essex Police,0.579366,51.515353,On or near Azalea Mews,E01021502,Castle Point 011E,Anti-social behaviour,,
,2014-08,Essex Police,Essex Police,0.576805,51.519519,On or near Matlock Road,E01021502,Castle Point 011E,Anti-social behaviour,,
,2014-08,Essex Police,Essex Police,0.576805,51.519519,On or near Matlock Road,E01021502,Castle Point 011E,Anti-social behaviour,,
6d390c5d363796bd0503a06ee212a31384c2c8a8643a30b1eff978a2eedc9575,2014-08,Essex Police,Essex Police,0.575195,51.519357,On or near Cambridge Road,E01021502,Castle Point 011E,Burglary,Under investigation,
e98b7ff172a32963881d0dea89488ab15f7e071fe02d247304f018862457600a,2014-08,Essex Police,Essex Police,0.575810,51.518246,On or near Hayes Lane,E01021502,Castle Point 011E,Burglary,Under investigation,
d82aee9bf81fbb5cbbcbbf6e6e317631ed36aff5e3eabdab60e23a61ae6721b1,2014-08,Essex Police,Essex Police,0.579366,51.515353,On or near Azalea Mews,E01021502,Castle Point 011E,Criminal damage and arson,Under investigation,
1a096dd865f7fa14f6cfbb9f7fc6feaf1bd0e491af2cf1a6163742189068bb7c,2014-08,Essex Police,Essex Police,0.579366,51.515353,On or near Azalea Mews,E01021502,Castle Point 011E,Criminal damage and arson,Under investigation,
cdcb5f3afc2508b43324d8fdf280f22a923f3ab61abae12ea1c10c48d3494063,2014-08,Essex Police,Essex Police,0.581746,51.516155,On or near Lambourne,E01021502,Castle Point 011E,Criminal damage and arson,Under investigation,
3790768b47c9f4c46155f1cbbc787e11a2a033b91a9fd3c17c768d19bc1c2e36,2014-08,Essex Police,Essex Police,0.576805,51.519519,On or near Matlock Road,E01021502,Castle Point 011E,Other theft,Under investigation,
58249162a7c456ea1875abed36b3cc7c89164d7031231d603523449d0cd67dc4,2014-08,Essex Police,Essex Police,0.581077,51.519875,On or near Police Station,E01021502,Castle Point 011E,Other theft,Investigation complete; no suspect identified,
1e56e8db38eb5601a561ccc1d0ea131ec3b9c786224ef87a0aa5fc3c5258b2b3,2014-08,Essex Police,Essex Police,0.579366,51.515353,On or near Azalea Mews,E01021502,Castle Point 011E,Public order,Under investigation,
5e49bc9d472e782548fbbd4193fe0369e60a6ea80db58da1ffa13a787b179b4b,2014-08,Essex Police,Essex Police,0.579366,51.515353,On or near Azalea Mews,E01021502,Castle Point 011E,Violence and sexual offences,Unable to prosecute suspect,
e34d75fa4e3818118b852dfd0c0e01e43484d8800a596e41364afe7e8770c255,2014-08,Essex Police,Essex Police,0.579366,51.515353,On or near Azalea Mews,E01021502,Castle Point 011E,Violence and sexual offences,Under investigation,
862641046ffd1dabb13b99b126309c80a3ac1c4123939d67b9f3d01151eedb2e,2014-08,Essex Police,Essex Police,0.579366,51.515353,On or near Azalea Mews,E01021502,Castle Point 011E,Violence and sexual offences,Under investigation,
8a4b50afdc6035007c3fff05c96dfd60456aed77c3037630df0d77802b6e988b,2014-08,Essex Police,Essex Police,0.577019,51.516160,On or near Lavender Mews,E01021502,Castle Point 011E,Violence and sexual offences,Under investigation,
bdb5b619e2e3588010f6206b16de34f5a47f26634b8085d61c409ba4f4ce4a9a,2014-08,Essex Police,Essex Police,0.575195,51.519357,On or near Cambridge Road,E01021502,Castle Point 011E,Violence and sexual offences,Awaiting court outcome,
933999a1b8e5ba0f7f6ac19a01176c3099c819efaf8a31a8cf54bc67ca3b90bb,2014-08,Essex Police,Essex Police,0.577019,51.516160,On or near Lavender Mews,E01021502,Castle Point 011E,Violence and sexual offences,Under investigation,
c50bba500aa61cfd5fbe9d49c47cb81852b283e8f63545a9ff162dd20fb34eb5,2014-08,Essex Police,Essex Police,0.579366,51.515353,On or near Azalea Mews,E01021502,Castle Point 011E,Violence and sexual offences,Under investigation,
9759dcb079016cc7668cec440019a5b80d8f5a716d0bc25516688dc6d830d14e,2014-08,Essex Police,Essex Police,0.579366,51.515353,On or near Azalea Mews,E01021502,Castle Point 011E,Violence and sexual offences,Under investigation,
29f74c328305613d6ab0ee73086b9fc2b10e35e1749cd85bd58a8e93ca711f18,2014-08,Essex Police,Essex Police,0.579366,51.515353,On or near Azalea Mews,E01021502,Castle Point 011E,Violence and sexual offences,Under investigation,
a9e1b48db6b86ba36578457f25a004ad1356e51481feff3d238d781b7837a03a,2014-08,Essex Police,Essex Police,0.577019,51.516160,On or near Lavender Mews,E01021502,Castle Point 011E,Violence and sexual offences,Under investigation,
f2af8a8e129f0db51177f5928f21153c1bd82f37508b6066ac6a6d68aaae6a67,2014-08,Essex Police,Essex Police,0.579366,51.515353,On or near Azalea Mews,E01021502,Castle Point 011E,Violence and sexual offences,Local resolution,
d54f4f5bedafe4968bc11954402c9e8ff4ee5d6e2aecc715972b405347943f40,2014-08,Essex Police,Essex Police,0.579366,51.515353,On or near Azalea Mews,E01021502,Castle Point 011E,Violence and sexual offences,Under investigation,
f052bf6aebedb7b684168e69fba980f4842301a8c9842116dd5b3fba204820c0,2014-08,Essex Police,Essex Police,0.579366,51.515353,On or near Azalea Mews,E01021502,Castle Point 011E,Violence and sexual offences,Under investigation,
653faea8415f504077e94150f71327a4d2ba81a709b448bd6a0734a88d935f59,2014-08,Essex Police,Essex Police,0.574307,51.519961,On or near Long Road,E01021502,Castle Point 011E,Violence and sexual offences,Under investigation,
,2014-08,Essex Police,Essex Police,0.605384,51.515353,On or near Shellbeach Road,E01021489,Castle Point 012A,Anti-social behaviour,,
,2014-08,Essex Police,Essex Police,0.607446,51.518140,On or near St Annes Road,E01021489,Castle Point 012A,Anti-social behaviour,,
16309da6ced48d306a0c80606f4345dc6f5426c8d4392ac8121ef02a3d114187,2014-08,Essex Police,Essex Police,0.606729,51.516690,On or near Crescent Road,E01021489,Castle Point 012A,Criminal damage and arson,Investigation complete; no suspect identified,
92512d330521e3d13d41438b36e33c63988f27f6cd2b11996751b469f8e3ab5a,2014-08,Essex Police,Essex Police,0.606729,51.516690,On or near Crescent Road,E01021489,Castle Point 012A,Criminal damage and arson,Investigation complete; no suspect identified,
5c9cd97fdebbb850f79f5ddd431b83a7ca25f509397a06bb126909a89c7dc59c,2014-08,Essex Police,Essex Police,0.608086,51.516993,On or near Gainsborough Avenue,E01021489,Castle Point 012A,Violence and sexual offences,Under investigation,
f58161f8e70ae65dc6565b4707a08cea6051a65a440ac624dc781fd655d7a675,2014-08,Essex Police,Essex Police,0.608086,51.516993,On or near Gainsborough Avenue,E01021489,Castle Point 012A,Violence and sexual offences,Under investigation,
380a6599692f02f7e49e61092aba0a0428efe81ef7e36a533f4aeb01cf4f35dc,2014-08,Essex Police,Essex Police,0.605384,51.515353,On or near Shellbeach Road,E01021489,Castle Point 012A,Violence and sexual offences,Unable to prosecute suspect,
,2014-08,Essex Police,Essex Police,0.608412,51.520925,On or near Rosberg Road,E01021490,Castle Point 012B,Anti-social behaviour,,
,2014-08,Essex Police,Essex Police,0.607809,51.521730,On or near Wamburg Road,E01021490,Castle Point 012B,Anti-social behaviour,,
,2014-08,Essex Police,Essex Police,0.607809,51.521730,On or near Wamburg Road,E01021490,Castle Point 012B,Anti-social behaviour,,
,2014-08,Essex Police,Essex Police,0.611507,51.518581,On or near Corsel Road,E01021490,Castle Point 012B,Anti-social behaviour,,
,2014-08,Essex Police,Essex Police,0.612140,51.515527,On or near South Parade,E01021490,Castle Point 012B,Anti-social behaviour,,
,2014-08,Essex Police,Essex Police,0.607809,51.521730,On or near Wamburg Road,E01021490,Castle Point 012B,Anti-social behaviour,,
,2014-08,Essex Police,Essex Police,0.606024,51.523784,On or near Sports/Recreation Area,E01021490,Castle Point 012B,Anti-social behaviour,,
,2014-08,Essex Police,Essex Police,0.606024,51.523784,On or near Sports/Recreation Area,E01021490,Castle Point 012B,Anti-social behaviour,,
ef0b7855915577df770d42ee2ba0a3af88807f887cd3546e95bae399f16dc161,2014-08,Essex Police,Essex Police,0.602146,51.525048,On or near Creek Road,E01021490,Castle Point 012B,Drugs,Offender given a drugs possession warning,
e121cbf846c3c03793e2b7bd785bed8be40dad4a1851587bb4d2e63396adeb71,2014-08,Essex Police,Essex Police,0.611507,51.518581,On or near Corsel Road,E01021490,Castle Point 012B,Other theft,Investigation complete; no suspect identified,
d296dbdf18cfdf2f148fe75c471a5bc2d619ac2b2f4c103462ed2e381f49b4b1,2014-08,Essex Police,Essex Police,0.610090,51.519260,On or near Winterswyk Avenue,E01021490,Castle Point 012B,Other theft,Investigation complete; no suspect identified,
,2014-08,Essex Police,Essex Police,0.618454,51.519055,On or near Hetzand Road,E01021491,Castle Point 012C,Anti-social behaviour,,
,2014-08,Essex Police,Essex Police,0.623472,51.517828,On or near Beveland Road,E01021491,Castle Point 012C,Anti-social behaviour,,
,2014-08,Essex Police,Essex Police,0.623472,51.517828,On or near Beveland Road,E01021491,Castle Point 012C,Anti-social behaviour,,
f904b5b239705043501fafa972c882d71bda26b53d4a8401f05bf3ef51ddebfd,2014-08,Essex Police,Essex Police,0.620784,51.517213,On or near Aalten Avenue,E01021491,Castle Point 012C,Bicycle theft,Investigation complete; no suspect identified,
f5229a8afbd9e9fb0eb88c84f270fcc6024f2b56a0c53846177ffd851219b618,2014-08,Essex Police,Essex Police,0.623000,51.519394,On or near Silverpoint Marine,E01021491,Castle Point 012C,Burglary,Under investigation,
9b07eae246322c09bf615d2fafc2959a37dc1ec8118b086a49e1c7c76183d0d1,2014-08,Essex Police,Essex Police,0.623472,51.517828,On or near Beveland Road,E01021491,Castle Point 012C,Other theft,Under investigation,
897d5509d924c270c81e38c8a5f92e5a977be4762e5eab7723d86dcc9741436b,2014-08,Essex Police,Essex Police,0.616582,51.516075,On or near Park Avenue,E01021491,Castle Point 012C,Violence and sexual offences,Unable to prosecute suspect,
,2014-08,Essex Police,Essex Police,0.602937,51.521487,On or near Arcadia Road,E01021497,Castle Point 012D,Anti-social behaviour,,
,2014-08,Essex Police,Essex Police,0.600650,51.520306,On or near Florence Road,E01021497,Castle Point 012D,Anti-social behaviour,,
,2014-08,Essex Police,Essex Police,0.603392,51.517322,On or near Crescent Road,E01021497,Castle Point 012D,Anti-social behaviour,,
,2014-08,Essex Police,Essex Police,0.602615,51.521899,On or near Collindale Close,E01021497,Castle Point 012D,Anti-social behaviour,,
,2014-08,Essex Police,Essex Police,0.602961,51.517359,On or near Crescent Road,E01021497,Castle Point 012D,Anti-social behaviour,,
f0f5c0943f07fa65254f4c833d2cd6a375d601e38bbf4c6b556964f0136cd833,2014-08,Essex Police,Essex Police,0.600485,51.518682,On or near Juliers Road,E01021497,Castle Point 012D,Burglary,Investigation complete; no suspect identified,
a44381809512d84e941c638f3fecc08ef089619d621fb4240beaabc41d88410b,2014-08,Essex Police,Essex Police,0.600653,51.521367,On or near Oxford Road,E01021497,Castle Point 012D,Criminal damage and arson,Under investigation,
3c6ef1b6c141f50900e412ec5c31261452a469d59a0c91886dcd54c941a8f173,2014-08,Essex Police,Essex Police,0.600653,51.521367,On or near Oxford Road,E01021497,Castle Point 012D,Possession of weapons,Under investigation,
d725c381d246ad765c1d8869a68db33ea3d94f1a3583d3c8c744114fd4d5bc22,2014-08,Essex Police,Essex Police,0.600485,51.518682,On or near Juliers Road,E01021497,Castle Point 012D,Vehicle crime,Investigation complete; no suspect identified,
,2014-08,Essex Police,Essex Police,0.602321,51.513218,On or near Compton Court,E01021500,Castle Point 012E,Anti-social behaviour,,
,2014-08,Essex Police,Essex Police,0.586562,51.514133,On or near Parking Area,E01021500,Castle Point 012E,Anti-social behaviour,,
,2014-08,Essex Police,Essex Police,0.599844,51.517041,On or near Bruges Road,E01021500,Castle Point 012E,Anti-social behaviour,,
,2014-08,Essex Police,Essex Police,0.598631,51.512958,On or near Parking Area,E01021500,Castle Point 012E,Anti-social behaviour,,
,2014-08,Essex Police,Essex Police,0.582053,51.515465,On or near Magnolia Close,E01021500,Castle Point 012E,Anti-social behaviour,,
,2014-08,Essex Police,Essex Police,0.582053,51.515465,On or near Magnolia Close,E01021500,Castle Point 012E,Anti-social behaviour,,
,2014-08,Essex Police,Essex Police,0.602321,51.513218,On or near Compton Court,E01021500,Castle Point 012E,Anti-social behaviour,,
,2014-08,Essex Police,Essex Police,0.602321,51.513218,On or near Compton Court,E01021500,Castle Point 012E,Anti-social behaviour,,
,2014-08,Essex Police,Essex Police,0.596014,51.513565,On or near Lovens Close,E01021500,Castle Point 012E,Anti-social behaviour,,
,2014-08,Essex Police,Essex Police,0.602321,51.513218,On or near Compton Court,E01021500,Castle Point 012E,Anti-social behaviour,,
,2014-08,Essex Police,Essex Police,0.596014,51.513565,On or near Lovens Close,E01021500,Castle Point 012E,Anti-social behaviour,,
,2014-08,Essex Police,Essex Police,0.582053,51.515465,On or near Magnolia Close,E01021500,Castle Point 012E,Anti-social behaviour,,
,2014-08,Essex Police,Essex Police,0.596014,51.513565,On or near Lovens Close,E01021500,Castle Point 012E,Anti-social behaviour,,
,2014-08,Essex Police,Essex Police,0.596014,51.513565,On or near Lovens Close,E01021500,Castle Point 012E,Anti-social behaviour,,
,2014-08,Essex Police,Essex Police,0.602321,51.513218,On or near Compton Court,E01021500,Castle Point 012E,Anti-social behaviour,,
,2014-08,Essex Police,Essex Police,0.582053,51.515465,On or near Magnolia Close,E01021500,Castle Point 012E,Anti-social behaviour,,
,2014-08,Essex Police,Essex Police,0.599844,51.517041,On or near Bruges Road,E01021500,Castle Point 012E,Anti-social behaviour,,
737a8783fa3faa2f116f4002be2bb9716dcc612ecd22eddd63480c36d76255e1,2014-08,Essex Police,Essex Police,0.600229,51.514182,On or near Zandi Road,E01021500,Castle Point 012E,Vehicle crime,Investigation complete; no suspect identified,
7e679aef44e1b242e58df8078cb8c835bba5b91bf8db817cbe60334747b0204b,2014-08,Essex Police,Essex Police,0.596014,51.513565,On or near Lovens Close,E01021500,Castle Point 012E,Violence and sexual offences,Offender given a caution,
47429d9c42475cb6081ec02644495afa140a135c772570bbfde3b4bceeea8555,2014-08,Essex Police,Essex Police,0.596014,51.513565,On or near Lovens Close,E01021500,Castle Point 012E,Violence and sexual offences,Unable to prosecute suspect,
216b3f99116c6bbe34122c02be0d96c73b0560e1fa2793d40fe0432095e874bd,2014-08,Essex Police,Essex Police,0.582053,51.515465,On or near Magnolia Close,E01021500,Castle Point 012E,Violence and sexual offences,Under investigation,
6e5d23f3506e5c06e3526a7211c89b6248aa131d461530cc2d9a085fc7fb6f3c,2014-08,Essex Police,Essex Police,0.596014,51.513565,On or near Lovens Close,E01021500,Castle Point 012E,Violence and sexual offences,Under investigation,
adb855cbff99adec189a47ff339b6889765e9ef5d761799118cad3b22505a871,2014-08,Essex Police,Essex Police,0.582053,51.515465,On or near Magnolia Close,E01021500,Castle Point 012E,Violence and sexual offences,Under investigation,
aa3ff3b57aad0052f50673504db6011146a52fb91295b9d694d64d53ea3107c2,2014-08,Essex Police,Essex Police,0.598631,51.512958,On or near Parking Area,E01021500,Castle Point 012E,Violence and sexual offences,Under investigation,
,2014-08,Essex Police,Essex Police,0.504922,51.828374,On or near Old Moors,E01021538,Chelmsford 001A,Anti-social behaviour,,
,2014-08,Essex Police,Essex Police,0.504008,51.826559,On or near Brickbarns,E01021538,Chelmsford 001A,Anti-social behaviour,,
,2014-08,Essex Police,Essex Police,0.504922,51.828374,On or near Old Moors,E01021538,Chelmsford 001A,Anti-social behaviour,,
,2014-08,Essex Police,Essex Police,0.504008,51.826559,On or near Brickbarns,E01021538,Chelmsford 001A,Anti-social behaviour,,
,2014-08,Essex Police,Essex Police,0.508006,51.832427,On or near A131,E01021538,Chelmsford 001A,Anti-social behaviour,,
4af9e6719e04a4480aa0cca5957d7742f76af164fb68ba99a77ba5277b4ff58a,2014-08,Essex Police,Essex Police,0.522410,51.819780,On or near Parking Area,E01021538,Chelmsford 001A,Burglary,Investigation complete; no suspect identified,
55fd2dd47195f024ebf68c689feef739a5b5dab0d92be8c9a87181cc3763bb02,2014-08,Essex Police,Essex Police,0.518542,51.808712,On or near Boreham Road,E01021538,Chelmsford 001A,Other theft,Under investigation,
62da57c0a2cb666b11e82f642c5427bd7a0ed5582cd1a8fd0bc7e264357817ec,2014-08,Essex Police,Essex Police,0.508699,51.825568,On or near Helen How,E01021538,Chelmsford 001A,Other theft,Investigation complete; no suspect identified,
39c1552c202990c79693bb46607bd6d38857621596129aa1ab06bba2cdd9c3fc,2014-08,Essex Police,Essex Police,0.522410,51.819780,On or near Parking Area,E01021538,Chelmsford 001A,Other theft,Under investigation,
d2eb059832c08ab7c9d8d05ff5fd9bfd13e66d34cd07259e8229cdf0147bbd6d,2014-08,Essex Police,Essex Police,0.503448,51.798647,On or near Longs Lane,E01021538,Chelmsford 001A,Other theft,Investigation complete; no suspect identified,
1bbc224acde0f5a9f871c230995343a09ad1002222bc1f20ce750d5c6a085559,2014-08,Essex Police,Essex Police,0.522410,51.819780,On or near Parking Area,E01021538,Chelmsford 001A,Other theft,Investigation complete; no suspect identified,
d8cbb3e1b638e86ff1cc243d2363cb0919949d57475cc29a2aa3da8005f852d1,2014-08,Essex Police,Essex Police,0.522410,51.819780,On or near Parking Area,E01021538,Chelmsford 001A,Other theft,Investigation complete; no suspect identified,
d45a1e303eb2d23b2a72994af8c06cb29346117e4d0f87aa64a3550dc5c4c95e,2014-08,Essex Police,Essex Police,0.522410,51.819780,On or near Parking Area,E01021538,Chelmsford 001A,Other theft,Under investigation,
db147a10a579fa93f9c464ead6c94a769b092d4edbc78ce926e95f360d692d5b,2014-08,Essex Police,Essex Police,0.495484,51.821749,On or near Park/Open Space,E01021538,Chelmsford 001A,Vehicle crime,Investigation complete; no suspect identified,
,2014-08,Essex Police,Essex Police,0.430592,51.823972,On or near White Barns,E01021539,Chelmsford 001B,Anti-social behaviour,,
,2014-08,Essex Police,Essex Police,0.461082,51.805333,On or near Luck'S Lane,E01021539,Chelmsford 001B,Anti-social behaviour,,
,2014-08,Essex Police,Essex Police,0.454085,51.792701,On or near Cherry Garden Road,E01021539,Chelmsford 001B,Anti-social behaviour,,
1a4fc1bea2f9314a67e575a0826d9365a09834362294feb37e45de349536bef4,2014-08,Essex Police,Essex Police,0.461460,51.834364,On or near Causeway,E01021539,Chelmsford 001B,Bicycle theft,Investigation complete; no suspect identified,
2120d45ff59c8b9c8c69538d1118e3a4e79a600c2ef3368d208e57514013beed,2014-08,Essex Police,Essex Police,0.415566,51.839335,On or near Brook Hill,E01021539,Chelmsford 001B,Burglary,Under investigation,
8a2c4909fa56e6fa3b4153b0e3d614cb6f815227278327f2a8dc5f9b52668aea,2014-08,Essex Police,Essex Police,0.419128,51.842949,On or near Mill Road,E01021539,Chelmsford 001B,Criminal damage and arson,Under investigation,
8aa7797eb657773addf8c2817e1fb4fa8d07e2902d6c782b2707030f86aefcc5,2014-08,Essex Police,Essex Police,0.429014,51.826477,On or near Sandon Hill,E01021539,Chelmsford 001B,Other theft,Under investigation,
62fd636d081118a11f0278bb229de7bcb7721a67df5f7568a763b9251e112610,2014-08,Essex Police,Essex Police,0.448184,51.798867,On or near Bury Lane,E01021539,Chelmsford 001B,Vehicle crime,Under investigation,
,2014-08,Essex Police,Essex Police,0.495785,51.775195,On or near Pratt'S Farm Lane,E01021540,Chelmsford 001C,Anti-social behaviour,,
,2014-08,Essex Police,Essex Police,0.480200,51.779409,On or near Park/Open Space,E01021540,Chelmsford 001C,Anti-social behaviour,,
de199d7b27cf224b3cae7826ab75423411c1bd11b9632b9c2f6cb9f449f7060a,2014-08,Essex Police,Essex Police,0.487746,51.782173,On or near Parking Area,E01021540,Chelmsford 001C,Vehicle crime,Under investigation,
,2014-08,Essex Police,Essex Police,0.471918,51.772713,On or near Mandeville Way,E01021541,Chelmsford 001D,Anti-social behaviour,,
,2014-08,Essex Police,Essex Police,0.468812,51.770521,On or near Church Avenue,E01021541,Chelmsford 001D,Anti-social behaviour,,
,2014-08,Essex Police,Essex Police,0.474490,51.784224,On or near Manor Crescent,E01021541,Chelmsford 001D,Anti-social behaviour,,
b64d27b14b68027c60c6b39c71350ef6eef3735b398627d816ec83af4357dc2d,2014-08,Essex Police,Essex Police,0.476871,51.766278,On or near Cricketers Close,E01021541,Chelmsford 001D,Burglary,Investigation complete; no suspect identified,
f7fcfc6e607c1eb23dfcd38a9d6fd9ccf4890c38dc2773a41b4205615c9e6bbf,2014-08,Essex Police,Essex Police,0.469961,51.773501,On or near The Windmills,E01021541,Chelmsford 001D,Criminal damage and arson,Offender given a caution,
0af2f7ee83a2c6dca017429df9cd0ba52d5538df714d02a3e371e2bf3935ac41,2014-08,Essex Police,Essex Police,0.469961,51.773501,On or near The Windmills,E01021541,Chelmsford 001D,Other theft,Investigation complete; no suspect identified,
54e14e427682c63c0163d538c43a8bf9ced3a041cc3742ce7ab3d625ff8dc7e6,2014-08,Essex Police,Essex Police,0.469961,51.773501,On or near The Windmills,E01021541,Chelmsford 001D,Other theft,Under investigation,
f4ba0dda88b218d146f3c9548b22728a04809177fdc60ac62d9c6f6577d56fab,2014-08,Essex Police,Essex Police,0.469961,51.773501,On or near The Windmills,E01021541,Chelmsford 001D,Theft from the person,Under investigation,
6b21ecafc7002521a26cde5a39b4d261433c475e658babaa25f99ab06654d855,2014-08,Essex Police,Essex Police,0.469961,51.773501,On or near The Windmills,E01021541,Chelmsford 001D,Vehicle crime,Investigation complete; no suspect identified,
,2014-08,Essex Police,Essex Police,0.461621,51.777417,On or near Woodlands Way,E01021542,Chelmsford 002A,Anti-social behaviour,,
,2014-08,Essex Police,Essex Police,0.474458,51.761113,On or near Ridley Road,E01021542,Chelmsford 002A,Anti-social behaviour,,
,2014-08,Essex Police,Essex Police,0.474530,51.766138,On or near Glebe Crescent,E01021542,Chelmsford 002A,Anti-social behaviour,,
,2014-08,Essex Police,Essex Police,0.474458,51.761113,On or near Ridley Road,E01021542,Chelmsford 002A,Anti-social behaviour,,
715909c00c1f6adb78728fead4846f91ad9704c1e0e40662a7f4093fa8cccfc5,2014-08,Essex Police,Essex Police,0.456043,51.761472,On or near Hollow Lane,E01021542,Chelmsford 002A,Burglary,Investigation complete; no suspect identified,
eb06ec1af82946ca237a4d1fb7db685baaf122c5f3b82012745132fead20cd26,2014-08,Essex Police,Essex Police,0.461621,51.777417,On or near Woodlands Way,E01021542,Chelmsford 002A,Criminal damage and arson,Under investigation,
812f5786c1b9821d615e9744d35970a74a33a7932464fc22f7d8c741381c5619,2014-08,Essex Police,Essex Police,0.462130,51.772649,On or near Sports/Recreation Area,E01021542,Chelmsford 002A,Other theft,Under investigation,
5769a9367ef2da3d63333c10e1bad9a19a1f7b95f58b0617f6c47a353cd674cf,2014-08,Essex Police,Essex Police,0.465424,51.774576,On or near Hospital,E01021542,Chelmsford 002A,Other theft,Investigation complete; no suspect identified,
b1033c95514baaa5ca9630f67245d4db971da1bbb8a17efe90c65ef12113fcbf,2014-08,Essex Police,Essex Police,0.468397,51.757877,On or near Berwick Avenue,E01021542,Chelmsford 002A,Vehicle crime,Investigation complete; no suspect identified,
afc1ffb321d3330a5138ebd7e7ec3c6af197ffd80628dafd6dd359cec83c5b83,2014-08,Essex Police,Essex Police,0.461621,51.777417,On or near Woodlands Way,E01021542,Chelmsford 002A,Violence and sexual offences,Under investigation,
6beb055de67a593fc99a2084a524403be02c8a6e27cbcf4b8578a811b79a8252,2014-08,Essex Police,Essex Police,0.465424,51.774576,On or near Hospital,E01021542,Chelmsford 002A,Violence and sexual offences,Under investigation,
6a5ffd3e82ac64bc6e79a36be72728e948726e97418b088447d8d53c69cb6d91,2014-08,Essex Police,Essex Police,0.461892,51.778410,On or near Woodhouse Lane,E01021542,Chelmsford 002A,Violence and sexual offences,Under investigation,
,2014-08,Essex Police,Essex Police,0.482487,51.753200,On or near Chelmer Valley Road,E01021543,Chelmsford 002B,Anti-social behaviour,,
a1f2de4451a43277191535f910891c9bca50a2ff67f3901500f9a34152d48a2e,2014-08,Essex Police,Essex Police,0.474870,51.757777,On or near Saxon Way,E01021543,Chelmsford 002B,Other theft,Under investigation,
0b4a715ebc1563f59ebe0a0c39a44aa6bf5f3d857ec4fe9e78bbe1ea8f3e60b1,2014-08,Essex Police,Essex Police,0.473247,51.756984,On or near Supermarket,E01021543,Chelmsford 002B,Robbery,Under investigation,
0c14ce0a8a19110b43faae53e327078b1da45c019ffbbbc13e1b1809f13b2f92,2014-08,Essex Police,Essex Police,0.473247,51.756984,On or near Supermarket,E01021543,Chelmsford 002B,Shoplifting,Investigation complete; no suspect identified,
ddd8c41cbdfaf04668c0c80586088866cb77025c8cfbf994ed35e4e5b50da730,2014-08,Essex Police,Essex Police,0.474907,51.759260,On or near Roselawn Fields,E01021543,Chelmsford 002B,Violence and sexual offences,Unable to prosecute suspect,
,2014-08,Essex Police,Essex Police,0.472057,51.755633,On or near Coombe Rise,E01021587,Chelmsford 002C,Anti-social behaviour,,
675e47efbf6bf9b0cd0a7b23f27a56ec780651c2c778d1e8ff76b200c79f917e,2014-08,Essex Police,Essex Police,0.471440,51.751500,On or near Seventh Avenue,E01021587,Chelmsford 002C,Vehicle crime,Investigation complete; no suspect identified,
d95aaddbf359839ffd205f7001d28b28de95229b9cbfdeb528737737d7258c6e,2014-08,Essex Police,Essex Police,0.456245,51.754247,On or near Drood Close,E01021590,Chelmsford 002D,Burglary,Under investigation,
a31bc44584ec55e66f0684ade590aa1221bc8dbf471f62c5178290ca95365636,2014-08,Essex Police,Essex Police,0.461241,51.756049,On or near Longleat Close,E01021590,Chelmsford 002D,Vehicle crime,Investigation complete; no suspect identified,
,2014-08,Essex Police,Essex Police,0.466467,51.747989,On or near Borda Close,E01021591,Chelmsford 002E,Anti-social behaviour,,
,2014-08,Essex Police,Essex Police,0.465065,51.745384,On or near Gloucester Crescent,E01021591,Chelmsford 002E,Anti-social behaviour,,
,2014-08,Essex Police,Essex Police,0.466017,51.746110,On or near Kings Road,E01021591,Chelmsford 002E,Anti-social behaviour,,
,2014-08,Essex Police,Essex Police,0.465065,51.745384,On or near Gloucester Crescent,E01021591,Chelmsford 002E,Anti-social behaviour,,
,2014-08,Essex Police,Essex Police,0.470063,51.746448,On or near First Avenue,E01021591,Chelmsford 002E,Anti-social behaviour,,
61b6810f2701c2da1df4f8db00737330eed92238d61de8341ea91a85d9dc19c7,2014-08,Essex Police,Essex Police,0.465065,51.745384,On or near Gloucester Crescent,E01021591,Chelmsford 002E,Burglary,Investigation complete; no suspect identified,
cb17e1f27ec6bf275bbfe6a5f528605f2d9845859f8d25effa0d910e3548f1a7,2014-08,Essex Police,Essex Police,0.466783,51.750582,On or near Barnfield Mews,E01021591,Chelmsford 002E,Criminal damage and arson,Investigation complete; no suspect identified,
8cab65f618a9e8a1aded18a15b43ed06a783b11798454e93399c3d82a734167c,2014-08,Essex Police,Essex Police,0.466783,51.750582,On or near Barnfield Mews,E01021591,Chelmsford 002E,Criminal damage and arson,Investigation complete; no suspect identified,
f4f7a5a052f61c75586ddc60c807e7af876ee9f19fc74b02ba007fd42d34d025,2014-08,Essex Police,Essex Police,0.466017,51.746110,On or near Kings Road,E01021591,Chelmsford 002E,Vehicle crime,Investigation complete; no suspect identified,
f535616770344f703003d6076a77f88b2c36c02c6aefeb746db481f7944d2014,2014-08,Essex Police,Essex Police,0.465898,51.745519,On or near Chester Place,E01021591,Chelmsford 002E,Violence and sexual offences,Unable to prosecute suspect,
,2014-08,Essex Police,Essex Police,0.409884,51.808768,On or near Grange Road,E01021550,Chelmsford 003A,Anti-social behaviour,,
,2014-08,Essex Police,Essex Police,0.414230,51.805936,On or near Woolmers Mead,E01021550,Chelmsford 003A,Anti-social behaviour,,
,2014-08,Essex Police,Essex Police,0.388403,51.756437,On or near A1060,E01021550,Chelmsford 003A,Anti-social behaviour,,
,2014-08,Essex Police,Essex Police,0.414230,51.805936,On or near Woolmers Mead,E01021550,Chelmsford 003A,Anti-social behaviour,,
,2014-08,Essex Police,Essex Police,0.409884,51.808768,On or near Grange Road,E01021550,Chelmsford 003A,Anti-social behaviour,,
,2014-08,Essex Police,Essex Police,0.372865,51.781770,On or near Park/Open Space,E01021550,Chelmsford 003A,Anti-social behaviour,,
,2014-08,Essex Police,Essex Police,0.414230,51.805936,On or near Woolmers Mead,E01021550,Chelmsford 003A,Anti-social behaviour,,
,2014-08,Essex Police,Essex Police,0.435357,51.771597,On or near Woodhall Hill,E01021550,Chelmsford 003A,Anti-social behaviour,,
,2014-08,Essex Police,Essex Police,0.388403,51.756437,On or near A1060,E01021550,Chelmsford 003A,Anti-social behaviour,,
,2014-08,Essex Police,Essex Police,0.409884,51.808768,On or near Grange Road,E01021550,Chelmsford 003A,Anti-social behaviour,,
ed1e0c22bf320963ed6b3b646e5bee32b89238a62f418e25d65a2aa1dd811830,2014-08,Essex Police,Essex Police,0.370499,51.752959,On or near Elms Road,E01021550,Chelmsford 003A,Other theft,Under investigation,
0b4b6dead4a29ea2f4e4642ba96b3a1da7d0e8b15153addbc92413f0cc319e34,2014-08,Essex Police,Essex Police,0.440902,51.755349,On or near Chignall Road,E01021550,Chelmsford 003A,Other theft,Under investigation,
29cba5e678277f6fcbbe1a9b1ce06d31ba40a77d4199e653772dc3137ac66efc,2014-08,Essex Police,Essex Police,0.346887,51.773182,On or near Salt'S Green,E01021550,Chelmsford 003A,Vehicle crime,Investigation complete; no suspect identified,
155aa47bb3991ec608601ebd59af5796d3f20f166c5a7f577eef03f7bb9853e8,2014-08,Essex Police,Essex Police,0.356679,51.786673,On or near Mill Road,E01021550,Chelmsford 003A,Violence and sexual offences,Under investigation,
,2014-08,Essex Police,Essex Police,0.439093,51.748947,On or near Welland Avenue,E01021597,Chelmsford 003B,Anti-social behaviour,,
,2014-08,Essex Police,Essex Police,0.439093,51.748947,On or near Welland Avenue,E01021597,Chelmsford 003B,Anti-social behaviour,,
5c73184caaa87b369d45a266e21e0547ed9d3e5c31e5532bfa95c474cee60cc3,2014-08,Essex Police,Essex Police,0.439093,51.748947,On or near Welland Avenue,E01021597,Chelmsford 003B,Burglary,Under investigation,
a14ee5b593e255b6739107f96344f329d0036a3f5e4f1d68c134b257a921a0ea,2014-08,Essex Police,Essex Police,0.439517,51.747131,On or near Supermarket,E01021597,Chelmsford 003B,Criminal damage and arson,Investigation complete; no suspect identified,
63023b05ed9c3b3fc195f7371f3600b32d91ba3c082fdc8e9cad4f94d3777932,2014-08,Essex Police,Essex Police,0.439517,51.747131,On or near Supermarket,E01021597,Chelmsford 003B,Criminal damage and arson,Investigation complete; no suspect identified,
9c06af58ed72c8bfd759d3a380bb8c04ccba620270d160b5be83d11977730a39,2014-08,Essex Police,Essex Police,0.439517,51.747131,On or near Supermarket,E01021597,Chelmsford 003B,Shoplifting,Under investigation,
51b822c70fa2525d473fffd03cc6235ee03462c63a6b9c1ad0430d41351db08d,2014-08,Essex Police,Essex Police,0.443864,51.749568,On or near Pennine Road,E01021597,Chelmsford 003B,Vehicle crime,Investigation complete; no suspect identified,
7748f9a91c71466d9a84512c427c5feb597cbf77b12941096f19acb2781d3575,2014-08,Essex Police,Essex Police,0.439093,51.748947,On or near Welland Avenue,E01021597,Chelmsford 003B,Violence and sexual offences,Unable to prosecute suspect,
,2014-08,Essex Police,Essex Police,0.449018,51.748687,On or near Melbourne Avenue,E01021598,Chelmsford 003C,Anti-social behaviour,,
,2014-08,Essex Police,Essex Police,0.449018,51.748687,On or near Melbourne Avenue,E01021598,Chelmsford 003C,Anti-social behaviour,,
,2014-08,Essex Police,Essex Police,0.439179,51.745429,On or near Avon Road,E01021598,Chelmsford 003C,Anti-social behaviour,,
,2014-08,Essex Police,Essex Police,0.446413,51.747392,On or near Wellington Close,E01021598,Chelmsford 003C,Anti-social behaviour,,
,2014-08,Essex Police,Essex Police,0.447220,51.747591,On or near Auckland Close,E01021598,Chelmsford 003C,Anti-social behaviour,,
8a60c324f3ced84319b8909ae36f229d5b9966823dd9ca6a8164a519d3551833,2014-08,Essex Police,Essex Police,0.447220,51.747591,On or near Auckland Close,E01021598,Chelmsford 003C,Burglary,Under investigation,
874c5cb0941a446272afeb64d8a97ee80b449a1b6a365947a79fc1a859c9ec4e,2014-08,Essex Police,Essex Police,0.448461,51.747224,On or near Queensland Crescent,E01021598,Chelmsford 003C,Burglary,Investigation complete; no suspect identified,
19058461b298fe6ec3dd3d965914b594d7c29366554cf27b24528046396b1b15,2014-08,Essex Police,Essex Police,0.445592,51.745881,On or near Pines Road,E01021598,Chelmsford 003C,Criminal damage and arson,Investigation complete; no suspect identified,
02db9ecf6b159f953d0425990b2de8e1f55b06ce328a2edbd604dc1418ddb989,2014-08,Essex Police,Essex Police,0.439179,51.745429,On or near Avon Road,E01021598,Chelmsford 003C,Criminal damage and arson,Investigation complete; no suspect identified,
1d543516a6adc1d13a1fb39df0b17b70f6b48c326efa6fb7e8abf88f2cf2e4cf,2014-08,Essex Police,Essex Police,0.448461,51.747224,On or near Queensland Crescent,E01021598,Chelmsford 003C,Other theft,Investigation complete; no suspect identified,
fd8d196fcde60492428ace9150098d09b624234b66d0508dd2639adfa0b66746,2014-08,Essex Police,Essex Police,0.446413,51.747392,On or near Wellington Close,E01021598,Chelmsford 003C,Other theft,Investigation complete; no suspect identified,
6733da6bb32b4b1b95d47cfa055022ef413c8b699e5f21d9c851edfda5787949,2014-08,Essex Police,Essex Police,0.449018,51.748687,On or near Melbourne Avenue,E01021598,Chelmsford 003C,Vehicle crime,Investigation complete; no suspect identified,
cb8efff4fc8648506fd2a2f9048cad07003fe3af3fca0da92792a14053226935,2014-08,Essex Police,Essex Police,0.446639,51.755059,On or near Supermarket,E01021600,Chelmsford 003D,Criminal damage and arson,Investigation complete; no suspect identified,
0fba45d2adcfeb77fac12b53959ae50c2549f87ddf4e25a1988561b0a1cdbecb,2014-08,Essex Police,Essex Police,0.450057,51.755032,On or near Nickleby Road,E01021600,Chelmsford 003D,Violence and sexual offences,Unable to prosecute suspect,
a735bd073e5668ab29db354647bb55d26b3e53f4507bafefb11822a8c0905b79,2014-08,Essex Police,Essex Police,0.440453,51.751590,On or near Cotswold Crescent,E01021600,Chelmsford 003D,Violence and sexual offences,Awaiting court outcome,
,2014-08,Essex Police,Essex Police,0.449958,51.754540,On or near Wardle Way,E01021601,Chelmsford 003E,Anti-social behaviour,,
,2014-08,Essex Police,Essex Police,0.447128,51.753915,On or near Nickleby Road,E01021601,Chelmsford 003E,Anti-social behaviour,,
,2014-08,Essex Police,Essex Police,0.444547,51.753079,On or near Mendip Place,E01021601,Chelmsford 003E,Anti-social behaviour,,
,2014-08,Essex Police,Essex Police,0.447691,51.753346,On or near Madeline Place,E01021601,Chelmsford 003E,Anti-social behaviour,,
9adfde95703acf6bde3b081e99c2291146bd16b878ea063b331fd7c783db944f,2014-08,Essex Police,Essex Police,0.442251,51.750806,On or near Wicklow Avenue,E01021601,Chelmsford 003E,Criminal damage and arson,Investigation complete; no suspect identified,
3f6d8c95d888f11d8719a82a74834a6ec2e9de3ac569cc8b3f73873c5dba1179,2014-08,Essex Police,Essex Police,0.450795,51.752076,On or near Parking Area,E01021601,Chelmsford 003E,Violence and sexual offences,Under investigation,
,2014-08,Essex Police,Essex Police,0.497068,51.757217,On or near Harness Close,E01021616,Chelmsford 004A,Anti-social behaviour,,
20038d2e1f73bb8128e554bf9dba38cae9702102f08aa05a44b531175c7ea393,2014-08,Essex Police,Essex Police,0.495539,51.757070,On or near Carriage Drive,E01021616,Chelmsford 004A,Criminal damage and arson,Investigation complete; no suspect identified,
ad2a3d8925774efd366e79effd8594337efb2b8aa88b7beee6af1d3f3ae07955,2014-08,Essex Police,Essex Police,0.489349,51.755187,On or near Walkers Close,E01021617,Chelmsford 004B,Burglary,Investigation complete; no suspect identified,
15b1bee80c7288b80cc1a97fe0031390b92f875e73cd6cf16060b0fa3414c096,2014-08,Essex Police,Essex Police,0.488654,51.756775,On or near Knapton Close,E01021617,Chelmsford 004B,Criminal damage and arson,Investigation complete; no suspect identified,
a6ce7d7de90c3b74e4618252dc42ffabf6a9f4832f6a3c7347c78cb464201c9f,2014-08,Essex Police,Essex Police,0.491055,51.757758,On or near Trenchard Crescent,E01021617,Chelmsford 004B,Other theft,Under investigation,
519f94f3615cf2d03ecf474cd9bfd65a9eb14ddbb13175e8cdbb5964cf78dc6d,2014-08,Essex Police,Essex Police,0.491055,51.757758,On or near Trenchard Crescent,E01021617,Chelmsford 004B,Other theft,Under investigation,
c2229f1f13b53af3386f98891ba77abef61ec147b41559943b0a217eedfecf99,2014-08,Essex Police,Essex Police,0.491652,51.756226,On or near Churchill Rise,E01021617,Chelmsford 004B,Violence and sexual offences,Unable to prosecute suspect,
,2014-08,Essex Police,Essex Police,0.497197,51.752718,On or near Rembrandt Grove,E01021619,Chelmsford 004C,Anti-social behaviour,,
,2014-08,Essex Police,Essex Police,0.497097,51.755643,On or near Daffodil Way,E01021619,Chelmsford 004C,Anti-social behaviour,,
cea186b94c9d26919689509d3ef4d94f695859a2eb78628cecf6939b4d83792e,2014-08,Essex Police,Essex Police,0.499513,51.752417,On or near Constable View,E01021619,Chelmsford 004C,Other theft,Investigation complete; no suspect identified,
b0f7285b13ac6cc9661514e221733940f4f4605b3a9506cbb3b94c21a7468124,2014-08,Essex Police,Essex Police,0.498733,51.756130,On or near Hunters Way,E01021619,Chelmsford 004C,Other theft,Investigation complete; no suspect identified,
,2014-08,Essex Police,Essex Police,0.488449,51.753056,On or near Downsway,E01021620,Chelmsford 004D,Anti-social behaviour,,
,2014-08,Essex Police,Essex Police,0.487904,51.753688,On or near Uplands Drive,E01021620,Chelmsford 004D,Anti-social behaviour,,
,2014-08,Essex Police,Essex Police,0.493343,51.754311,On or near Clematis Tye,E01021620,Chelmsford 004D,Anti-social behaviour,,
,2014-08,Essex Police,Essex Police,0.494571,51.751344,On or near Sidmouth Road,E01021620,Chelmsford 004D,Anti-social behaviour,,
,2014-08,Essex Police,Essex Police,0.493970,51.753857,On or near Forsythia Close,E01021620,Chelmsford 004D,Anti-social behaviour,,
,2014-08,Essex Police,Essex Police,0.494952,51.754582,On or near Violet Close,E01021620,Chelmsford 004D,Anti-social behaviour,,
,2014-08,Essex Police,Essex Police,0.485353,51.749974,On or near Wear Drive,E01021623,Chelmsford 004E,Anti-social behaviour,,
,2014-08,Essex Police,Essex Police,0.482836,51.750837,On or near Tamar Rise,E01021623,Chelmsford 004E,Anti-social behaviour,,
,2014-08,Essex Police,Essex Police,0.482836,51.750837,On or near Tamar Rise,E01021623,Chelmsford 004E,Anti-social behaviour,,
e16252a7ad0d162fcbbcb9a5e4aa6a570fe6b610d2cf43c40efcbc1e80c10bb4,2014-08,Essex Police,Essex Police,0.484648,51.750601,On or near Boyne Drive,E01021623,Chelmsford 004E,Burglary,Investigation complete; no suspect identified,
adbd7a8398a78f854d30fb42688a31ed1c0bf0e55d6e52daf0f5ce1a6a25e085,2014-08,Essex Police,Essex Police,0.481156,51.749802,On or near Waveney Drive,E01021623,Chelmsford 004E,Drugs,Under investigation,
cf48671388d4adaa20cc3a273dc9c42389a85908c5acfba4f719ce9eb889db2e,2014-08,Essex Police,Essex Police,0.481156,51.749802,On or near Waveney Drive,E01021623,Chelmsford 004E,Violence and sexual offences,Under investigation,
83a75f2b6029f285c6c829a5f65b137ebed5a35666a3e9ad838cc3f0de1e1ad2,2014-08,Essex Police,Essex Police,0.489388,51.748783,On or near Burnham Road,E01021624,Chelmsford 004F,Other theft,Under investigation,
5844ae2f68aa29a0d660178a0c1c1f8db54e1892b0133103c234a50178a0796a,2014-08,Essex Police,Essex Police,0.489388,51.748783,On or near Burnham Road,E01021624,Chelmsford 004F,Public order,Unable to prosecute suspect,
,2014-08,Essex Police,Essex Police,0.535130,51.760989,On or near Villiers Place,E01021536,Chelmsford 005A,Anti-social behaviour,,
,2014-08,Essex Police,Essex Police,0.534253,51.760846,On or near Cromwell Close,E01021536,Chelmsford 005A,Anti-social behaviour,,
,2014-08,Essex Police,Essex Police,0.539874,51.756686,On or near Lodge Crescent,E01021536,Chelmsford 005A,Anti-social behaviour,,
,2014-08,Essex Police,Essex Police,0.534253,51.760846,On or near Cromwell Close,E01021536,Chelmsford 005A,Anti-social behaviour,,
,2014-08,Essex Police,Essex Police,0.534253,51.760846,On or near Cromwell Close,E01021536,Chelmsford 005A,Anti-social behaviour,,
,2014-08,Essex Police,Essex Police,0.534253,51.760846,On or near Cromwell Close,E01021536,Chelmsford 005A,Anti-social behaviour,,
,2014-08,Essex Police,Essex Police,0.539042,51.758386,On or near Lewin Place,E01021536,Chelmsford 005A,Anti-social behaviour,,
c3f5d3d0d22df0308954b51df5c3b96839f4e738d073051581a026b864b8344b,2014-08,Essex Police,Essex Police,0.539271,51.761951,On or near Dudley Close,E01021536,Chelmsford 005A,Other theft,Investigation complete; no suspect identified,
f2c0053cded6376b8ed176dfa52a61bd57543d40fa216cf01e345660f53e9a66,2014-08,Essex Police,Essex Police,0.539271,51.761951,On or near Dudley Close,E01021536,Chelmsford 005A,Other theft,Under investigation,
8059e4275d33185841a08674c5417d7cb43cfad88abd11d239daea0519720037,2014-08,Essex Police,Essex Police,0.545516,51.757293,On or near Walkfares,E01021536,Chelmsford 005A,Other theft,Investigation complete; no suspect identified,
b89dec816110fbffdadf299604fbad1220be04b7571763e0d4d6646d330c37a9,2014-08,Essex Police,Essex Police,0.538141,51.760141,On or near Holmans,E01021536,Chelmsford 005A,Other theft,Under investigation,
cf76dc73494cb5668d0b15f8d535c1c4f2864ef28840cdbf6b6818cd57d9bd73,2014-08,Essex Police,Essex Police,0.539042,51.758386,On or near Lewin Place,E01021536,Chelmsford 005A,Other theft,Investigation complete; no suspect identified,
,2014-08,Essex Police,Essex Police,0.547433,51.764562,On or near Parking Area,E01021537,Chelmsford 005B,Anti-social behaviour,,
,2014-08,Essex Police,Essex Police,0.554743,51.766706,On or near Parking Area,E01021537,Chelmsford 005B,Anti-social behaviour,,
,2014-08,Essex Police,Essex Police,0.520333,51.755246,On or near A130,E01021537,Chelmsford 005B,Anti-social behaviour,,
45249e66d0dee294eb0642223bd587f031d47a58d8ab975e0b97c1bb34cb631e,2014-08,Essex Police,Essex Police,0.520333,51.755246,On or near A130,E01021537,Chelmsford 005B,Criminal damage and arson,Unable to prosecute suspect,
be159e3275e0fea2373621cd7e975ae42e825116ae627ebe1075742cd01e07af,2014-08,Essex Police,Essex Police,0.515617,51.764259,On or near Generals Lane,E01021537,Chelmsford 005B,Criminal damage and arson,Local resolution,
95d4886cf9f7777a29598f89ef55a7b11c4ab86f8f9ee347d9015c8de05745d6,2014-08,Essex Police,Essex Police,0.520333,51.755246,On or near A130,E01021537,Chelmsford 005B,Drugs,Awaiting court outcome,
7502205d5c3f379a19573cc9ae40a3296f12b5a16c48e4303e83be157d4c5638,2014-08,Essex Police,Essex Police,0.546763,51.761169,On or near Plantation Road,E01021537,Chelmsford 005B,Vehicle crime,Investigation complete; no suspect identified,
97054ae620e5f039963239f5b389706f142d03b6dc9bfb295acd9dba06ba9ee0,2014-08,Essex Police,Essex Police,0.520333,51.755246,On or near A130,E01021537,Chelmsford 005B,Vehicle crime,Investigation complete; no suspect identified,
d42b4a95ced0079f231e5fe4a0b7310eb3d807d0e21a7cf84c31f1d285dce837,2014-08,Essex Police,Essex Police,0.542834,51.759068,On or near Juniper Road,E01021537,Chelmsford 005B,Violence and sexual offences,Unable to prosecute suspect,
,2014-08,Essex Police,Essex Police,0.577847,51.729059,On or near The Ridge,E01021568,Chelmsford 005D,Anti-social behaviour,,
29511841e715a9735de8e0cc1a63cbd010ac04562705869329c9100691b591f8,2014-08,Essex Police,Essex Police,0.575876,51.734903,On or near The Rye Field,E01021568,Chelmsford 005D,Other theft,Investigation complete; no suspect identified,
,2014-08,Essex Police,Essex Police,0.517968,51.743218,On or near Allen Way,E01033142,Chelmsford 005E,Anti-social behaviour,,
,2014-08,Essex Police,Essex Police,0.517968,51.743218,On or near Allen Way,E01033142,Chelmsford 005E,Anti-social behaviour,,
,2014-08,Essex Police,Essex Police,0.517968,51.743218,On or near Allen Way,E01033142,Chelmsford 005E,Anti-social behaviour,,
,2014-08,Essex Police,Essex Police,0.509903,51.742510,On or near Twin Oaks,E01033142,Chelmsford 005E,Anti-social behaviour,,
7e55de59d88acaa06a86766e934e69139008c2013442cbabf97f4a9d7db197ab,2014-08,Essex Police,Essex Police,0.514643,51.739162,On or near Rennie Place,E01033142,Chelmsford 005E,Bicycle theft,Investigation complete; no suspect identified,
e2e0826efb9187b75bc806ed0e515ae5b7d35604553ca948a13907ae9bed7ca4,2014-08,Essex Police,Essex Police,0.516230,51.738534,On or near Harrington Mead,E01033142,Chelmsford 005E,Criminal damage and arson,Under investigation,
568fe909cf2eb3daa9b0449a5f216303899a0578ed1f18abbebc0004336e2f67,2014-08,Essex Police,Essex Police,0.516230,51.738534,On or near Harrington Mead,E01033142,Chelmsford 005E,Criminal damage and arson,Under investigation,
8e22ec064b238762f885598a9b46288490a71a02082c794d0460943c52b07bb3,2014-08,Essex Police,Essex Police,0.516230,51.738534,On or near Harrington Mead,E01033142,Chelmsford 005E,Criminal damage and arson,Under investigation,
bbb5e70f15f59ee766bcd3f84b20a44dfe4e3b05834f5023f02a7c0d13fbe828,2014-08,Essex Police,Essex Police,0.516230,51.738534,On or near Harrington Mead,E01033142,Chelmsford 005E,Criminal damage and arson,Under investigation,
e9dc902fff8d125f090208614c5dbf98e35f4438bd48c3e8df9fa47c098962b4,2014-08,Essex Police,Essex Police,0.514137,51.743624,On or near Meggy Tye,E01033142,Chelmsford 005E,Other theft,Investigation complete; no suspect identified,
ac05f94a1a582bb228520ec4b38b06954bda846338359360a8b2ebd7d0bcfbc9,2014-08,Essex Police,Essex Police,0.509796,51.741370,On or near Wilkinsons Mead,E01033142,Chelmsford 005E,Other theft,Investigation complete; no suspect identified,
3d6d047378da0aeb278c527add8ba00d02c5f6018c010d24a57f9f82837c11bf,2014-08,Essex Police,Essex Police,0.516230,51.738534,On or near Harrington Mead,E01033142,Chelmsford 005E,Violence and sexual offences,Under investigation,
e584390dfe74f9c12fd7f031df8abb2ba2d9e6931dc2b9faa51121a335fced59,2014-08,Essex Police,Essex Police,0.517396,51.741792,On or near Cowdrie Way,E01033142,Chelmsford 005E,Violence and sexual offences,Under investigation,
,2014-08,Essex Police,Essex Police,0.510037,51.754845,On or near Wharton Drive,E01033144,Chelmsford 005F,Anti-social behaviour,,
,2014-08,Essex Police,Essex Police,0.503214,51.757239,On or near Clunford Place,E01033144,Chelmsford 005F,Anti-social behaviour,,
,2014-08,Essex Police,Essex Police,0.503214,51.757239,On or near Clunford Place,E01033144,Chelmsford 005F,Anti-social behaviour,,
,2014-08,Essex Police,Essex Police,0.504955,51.759639,On or near Braganza Way,E01033144,Chelmsford 005F,Anti-social behaviour,,
58ab1425723e459268a4a707246f4464d71fdb53b3ad8d8426b7885d82835102,2014-08,Essex Police,Essex Police,0.515002,51.751367,On or near Fordson Road,E01033144,Chelmsford 005F,Criminal damage and arson,Investigation complete; no suspect identified,
3665a3fd7ce6a8fec610e6b2ec49c61bbf8974248759881dbaa32c84194da8eb,2014-08,Essex Police,Essex Police,0.508565,51.755740,On or near Sidney Place,E01033144,Chelmsford 005F,Vehicle crime,Under investigation,
8298428c90a804bad82852bb4d99fcc5d262af8a2b233ad4f6a9f6f197d9b5bb,2014-08,Essex Police,Essex Police,0.515805,51.748094,On or near Supermarket,E01033144,Chelmsford 005F,Vehicle crime,Under investigation,
282f84d1263bdbd1321c85f0df792325482776b58806b3db61d577de4e8fdec8,2014-08,Essex Police,Essex Police,0.503951,51.758779,On or near Fleetwood Square,E01033144,Chelmsford 005F,Violence and sexual offences,Unable to prosecute suspect,
,2014-08,Essex Police,Essex Police,0.459245,51.748644,On or near Arthur Court,E01021576,Chelmsford 006A,Anti-social behaviour,,
,2014-08,Essex Police,Essex Police,0.455359,51.745920,On or near Langton Avenue,E01021576,Chelmsford 006A,Anti-social behaviour,,
,2014-08,Essex Police,Essex Police,0.455359,51.745920,On or near Langton Avenue,E01021576,Chelmsford 006A,Anti-social behaviour,,
64dc23ddd51d2820a33bd7e8235891053378ef207f7c22f2ac8ab76d4df173ed,2014-08,Essex Police,Essex Police,0.459179,51.748780,On or near Tennyson Road,E01021576,Chelmsford 006A,Drugs,Offender given a drugs possession warning,
2ae092e226da7bb9de8c8146bcf014b7d28aaeac67cec12bd9d71745c32063f3,2014-08,Essex Police,Essex Police,0.459245,51.748644,On or near Arthur Court,E01021576,Chelmsford 006A,Other theft,Under investigation,
c630d87d10684291df823681232aba770a24864d87dbc911f53cf3c7859e3466,2014-08,Essex Police,Essex Police,0.459686,51.749040,On or near Merlin Place,E01021576,Chelmsford 006A,Public order,Awaiting court outcome,
c1908c2746f312bcc10507f72f3caa0c749bf56d0b09a557795cb8331c0c1532,2014-08,Essex Police,Essex Police,0.455806,51.746693,On or near West Avenue,E01021576,Chelmsford 006A,Vehicle crime,Under investigation,
aab5fe475f6b6f15241c62bf47533b6ffb59e925089cbb9618ff85583847ff14,2014-08,Essex Police,Essex Police,0.455231,51.745176,On or near Squirrells Court,E01021576,Chelmsford 006A,Vehicle crime,Under investigation,
09e048c8bc5070ac8cd37281c87fd2313d8393f57825deeaf438e31fbe8aa5a2,2014-08,Essex Police,Essex Police,0.459686,51.749040,On or near Merlin Place,E01021576,Chelmsford 006A,Violence and sexual offences,Awaiting court outcome,
e798e9f69bc0abe2805858d957e48e8cd21ae8bce1a311c9ddb88704b328139d,2014-08,Essex Police,Essex Police,0.460134,51.747421,On or near Eastern Crescent,E01021576,Chelmsford 006A,Violence and sexual offences,Unable to prosecute suspect,
22b357a8918ff74bf465e565064b30fbe46593e653809f83d94a1a3c633b458f,2014-08,Essex Police,Essex Police,0.458601,51.749071,On or near Camelot Close,E01021576,Chelmsford 006A,Violence and sexual offences,Awaiting court outcome,
95f4610ccca43a17b5e814c04924df81f62a5cb55c6c2200d22d30a0b3edccf8,2014-08,Essex Police,Essex Police,0.459245,51.748644,On or near Arthur Court,E01021576,Chelmsford 006A,Violence and sexual offences,Awaiting court outcome,
d47318d886edb51862200db1af36b7dd224455b07e8b455f5a5047ff26c25583,2014-08,Essex Police,Essex Police,0.458653,51.747083,On or near North Avenue,E01021576,Chelmsford 006A,Violence and sexual offences,Under investigation,
7ec306332b24e9ecdea831acb04d10f0e4def5909687e86075386445759c3079,2014-08,Essex Police,Essex Police,0.459245,51.748644,On or near Arthur Court,E01021576,Chelmsford 006A,Violence and sexual offences,Under investigation,
79c408578491a452e57679dd56e8e8f0351d181d387ed9a2783da15424f1e03a,2014-08,Essex Police,Essex Police,0.455806,51.746693,On or near West Avenue,E01021576,Chelmsford 006A,Other crime,Unable to prosecute suspect,
,2014-08,Essex Police,Essex Police,0.464974,51.754361,On or near Rutland Road,E01021588,Chelmsford 006B,Anti-social behaviour,,
,2014-08,Essex Police,Essex Police,0.464974,51.754361,On or near Rutland Road,E01021588,Chelmsford 006B,Anti-social behaviour,,
,2014-08,Essex Police,Essex Police,0.469839,51.755616,On or near Pembroke Place,E01021588,Chelmsford 006B,Anti-social behaviour,,
,2014-08,Essex Police,Essex Police,0.463432,51.757172,On or near Norfolk Drive,E01021588,Chelmsford 006B,Anti-social behaviour,,
,2014-08,Essex Police,Essex Police,0.463432,51.757172,On or near Norfolk Drive,E01021588,Chelmsford 006B,Anti-social behaviour,,
,2014-08,Essex Police,Essex Police,0.469495,51.755947,On or near Berwick Avenue,E01021588,Chelmsford 006B,Anti-social behaviour,,
a1003a75e4635a285d37960f3bb9ed1413a176813aa6cc33fdf13152439f5107,2014-08,Essex Police,Essex Police,0.469839,51.755616,On or near Pembroke Place,E01021588,Chelmsford 006B,Criminal damage and arson,Investigation complete; no suspect identified,
918b4f9ff502453479bbb4ffbd0038d2f3c648ba9226cc4aa0a2afc6371fc506,2014-08,Essex Police,Essex Police,0.463432,51.757172,On or near Norfolk Drive,E01021588,Chelmsford 006B,Criminal damage and arson,Investigation complete; no suspect identified,
f758cf9b9e5c3e982429af86e3caf3ecf6710b7be74b981ca244d5af04996101,2014-08,Essex Police,Essex Police,0.465849,51.756590,On or near Somerset Place,E01021588,Chelmsford 006B,Criminal damage and arson,Awaiting court outcome,
688f03281bb7a0095ad13dee058ea39189489f3311680bcbf1931fcd5f837a69,2014-08,Essex Police,Essex Police,0.465674,51.756297,On or near Woodhall Road,E01021588,Chelmsford 006B,Other theft,Investigation complete; no suspect identified,
345bf98487ae25d56caea1f0ffa3b69e50ec63d5131437522de033f31b4152e9,2014-08,Essex Police,Essex Police,0.463432,51.757172,On or near Norfolk Drive,E01021588,Chelmsford 006B,Vehicle crime,Investigation complete; no suspect identified,
b9de1762c815e0673c1d60976b4465c2e13f14100ff1f7660419e5fee37dfab8,2014-08,Essex Police,Essex Police,0.464974,51.754361,On or near Rutland Road,E01021588,Chelmsford 006B,Violence and sexual offences,Unable to prosecute suspect,
,2014-08,Essex Police,Essex Police,0.454972,51.752682,On or near Pipchin Road,E01021589,Chelmsford 006C,Anti-social behaviour,,
,2014-08,Essex Police,Essex Police,0.458198,51.752857,On or near Granger Row,E01021589,Chelmsford 006C,Anti-social behaviour,,
,2014-08,Essex Police,Essex Police,0.455832,51.749300,On or near Melbourne Avenue,E01021589,Chelmsford 006C,Anti-social behaviour,,
,2014-08,Essex Police,Essex Police,0.455832,51.749300,On or near Melbourne Avenue,E01021589,Chelmsford 006C,Anti-social behaviour,,
,2014-08,Essex Police,Essex Police,0.468921,51.751535,On or near Supermarket,E01021589,Chelmsford 006C,Anti-social behaviour,,
,2014-08,Essex Police,Essex Police,0.463444,51.753394,On or near Kelvedon Close,E01021589,Chelmsford 006C,Anti-social behaviour,,
,2014-08,Essex Police,Essex Police,0.457552,51.751890,On or near Wickham Crescent,E01021589,Chelmsford 006C,Anti-social behaviour,,
,2014-08,Essex Police,Essex Police,0.463444,51.753394,On or near Kelvedon Close,E01021589,Chelmsford 006C,Anti-social behaviour,,
755f51e340b350ba82a855472644dcdc010dac42e12bfe23f6ed6abba1e973a1,2014-08,Essex Police,Essex Police,0.468921,51.751535,On or near Supermarket,E01021589,Chelmsford 006C,Burglary,Under investigation,
ba972f8a7ccce14b80c51dbab243e340900d543ed0114b13bca696277accc27c,2014-08,Essex Police,Essex Police,0.467111,51.751555,On or near Courtlands,E01021589,Chelmsford 006C,Criminal damage and arson,Investigation complete; no suspect identified,
08507fbdf1b4a36eeded17d9894a89789b8570bc1772e49ee09dd6a9cb71de37,2014-08,Essex Police,Essex Police,0.455832,51.749300,On or near Melbourne Avenue,E01021589,Chelmsford 006C,Criminal damage and arson,Investigation complete; no suspect identified,
2ae21f825f7e7ce1ac40a1f29eda52a426aefacd1056753e658e4bce7f8a8880,2014-08,Essex Police,Essex Police,0.463444,51.753394,On or near Kelvedon Close,E01021589,Chelmsford 006C,Drugs,Offender given a drugs possession warning,
f7a7bc3a3addf3125174d4ae1c14398167f0e669a34867ec6af6f0bfc565e2b9,2014-08,Essex Police,Essex Police,0.458198,51.752857,On or near Granger Row,E01021589,Chelmsford 006C,Other theft,Investigation complete; no suspect identified,
614307d10ebe27780ca4f9e9b44e42345315f0bdccf013c50edb35306a0a6516,2014-08,Essex Police,Essex Police,0.468921,51.751535,On or near Supermarket,E01021589,Chelmsford 006C,Theft from the person,Under investigation,
b42f294afd05825578b58619bf647a3e6f14861791a1563292d36a25cb3c8020,2014-08,Essex Police,Essex Police,0.453619,51.752854,On or near Tugby Place,E01021589,Chelmsford 006C,Vehicle crime,Investigation complete; no suspect identified,
54272dcb9a41f907824dcf04f706ab147831469e641934fafb6451d5b8b7e7b6,2014-08,Essex Police,Essex Police,0.453619,51.752854,On or near Tugby Place,E01021589,Chelmsford 006C,Violence and sexual offences,Unable to prosecute suspect,
16f454be50652fdfd104f72a2aeb6ef65d8fb8e81f7fbae97104cd178d15bd69,2014-08,Essex Police,Essex Police,0.457816,51.750356,On or near Leeford,E01021589,Chelmsford 006C,Violence and sexual offences,Awaiting court outcome,
,2014-08,Essex Police,Essex Police,0.463766,51.744143,On or near Corporation Road,E01021592,Chelmsford 006D,Anti-social behaviour,,
,2014-08,Essex Police,Essex Police,0.463100,51.746810,On or near Eves Crescent,E01021592,Chelmsford 006D,Anti-social behaviour,,
ef7239b7977120c2ed7d578f8e71b7a4ebc72f7e23f7791ea0b1d22c883d88c6,2014-08,Essex Police,Essex Police,0.463618,51.744623,On or near Woodland Road,E01021592,Chelmsford 006D,Drugs,Offender given a drugs possession warning,
d33487cc38da1be6af08a903ae01545308cc851522687f200974e35b1fafacc8,2014-08,Essex Police,Essex Police,0.471125,51.745463,On or near Fell Christy,E01021592,Chelmsford 006D,Other theft,Under investigation,
49ddc238db9fb69c9c0aab42570cfe757a00fa0a46fd91864882ee44dfa71941,2014-08,Essex Police,Essex Police,0.461380,51.746090,On or near Milton Place,E01021592,Chelmsford 006D,Vehicle crime,Under investigation,
90ee6680def12668e8e9c0a955053c723a01c5b1c6ecd74bd3555ce9b7c03e6d,2014-08,Essex Police,Essex Police,0.471125,51.745463,On or near Fell Christy,E01021592,Chelmsford 006D,Violence and sexual offences,Awaiting court outcome,
59aeade1360833141d332d3249fddf12e64028ec8134b150d95d720d2101a1c5,2014-08,Essex Police,Essex Police,0.461380,51.746090,On or near Milton Place,E01021592,Chelmsford 006D,Violence and sexual offences,Unable to prosecute suspect,
ece0a2ff658b6fc456d436b0236ae2ab1b4f5aad63ad439ac681277cdde197a9,2014-08,Essex Police,Essex Police,0.463837,51.746776,On or near Sunrise Avenue,E01021592,Chelmsford 006D,Violence and sexual offences,Unable to prosecute suspect,
8bd739ca8f74fa88b6405fbeedb90476d010fdd582ef874dd61e74caa6b1c3e0,2014-08,Essex Police,Essex Police,0.461380,51.746090,On or near Milton Place,E01021592,Chelmsford 006D,Violence and sexual offences,Offender given community sentence,
f2e88da8e4d0348f770bba2e02937e727239ac534e65f798100611203c24f096,2014-08,Essex Police,Essex Police,0.472910,51.745785,On or near Chelmer Valley Road,E01021592,Chelmsford 006D,Violence and sexual offences,Under investigation,
f4142d41c8b805225c64af716d1de59792a032f01c38e5db97704598d486f726,2014-08,Essex Police,Essex Police,0.461380,51.746090,On or near Milton Place,E01021592,Chelmsford 006D,Violence and sexual offences,Offender given community sentence,
,2014-08,Essex Police,Essex Police,0.453120,51.748449,On or near Spalding Avenue,E01021596,Chelmsford 006E,Anti-social behaviour,,
,2014-08,Essex Police,Essex Police,0.454130,51.750505,On or near St Nazaire Road,E01021596,Chelmsford 006E,Anti-social behaviour,,
,2014-08,Essex Police,Essex Police,0.454654,51.750017,On or near Alamein Road,E01021596,Chelmsford 006E,Anti-social behaviour,,
,2014-08,Essex Police,Essex Police,0.449532,51.747201,On or near Murchison Close,E01021596,Chelmsford 006E,Anti-social behaviour,,
,2014-08,Essex Police,Essex Police,0.454654,51.750017,On or near Alamein Road,E01021596,Chelmsford 006E,Anti-social behaviour,,
,2014-08,Essex Police,Essex Police,0.452440,51.747132,On or near Langton Avenue,E01021596,Chelmsford 006E,Anti-social behaviour,,
,2014-08,Essex Police,Essex Police,0.452418,51.748859,On or near Supermarket,E01021596,Chelmsford 006E,Anti-social behaviour,,
bf11a8f835de976032319fc969fff5e42c3dd905f95ef4effb0443e9e2ee392a,2014-08,Essex Police,Essex Police,0.452505,51.748857,On or near Supermarket,E01021596,Chelmsford 006E,Burglary,Under investigation,
ad777e4877a7cbb4c5fb4a832ba5fd34da59fbffc4c03159ed6b01a0d2f10510,2014-08,Essex Police,Essex Police,0.452505,51.748857,On or near Supermarket,E01021596,Chelmsford 006E,Burglary,Under investigation,
d28c5b71fe078c91e94ef3ba2c3bab03f80363b5d10a5e573b85b490b26803a8,2014-08,Essex Police,Essex Police,0.452418,51.748859,On or near Supermarket,E01021596,Chelmsford 006E,Public order,Awaiting court outcome,
f6deac52ac373b516dec7835ba2f41882e0976d2816fc6fcb27cec10786224e9,2014-08,Essex Police,Essex Police,0.452418,51.748859,On or near Supermarket,E01021596,Chelmsford 006E,Shoplifting,Under investigation,
7a2bcde4574a9255a6d283cfc6fd4bd8586f7276ebcbc898db69b6b216326dde,2014-08,Essex Police,Essex Police,0.453120,51.748449,On or near Spalding Avenue,E01021596,Chelmsford 006E,Violence and sexual offences,Awaiting court outcome,
2636c22585d6292762e5f48ebdd968101a3cf5a1d2f2dda988e60b438f9b8073,2014-08,Essex Police,Essex Police,0.452777,51.749877,On or near Arnhem Road,E01021596,Chelmsford 006E,Violence and sexual offences,Unable to prosecute suspect,
fe9579053f916fee6555814c297ee78c080e3c8524a6c1e19098a7f29cdbd5aa,2014-08,Essex Police,Essex Police,0.452418,51.748859,On or near Supermarket,E01021596,Chelmsford 006E,Violence and sexual offences,Under investigation,
,2014-08,Essex Police,Essex Police,0.499167,51.749825,On or near Sunflower Close,E01021621,Chelmsford 007B,Anti-social behaviour,,
,2014-08,Essex Police,Essex Police,0.499551,51.750752,On or near Lupin Mews,E01021621,Chelmsford 007B,Anti-social behaviour,,
7f7b57adb22b671f3e0f18ce3368788f7ff4757e9a6ec3112f50f66c5e614ff1,2014-08,Essex Police,Essex Police,0.499051,51.747993,On or near Havengore,E01021621,Chelmsford 007B,Other theft,Investigation complete; no suspect identified,
2f4c86dfabf3f7234d27402b5cd579f064fa87509327448cbdc27495ccc56726,2014-08,Essex Police,Essex Police,0.500956,51.749158,On or near Marigold Close,E01021621,Chelmsford 007B,Violence and sexual offences,Under investigation,
,2014-08,Essex Police,Essex Police,0.483969,51.746146,On or near Orford Crescent,E01021622,Chelmsford 007C,Anti-social behaviour,,
,2014-08,Essex Police,Essex Police,0.485832,51.748408,On or near Lawn Lane,E01021622,Chelmsford 007C,Anti-social behaviour,,
89857ba1d6a86571b07aa183824b0286aa7374c5fdfd73e3f1419b58cae21306,2014-08,Essex Police,Essex Police,0.482872,51.749127,On or near Meon Close,E01021622,Chelmsford 007C,Criminal damage and arson,Investigation complete; no suspect identified,
4d352c27707dc1f4af60472b2ffda612956f9beb0c1907e9c497892de9d32276,2014-08,Essex Police,Essex Police,0.484655,51.745699,On or near Aldeburgh Way,E01021622,Chelmsford 007C,Other theft,Under investigation,
6716a46357be32f294cf600abd88c7d3cb15d022ce4bb62c3f58aad85e9d1dd7,2014-08,Essex Police,Essex Police,0.482872,51.749127,On or near Meon Close,E01021622,Chelmsford 007C,Violence and sexual offences,Under investigation,
ea5ce26f2882988a82ccc9570ca59e4021852fa4f8f3f737d5b79373313ec4cd,2014-08,Essex Police,Essex Police,0.494967,51.746974,On or near Falmouth Road,E01021625,Chelmsford 007D,Criminal damage and arson,Under investigation,
,2014-08,Essex Police,Essex Police,0.500728,51.746078,On or near Supermarket,E01021626,Chelmsford 007E,Anti-social behaviour,,
,2014-08,Essex Police,Essex Police,0.499708,51.743887,On or near Chelmer Road,E01021626,Chelmsford 007E,Anti-social behaviour,,
0ec6e61cf58f75813091991b2327a5650d5c868beb89e508c9c235695123a673,2014-08,Essex Police,Essex Police,0.496571,51.743999,On or near Oxford Court,E01021626,Chelmsford 007E,Burglary,Investigation complete; no suspect identified,
39b4d613774c2cdcc9bcaf9a1d8c3379e1605caa6649c769b913fc8bd08a1665,2014-08,Essex Police,Essex Police,0.487745,51.739456,On or near Llewellyn Close,E01021626,Chelmsford 007E,Criminal damage and arson,Investigation complete; no suspect identified,
13bfb2561a7ce8035da62e5d13f86af2921e0a7a2d083b7b14daa76ef60180cb,2014-08,Essex Police,Essex Police,0.487419,51.738276,On or near Brookhurst Close,E01021626,Chelmsford 007E,Criminal damage and arson,Investigation complete; no suspect identified,
e29ef8ba5fa39bedd43d73c0be83d58c46cd2dce66e07c6b84b32b72e8f667d4,2014-08,Essex Police,Essex Police,0.497480,51.742352,On or near Peel Road,E01021626,Chelmsford 007E,Criminal damage and arson,Offender given a caution,
5506059219a042a5f15be0b71861bad5b2cf874070862f2889780eb6452cbe05,2014-08,Essex Police,Essex Police,0.497480,51.742352,On or near Peel Road,E01021626,Chelmsford 007E,Drugs,Under investigation,
0a1bfa5b5549ea5f5615423781a6aafdaae40fccef313061c6a792d03ad1f3f5,2014-08,Essex Police,Essex Police,0.487419,51.738276,On or near Brookhurst Close,E01021626,Chelmsford 007E,Drugs,Offender given a drugs possession warning,
eae6255080d8f62059c71ddf124205db03808288ede61ae2d76a6fbb85f33afd,2014-08,Essex Police,Essex Police,0.487419,51.738276,On or near Brookhurst Close,E01021626,Chelmsford 007E,Other theft,Under investigation,
1aa35d0cb0e381542c99d89f2b6565aecda8f58ef84b59c77756a562c18b93d8,2014-08,Essex Police,Essex Police,0.497837,51.744637,On or near The Leys,E01021626,Chelmsford 007E,Violence and sexual offences,Unable to prosecute suspect,
,2014-08,Essex Police,Essex Police,0.506961,51.745891,On or near Cuton Hall Lane,E01021544,Chelmsford 008A,Anti-social behaviour,,
,2014-08,Essex Police,Essex Police,0.502537,51.740284,On or near Burgess Field,E01021544,Chelmsford 008A,Anti-social behaviour,,
,2014-08,Essex Police,Essex Police,0.511062,51.747728,On or near Springfield Lyons Approach,E01021544,Chelmsford 008A,Anti-social behaviour,,
,2014-08,Essex Police,Essex Police,0.506610,51.743210,On or near Richmond Road,E01021544,Chelmsford 008A,Anti-social behaviour,,
,2014-08,Essex Police,Essex Police,0.501995,51.742274,On or near Oyster Place,E01021544,Chelmsford 008A,Anti-social behaviour,,
,2014-08,Essex Police,Essex Police,0.501857,51.737933,On or near Samuel Manor,E01021544,Chelmsford 008A,Anti-social behaviour,,
,2014-08,Essex Police,Essex Police,0.506961,51.745891,On or near Cuton Hall Lane,E01021544,Chelmsford 008A,Anti-social behaviour,,
54b6411d4acc47c64ad9b45f078910feb27e747b138b2ee738b8c2fe9bdf6101,2014-08,Essex Police,Essex Police,0.506961,51.745891,On or near Cuton Hall Lane,E01021544,Chelmsford 008A,Bicycle theft,Investigation complete; no suspect identified,
e82a3ccf44c92f5ee3c349a0b1b0860e621f0df9687f24c57249a0e985c46c1a,2014-08,Essex Police,Essex Police,0.512109,51.743884,On or near Cuton Grove,E01021544,Chelmsford 008A,Criminal damage and arson,Unable to prosecute suspect,
db48e9a52eb82521bb54eafb7ae84f05928f56d15bdaa9265640d4bc74ef322b,2014-08,Essex Police,Essex Police,0.506961,51.745891,On or near Cuton Hall Lane,E01021544,Chelmsford 008A,Shoplifting,Under investigation,
c28721ec01e9ce15753f9c7aff4ba382ed96c93a52433fd70bdacfe1b5251235,2014-08,Essex Police,Essex Police,0.506961,51.745891,On or near Cuton Hall Lane,E01021544,Chelmsford 008A,Shoplifting,Investigation complete; no suspect identified,
76a079b864a1539745288637af15bd2b90e6f1c17b40448fcd114133b4ead898,2014-08,Essex Police,Essex Police,0.506961,51.745891,On or near Cuton Hall Lane,E01021544,Chelmsford 008A,Shoplifting,Under investigation,
ad6843f9f048eb23748a0d549def759bdd7c6a16119b0a157fdbed9bf8afdb41,2014-08,Essex Police,Essex Police,0.506610,51.743210,On or near Richmond Road,E01021544,Chelmsford 008A,Vehicle crime,Investigation complete; no suspect identified,
0bb5aedbf9c4aa6356fbaad34c96c4f1eaa2699e5e26b2b6d844a4ab890e3cde,2014-08,Essex Police,Essex Police,0.501429,51.741728,On or near Buckingham Court,E01021544,Chelmsford 008A,Vehicle crime,Investigation complete; no suspect identified,
3ea0a565455e0c665395437d401a8f6d813208c8493f66f1ee258e136415545a,2014-08,Essex Police,Essex Police,0.501857,51.737933,On or near Samuel Manor,E01021544,Chelmsford 008A,Other crime,Under investigation,
,2014-08,Essex Police,Essex Police,0.512950,51.739459,On or near Portway,E01021545,Chelmsford 008B,Anti-social behaviour,,
,2014-08,Essex Police,Essex Police,0.508028,51.739519,On or near Clarence Close,E01021545,Chelmsford 008B,Anti-social behaviour,,
,2014-08,Essex Police,Essex Police,0.508650,51.740279,On or near Aldridge Close,E01021545,Chelmsford 008B,Anti-social behaviour,,
,2014-08,Essex Police,Essex Police,0.511579,51.738256,On or near Webb Close,E01021545,Chelmsford 008B,Anti-social behaviour,,
,2014-08,Essex Police,Essex Police,0.509071,51.738993,On or near Blacklock,E01021545,Chelmsford 008B,Anti-social behaviour,,
cd7e2f939b85af9563386a8832f5f40945134258c864ff1475a23552470f335d,2014-08,Essex Police,Essex Police,0.513079,51.738917,On or near Whitmore Crescent,E01021545,Chelmsford 008B,Burglary,Investigation complete; no suspect identified,
569819505f0e6a394825e47a23cad3855ab3fe728499d86c1c27f2c22704f111,2014-08,Essex Police,Essex Police,0.512950,51.739459,On or near Portway,E01021545,Chelmsford 008B,Criminal damage and arson,Under investigation,
a58f48ecc325d6787a681e95c0460f83d373b6eb3a8775e39c9076e03b88ce92,2014-08,Essex Police,Essex Police,0.512950,51.739459,On or near Portway,E01021545,Chelmsford 008B,Drugs,Local resolution,
d499748e63856daefa95e3a150b793e1085714e0bc2e9e97bd00fea2673029ad,2014-08,Essex Police,Essex Police,0.511579,51.738256,On or near Webb Close,E01021545,Chelmsford 008B,Other theft,Investigation complete; no suspect identified,
,2014-08,Essex Police,Essex Police,0.498489,51.734129,On or near Greenwood Close,E01021546,Chelmsford 008C,Anti-social behaviour,,
0c3855bf435d4bdab3913be8ee2be9b10197b62b382e7bd58237697c7da54cf9,2014-08,Essex Police,Essex Police,0.502296,51.733040,On or near Salter Place,E01021546,Chelmsford 008C,Violence and sexual offences,Under investigation,
,2014-08,Essex Police,Essex Police,0.497450,51.731579,On or near Barnes Mill Road,E01021547,Chelmsford 008D,Anti-social behaviour,,
,2014-08,Essex Police,Essex Police,0.505268,51.732303,On or near Howard Drive,E01021547,Chelmsford 008D,Anti-social behaviour,,
,2014-08,Essex Police,Essex Police,0.498488,51.739632,On or near Chelmer Road,E01021547,Chelmsford 008D,Anti-social behaviour,,
,2014-08,Essex Police,Essex Police,0.501199,51.732587,On or near Gilson Close,E01021547,Chelmsford 008D,Anti-social behaviour,,
,2014-08,Essex Police,Essex Police,0.501199,51.732587,On or near Gilson Close,E01021547,Chelmsford 008D,Anti-social behaviour,,
,2014-08,Essex Police,Essex Police,0.498488,51.739632,On or near Chelmer Road,E01021547,Chelmsford 008D,Anti-social behaviour,,
,2014-08,Essex Police,Essex Police,0.494995,51.733016,On or near Shopping Area,E01021547,Chelmsford 008D,Anti-social behaviour,,
29c2964768d555d75f6ab142ffdf81d3e68352dbdef8df4b3c1945e1ba81a7dd,2014-08,Essex Police,Essex Police,0.498706,51.732289,On or near Fawkner Close,E01021547,Chelmsford 008D,Burglary,Investigation complete; no suspect identified,
76f9bbe4cd460b522b423db001205f3fc61ac15f94c8d31446f87ef62ec18f6b,2014-08,Essex Police,Essex Police,0.505268,51.732303,On or near Howard Drive,E01021547,Chelmsford 008D,Criminal damage and arson,Investigation complete; no suspect identified,
835417c4b6ccaa3f6b5189e2dd3e55047d5e85dbfaf1bcd688aee7b7520ca993,2014-08,Essex Police,Essex Police,0.505268,51.732303,On or near Howard Drive,E01021547,Chelmsford 008D,Criminal damage and arson,Investigation complete; no suspect identified,
16f55c6cd75a2a80d6699fb2f7ba2a57e0b13767dc80806bded352dc94d41bf4,2014-08,Essex Police,Essex Police,0.498488,51.739632,On or near Chelmer Road,E01021547,Chelmsford 008D,Other theft,Investigation complete; no suspect identified,
31ac6e922e3396974f32961c3e877a264977343ceacb2d4e7c93e0f9d8188020,2014-08,Essex Police,Essex Police,0.495881,51.732790,On or near Shopping Area,E01021547,Chelmsford 008D,Shoplifting,Under investigation,
e1eec66e82877dca7f98663854fb134dd53953712a98124c2c874773dc652fc8,2014-08,Essex Police,Essex Police,0.495881,51.732790,On or near Shopping Area,E01021547,Chelmsford 008D,Shoplifting,Under investigation,
3aedfeb6cdda9293f6df799c5c7e66b72d478ce413b9481e06d9dd4610c61fb4,2014-08,Essex Police,Essex Police,0.495881,51.732790,On or near Shopping Area,E01021547,Chelmsford 008D,Shoplifting,Under investigation,
07aba03310088e3664f62491257b3d210570cd53c8d511b4f6892a7744c8657d,2014-08,Essex Police,Essex Police,0.494995,51.733016,On or near Shopping Area,E01021547,Chelmsford 008D,Shoplifting,Under investigation,
9246c5348ad0c614928ddc8ca8f70f00f97d2c829c9fb9f2b891259e455cbce3,2014-08,Essex Police,Essex Police,0.498488,51.739632,On or near Chelmer Road,E01021547,Chelmsford 008D,Vehicle crime,Investigation complete; no suspect identified,
8798996aeca0159389e34d546a56848a0cfe84663dbbde2b8af34cb502b2ea85,2014-08,Essex Police,Essex Police,0.495274,51.734916,On or near Chelmer Road,E01021547,Chelmsford 008D,Violence and sexual offences,Unable to prosecute suspect,
,2014-08,Essex Police,Essex Police,0.492061,51.734976,On or near Yarwood Road,E01021628,Chelmsford 008E,Anti-social behaviour,,
,2014-08,Essex Police,Essex Police,0.485917,51.740466,On or near Chinery Close,E01021628,Chelmsford 008E,Anti-social behaviour,,
,2014-08,Essex Police,Essex Police,0.489632,51.733462,On or near Springfield Park Avenue,E01021628,Chelmsford 008E,Anti-social behaviour,,
,2014-08,Essex Police,Essex Police,0.489634,51.734290,On or near Springfield Park Road,E01021628,Chelmsford 008E,Anti-social behaviour,,
,2014-08,Essex Police,Essex Police,0.492061,51.734976,On or near Yarwood Road,E01021628,Chelmsford 008E,Anti-social behaviour,,
91f85518ba32b863c3185c0900c95ad60081dec5c4a20044f49f63e789be809f,2014-08,Essex Police,Essex Police,0.485502,51.738181,On or near Randulph Terrace,E01021628,Chelmsford 008E,Burglary,Investigation complete; no suspect identified,
c180460d4b19cd0f6a83abc0796f692009b7640913c7fb05b2565c7b93458aea,2014-08,Essex Police,Essex Police,0.489634,51.734290,On or near Springfield Park Road,E01021628,Chelmsford 008E,Other theft,Investigation complete; no suspect identified,
1faa420b721a8e93e6d87759839e0f2a6fe309a5d582a8f5caef3aaee49ec77b,2014-08,Essex Police,Essex Police,0.492061,51.734976,On or near Yarwood Road,E01021628,Chelmsford 008E,Possession of weapons,Awaiting court outcome,
5c3f83cb7ff4799dc4c67e103ecf0f27ae46295ad091455763752be7cc45d793,2014-08,Essex Police,Essex Police,0.486113,51.737692,On or near Regency Close,E01021628,Chelmsford 008E,Violence and sexual offences,Unable to prosecute suspect,
fde9d4d9a5c50d7a811eafd2c6d00fab31aaa58ab9e850a8c69822e6a59d5a45,2014-08,Essex Police,Essex Police,0.492061,51.734976,On or near Yarwood Road,E01021628,Chelmsford 008E,Violence and sexual offences,Awaiting court outcome,
ab06f2e3ee3f5add4967ad3ee59f4bfc122a09d61a110c73d1e1bf8af76ec3dc,2014-08,Essex Police,Essex Police,0.490120,51.736024,On or near Sandford Road,E01021628,Chelmsford 008E,Violence and sexual offences,Under investigation,
,2014-08,Essex Police,Essex Police,0.487178,51.732031,On or near Shelley Road,E01021629,Chelmsford 008F,Anti-social behaviour,,
,2014-08,Essex Police,Essex Police,0.488030,51.731203,On or near Byron Road,E01021629,Chelmsford 008F,Anti-social behaviour,,
,2014-08,Essex Police,Essex Police,0.482704,51.733645,On or near Sports/Recreation Area,E01021629,Chelmsford 008F,Anti-social behaviour,,
,2014-08,Essex Police,Essex Police,0.491075,51.734691,On or near Springfield Park Lane,E01021629,Chelmsford 008F,Anti-social behaviour,,
b5507e22d105100f359ce7de441173ffbb38275e2c2390e007bcff3766235c72,2014-08,Essex Police,Essex Police,0.486076,51.734653,On or near Springfield Park Hill,E01021629,Chelmsford 008F,Violence and sexual offences,Unable to prosecute suspect,
,2014-08,Essex Police,Essex Police,0.459178,51.744491,On or near Kings Road,E01021573,Chelmsford 009A,Anti-social behaviour,,
ab3a075826b083ce3edfc178f23c578d05f071770f59b38f1535c84c3985a2bc,2014-08,Essex Police,Essex Police,0.466650,51.741232,On or near Broomfield Road,E01021573,Chelmsford 009A,Burglary,Investigation complete; no suspect identified,
3ec2b1621856d268638e3c5293e2e14d8acf0b681a987d79e52ec80d3d23e316,2014-08,Essex Police,Essex Police,0.466228,51.742257,On or near Petrol Station,E01021573,Chelmsford 009A,Criminal damage and arson,Under investigation,
a1bb0b06be67f14341f33eca2b2604ab188986936dd635fa1f224a27e2595057,2014-08,Essex Police,Essex Police,0.459178,51.744491,On or near Kings Road,E01021573,Chelmsford 009A,Other theft,Investigation complete; no suspect identified,
6771e77ce513e48cdde36fd957f61e4a0feb97cfb0f72ffea04fd36b087a7796,2014-08,Essex Police,Essex Police,0.456378,51.742283,On or near Warwick Square,E01021573,Chelmsford 009A,Other theft,Under investigation,
747908f50678303a16d615b3fca0d813edc91fe90c5984c033a00cc98f434228,2014-08,Essex Police,Essex Police,0.459001,51.744692,On or near Supermarket,E01021573,Chelmsford 009A,Other theft,Investigation complete; no suspect identified,
606b7b110518eba165c6849df2b8e22f605e9a7eb0d8cb0aff3826a595e8bcd5,2014-08,Essex Police,Essex Police,0.459178,51.744491,On or near Kings Road,E01021573,Chelmsford 009A,Possession of weapons,Awaiting court outcome,
58d6fe967925b73543d16c6b7e5f1cad3fca289052c345a289bcaed9ebf956ba,2014-08,Essex Police,Essex Police,0.459123,51.744816,On or near Supermarket,E01021573,Chelmsford 009A,Public order,Under investigation,
b085114102d7bd229f1a6738b95d9c213ed5e22dbad273ddc7a67ba284815b46,2014-08,Essex Police,Essex Police,0.454020,51.741802,On or near Kings Road,E01021573,Chelmsford 009A,Public order,Under investigation,
c3fb7043674a1d7163a1a98178024248c45e7bf5f94eae3d9b00ac673d736c0f,2014-08,Essex Police,Essex Police,0.466228,51.742257,On or near Petrol Station,E01021573,Chelmsford 009A,Shoplifting,Under investigation,
5d7a81991786655567b09411bd296f60d20a02cfa055129d76f766cf24767aa7,2014-08,Essex Police,Essex Police,0.459001,51.744692,On or near Supermarket,E01021573,Chelmsford 009A,Shoplifting,Under investigation,
2457425b40203af170332020dc22521c05ae3342804a08890563e0d93b406938,2014-08,Essex Police,Essex Police,0.454020,51.741802,On or near Kings Road,E01021573,Chelmsford 009A,Violence and sexual offences,Under investigation,
24302eeb3ae6c5cb1e4e769d8ee1c44f8c3ceeea6e8b2d6552d6853246036176,2014-08,Essex Police,Essex Police,0.461742,51.742621,On or near Swiss Avenue,E01021573,Chelmsford 009A,Violence and sexual offences,Offender sent to prison,
,2014-08,Essex Police,Essex Police,0.460181,51.737878,On or near South Primrose Hill,E01021575,Chelmsford 009B,Anti-social behaviour,,
c577c5e0f1ca976bc229cf21cbbd566423e619ad034b50fb6f1475a3c37e16ec,2014-08,Essex Police,Essex Police,0.454493,51.740101,On or near Bundick'S Hill,E01021575,Chelmsford 009B,Bicycle theft,Under investigation,
6e3dfca6633147f91003da263a792bbe5eaba1949b08091352d0964721672cc3,2014-08,Essex Police,Essex Police,0.459784,51.736169,On or near Cramphorn Walk,E01021575,Chelmsford 009B,Burglary,Investigation complete; no suspect identified,
96e1aac60ae689ad664891a3c8cd0ff656fe64e2ba8450821aadd834c146509f,2014-08,Essex Police,Essex Police,0.462023,51.737390,On or near South Primrose Hill,E01021575,Chelmsford 009B,Burglary,Investigation complete; no suspect identified,
e79feac0fa5223962c6019792cb7213e4f07861b305eb379f10d5c9767c57a15,2014-08,Essex Police,Essex Police,0.462023,51.737390,On or near South Primrose Hill,E01021575,Chelmsford 009B,Criminal damage and arson,Under investigation,
d93ac99b1eb45685ef6949935c9fad1fa1955e0f5541daf31f75f2695281cb34,2014-08,Essex Police,Essex Police,0.460102,51.739354,On or near Rainsford Road,E01021575,Chelmsford 009B,Robbery,Under investigation,
28648dd845963b1039f51913ef9e9e12e77232fa8cd92677c13866603fd4e5de,2014-08,Essex Police,Essex Police,0.457057,51.739571,On or near Harrison Court,E01021575,Chelmsford 009B,Vehicle crime,Investigation complete; no suspect identified,
8655da7405f48a38b8f5e7aec90ce674252a4b5593dfcd6c8afdf51d757bef4e,2014-08,Essex Police,Essex Police,0.457057,51.739571,On or near Harrison Court,E01021575,Chelmsford 009B,Vehicle crime,Investigation complete; no suspect identified,
18cd4fce12610e53ea0fe328d0c3a1ac5620d2aa5e3c470a1e967bb6254a91bd,2014-08,Essex Police,Essex Police,0.461285,51.739006,On or near Rainsford Road,E01021575,Chelmsford 009B,Violence and sexual offences,Investigation complete; no suspect identified,
e0da3f0d7000607acf732198baa665c5a1e1aecd0ded69c10dec32a5b5cd252d,2014-08,Essex Police,Essex Police,0.460181,51.737878,On or near South Primrose Hill,E01021575,Chelmsford 009B,Violence and sexual offences,Unable to prosecute suspect,
ec6836e2712811f510ad77972e334db1ab7deb15cd42537e120684ba981fca2e,2014-08,Essex Police,Essex Police,0.460102,51.739354,On or near Rainsford Road,E01021575,Chelmsford 009B,Violence and sexual offences,Unable to prosecute suspect,
d72f8f45a5fc304843557dd13724f5ba260a466d10c2ee79fecb3330a07cadc0,2014-08,Essex Police,Essex Police,0.457517,51.737097,On or near Nelson Grove,E01021575,Chelmsford 009B,Violence and sexual offences,Awaiting court outcome,
,2014-08,Essex Police,Essex Police,0.448767,51.746723,On or near Hobart Close,E01021599,Chelmsford 009C,Anti-social behaviour,,
,2014-08,Essex Police,Essex Police,0.450353,51.741770,On or near Acres End,E01021599,Chelmsford 009C,Anti-social behaviour,,
,2014-08,Essex Police,Essex Police,0.443854,51.742131,On or near Medway Close,E01021599,Chelmsford 009C,Anti-social behaviour,,
,2014-08,Essex Police,Essex Police,0.450444,51.728999,On or near Epping Close,E01021631,Chelmsford 009E,Anti-social behaviour,,
,2014-08,Essex Police,Essex Police,0.448365,51.729114,On or near Stansted Close,E01021631,Chelmsford 009E,Anti-social behaviour,,
,2014-08,Essex Police,Essex Police,0.450444,51.728999,On or near Epping Close,E01021631,Chelmsford 009E,Anti-social behaviour,,
,2014-08,Essex Police,Essex Police,0.449369,51.730811,On or near Forest Drive,E01021631,Chelmsford 009E,Anti-social behaviour,,
,2014-08,Essex Police,Essex Police,0.451553,51.729146,On or near Charnwood Avenue,E01021631,Chelmsford 009E,Anti-social behaviour,,
,2014-08,Essex Police,Essex Police,0.451553,51.729146,On or near Charnwood Avenue,E01021631,Chelmsford 009E,Anti-social behaviour,,
,2014-08,Essex Police,Essex Police,0.451553,51.729146,On or near Charnwood Avenue,E01021631,Chelmsford 009E,Anti-social behaviour,,
46d7c3de29e645cfaf0b81a8a855ec8c51e3e25fb49c89719c999f76e7b5483e,2014-08,Essex Police,Essex Police,0.449369,51.730811,On or near Forest Drive,E01021631,Chelmsford 009E,Criminal damage and arson,Under investigation,
29227230528c9404e2007a7b724de09a030ebfe7ec84bf1ddaad11173f9dd2bd,2014-08,Essex Police,Essex Police,0.444657,51.730162,On or near Exmoor Close,E01021631,Chelmsford 009E,Public order,Awaiting court outcome,
50db4576e48726de73a5a0a08444ea66c72cc9e43f407edd9ff708b109cf6303,2014-08,Essex Police,Essex Police,0.449369,51.730811,On or near Forest Drive,E01021631,Chelmsford 009E,Public order,Under investigation,
71924055c451b0b09c23054f939d42c98acaf8fb0b166873f6378f78565101af,2014-08,Essex Police,Essex Police,0.449369,51.730811,On or near Forest Drive,E01021631,Chelmsford 009E,Shoplifting,Under investigation,
c71955e72acc70ba34a227b7339895829daa8ac803685a0200d78b3d3d7677cc,2014-08,Essex Police,Essex Police,0.449369,51.730811,On or near Forest Drive,E01021631,Chelmsford 009E,Vehicle crime,Investigation complete; no suspect identified,
64a9729a015eb7856c448885505ff7e7533d844b842f4701c9cd168018e7e1f3,2014-08,Essex Police,Essex Police,0.444694,51.730854,On or near Hatfield Grove,E01021631,Chelmsford 009E,Violence and sexual offences,Awaiting court outcome,
7ab8be2218992be318a7bb6c02000dfd1ee98bdefb8e6c802d84b279ed7e952c,2014-08,Essex Police,Essex Police,0.444694,51.730854,On or near Hatfield Grove,E01021631,Chelmsford 009E,Violence and sexual offences,Awaiting court outcome,
074938b184127785ddf2f903e17301b67fc7dac027fa7e859c6c6484e28693f7,2014-08,Essex Police,Essex Police,0.446275,51.729562,On or near Harewood Road,E01021631,Chelmsford 009E,Violence and sexual offences,Under investigation,
4a530059d07eb7804115161c46d263cba3dce59785be4d0f2adc6155967e254c,2014-08,Essex Police,Essex Police,0.444657,51.730162,On or near Exmoor Close,E01021631,Chelmsford 009E,Violence and sexual offences,Awaiting court outcome,
6155d8594b73cee992b2fb89ab90505cdbdbcb5df2cf7a9a8a4b1476313083cd,2014-08,Essex Police,Essex Police,0.446275,51.729562,On or near Harewood Road,E01021631,Chelmsford 009E,Violence and sexual offences,Under investigation,
dc7ce54f29cf8f4d59c959052abf0403d0602adf7624248fc464d0255b754518,2014-08,Essex Police,Essex Police,0.451553,51.729146,On or near Charnwood Avenue,E01021631,Chelmsford 009E,Violence and sexual offences,Under investigation,
,2014-08,Essex Police,Essex Police,0.456539,51.729762,On or near Cromar Way,E01033138,Chelmsford 009F,Anti-social behaviour,,
,2014-08,Essex Police,Essex Police,0.455623,51.727290,On or near Crompton Street,E01033138,Chelmsford 009F,Anti-social behaviour,,
,2014-08,Essex Police,Essex Police,0.459421,51.730025,On or near Sports/Recreation Area,E01033138,Chelmsford 009F,Anti-social behaviour,,
,2014-08,Essex Police,Essex Police,0.456406,51.727039,On or near Evelyn Place,E01033138,Chelmsford 009F,Anti-social behaviour,,
,2014-08,Essex Police,Essex Police,0.448093,51.721934,On or near Russell Way,E01033138,Chelmsford 009F,Anti-social behaviour,,
2c7164785b80d6e11e835f7e6780570c802f60211930b0a2be75bdc9bf6f932d,2014-08,Essex Police,Essex Police,0.458532,51.728056,On or near Parkinson Drive,E01033138,Chelmsford 009F,Bicycle theft,Investigation complete; no suspect identified,
ad864e2b8be6cce7b917b705f40260e4324ab5c87532b40f85a6a9a9fad8b87d,2014-08,Essex Police,Essex Police,0.455623,51.727290,On or near Crompton Street,E01033138,Chelmsford 009F,Burglary,Investigation complete; no suspect identified,
70368b08f3a60854e75c6e37fbc4040bd75bce0b456c8672372e500a8f60dafb,2014-08,Essex Police,Essex Police,0.458325,51.733052,On or near Parking Area,E01033138,Chelmsford 009F,Burglary,Investigation complete; no suspect identified,
a76b876469853c1c9a4172f824500a5b0b468bf609bf9c315df5afd0354048f9,2014-08,Essex Police,Essex Police,0.456406,51.727039,On or near Evelyn Place,E01033138,Chelmsford 009F,Burglary,Investigation complete; no suspect identified,
aa10df611b5586788f4ea65f58c557cc095309b7949cdc19c12223f60be8757c,2014-08,Essex Police,Essex Police,0.458027,51.734227,On or near Pedestrian Subway,E01033138,Chelmsford 009F,Criminal damage and arson,Investigation complete; no suspect identified,
25c6151aa6f1c0df4bd98d3a5636a8ac2dc1bb8566b2823ef64c6bb617afc19c,2014-08,Essex Police,Essex Police,0.454159,51.729137,On or near Bilton Road,E01033138,Chelmsford 009F,Drugs,Awaiting court outcome,
01d782488a9900bd45f4d2014659afc1ba617f0df9000dd29713f18eb3bf8be3,2014-08,Essex Police,Essex Police,0.450839,51.723720,On or near Westway,E01033138,Chelmsford 009F,Other theft,Under investigation,
57063b85bd0b8dee595098a979fbd0d9a84e728821ded754e2724e4b34363547,2014-08,Essex Police,Essex Police,0.455711,51.732648,On or near Petrol Station,E01033138,Chelmsford 009F,Other theft,Investigation complete; no suspect identified,
35a62653239e30c3f25ff57764b6f0c42dae3cf4949d00bd695538ac57955b50,2014-08,Essex Police,Essex Police,0.455711,51.732648,On or near Petrol Station,E01033138,Chelmsford 009F,Other theft,Investigation complete; no suspect identified,
6c22fb398a507e09cb533b51f27e1036d679ee0ce60afeaa53e1537698ef1c90,2014-08,Essex Police,Essex Police,0.455711,51.732648,On or near Petrol Station,E01033138,Chelmsford 009F,Other theft,Unable to prosecute suspect,
ec9011819f47d9836f6f61b9f11f8c06b299877fca0fb3d54f3eca6c7fa7eae9,2014-08,Essex Police,Essex Police,0.455711,51.732648,On or near Petrol Station,E01033138,Chelmsford 009F,Other theft,Investigation complete; no suspect identified,
f75672737ecb7dd24ea809482ae8c1ab9ab1f2f02e0f3af27a35ede5c5f41e9d,2014-08,Essex Police,Essex Police,0.455711,51.732648,On or near Petrol Station,E01033138,Chelmsford 009F,Other theft,Under investigation,
eb055c105082df2e33c3b0e80d4d05105e8e59540f3a7e5445771d6aa4fe6c0d,2014-08,Essex Police,Essex Police,0.450839,51.723720,On or near Westway,E01033138,Chelmsford 009F,Other theft,Under investigation,
1764030b1ed48d03b0dee77eda56f49d5c140e79af25997743453203b37a10cf,2014-08,Essex Police,Essex Police,0.454300,51.730663,On or near Waterhouse Lane,E01033138,Chelmsford 009F,Shoplifting,Investigation complete; no suspect identified,
476c1ed450d9622032533123273e32f23f6243c5a102ec27861f74b71ec3f664,2014-08,Essex Police,Essex Police,0.445790,51.726479,On or near Longacre,E01033138,Chelmsford 009F,Vehicle crime,Investigation complete; no suspect identified,
815fa281cca5d781d570cf6381e1443821dc5759a414d558e16602e7d04c327e,2014-08,Essex Police,Essex Police,0.456406,51.727039,On or near Evelyn Place,E01033138,Chelmsford 009F,Vehicle crime,Under investigation,
7a751eed11d6b0e5b8381c8b1c426e2958b38624a1e40a9c1239775a12ac9a2c,2014-08,Essex Police,Essex Police,0.459421,51.730025,On or near Sports/Recreation Area,E01033138,Chelmsford 009F,Vehicle crime,Under investigation,
bf9d8fad2c16544e4d7e74aa07587e5f498a8612a4f0471c855ced9efd7c292b,2014-08,Essex Police,Essex Police,0.455711,51.732648,On or near Petrol Station,E01033138,Chelmsford 009F,Vehicle crime,Investigation complete; no suspect identified,
6d20c34b7e84a1b1927f25905c0999d389a5d85eb0387e2b1ce33422bbbf1403,2014-08,Essex Police,Essex Police,0.456539,51.729762,On or near Cromar Way,E01033138,Chelmsford 009F,Vehicle crime,Under investigation,
402f1bd603e74798d0a90916ef80100099b26f451b242130de48738ff0868749,2014-08,Essex Police,Essex Police,0.456406,51.727039,On or near Evelyn Place,E01033138,Chelmsford 009F,Violence and sexual offences,Awaiting court outcome,
00cb3da3802103af1ec7891f55a2e670f2f540cbd540f9bb260ea4cf836486f1,2014-08,Essex Police,Essex Police,0.454159,51.729137,On or near Bilton Road,E01033138,Chelmsford 009F,Violence and sexual offences,Unable to prosecute suspect,
e9589da48d7a42287cdc777435b741916efe8df5db47b5e93f73d1abb1040923,2014-08,Essex Police,Essex Police,0.456406,51.727039,On or near Evelyn Place,E01033138,Chelmsford 009F,Violence and sexual offences,Under investigation,
2187d368b068552c8e7f09182cfa067c967daf6a0627db84359323b9db559053,2014-08,Essex Police,Essex Police,0.449278,51.721091,On or near Rodney Way,E01033138,Chelmsford 009F,Violence and sexual offences,Under investigation,
98f92f72931c9d1c1f01cbe42b5dcfb488ac58fd48a4d65449c2955e3fa67078,2014-08,Essex Police,Essex Police,0.458555,51.727678,On or near Rookes Crescent,E01033139,Chelmsford 009G,Burglary,Under investigation,
0807fff746b5bbf69a545efb2190632483b7ebd60562c045a95dfb24ebd384a5,2014-08,Essex Police,Essex Police,0.461626,51.734898,On or near Coval Lane,E01033139,Chelmsford 009G,Criminal damage and arson,Under investigation,
4c1110db2594e340f1bac46adb1adf2422b81241b74dfc6bc901c252c0af92ce,2014-08,Essex Police,Essex Police,0.460973,51.733806,On or near Prykes Drive,E01033139,Chelmsford 009G,Other theft,Under investigation,
3153cb0985616c07557c105d57cceeb5940d1ed984cbaace77dcbd001b5e8a9e,2014-08,Essex Police,Essex Police,0.458555,51.727678,On or near Rookes Crescent,E01033139,Chelmsford 009G,Vehicle crime,Under investigation,
299bf964ffa526cf5702a55da0b259c29e8275c27c3d581fd5addc1505a8c7c5,2014-08,Essex Police,Essex Police,0.458555,51.727678,On or near Rookes Crescent,E01033139,Chelmsford 009G,Vehicle crime,Investigation complete; no suspect identified,
29867c50203f98a1ecd937de840c468a60b6ee3164701f93f1c7233cb10f1cc9,2014-08,Essex Police,Essex Police,0.458555,51.727678,On or near Rookes Crescent,E01033139,Chelmsford 009G,Vehicle crime,Investigation complete; no suspect identified,
,2014-08,Essex Police,Essex Police,0.466049,51.738187,On or near Broomfield Road,E01021574,Chelmsford 010A,Anti-social behaviour,,
,2014-08,Essex Police,Essex Police,0.472891,51.740669,On or near B1008,E01021574,Chelmsford 010A,Anti-social behaviour,,
,2014-08,Essex Police,Essex Police,0.467935,51.738507,On or near Glebe Road,E01021574,Chelmsford 010A,Anti-social behaviour,,
,2014-08,Essex Police,Essex Police,0.471483,51.739277,On or near Marconi Road,E01021574,Chelmsford 010A,Anti-social behaviour,,
,2014-08,Essex Police,Essex Police,0.466049,51.738187,On or near Broomfield Road,E01021574,Chelmsford 010A,Anti-social behaviour,,
,2014-08,Essex Police,Essex Police,0.470372,51.741486,On or near Henry Road,E01021574,Chelmsford 010A,Anti-social behaviour,,
,2014-08,Essex Police,Essex Police,0.474285,51.741251,On or near Further/Higher Educational Building,E01021574,Chelmsford 010A,Anti-social behaviour,,
,2014-08,Essex Police,Essex Police,0.466049,51.738187,On or near Broomfield Road,E01021574,Chelmsford 010A,Anti-social behaviour,,
,2014-08,Essex Police,Essex Police,0.467191,51.737344,On or near Railway Street,E01021574,Chelmsford 010A,Anti-social behaviour,,
,2014-08,Essex Police,Essex Police,0.466470,51.736073,On or near Bus/Coach Station,E01021574,Chelmsford 010A,Anti-social behaviour,,
,2014-08,Essex Police,Essex Police,0.464070,51.737482,On or near Rainsford Road,E01021574,Chelmsford 010A,Anti-social behaviour,,
,2014-08,Essex Police,Essex Police,0.474285,51.741251,On or near Further/Higher Educational Building,E01021574,Chelmsford 010A,Anti-social behaviour,,
,2014-08,Essex Police,Essex Police,0.464070,51.737482,On or near Rainsford Road,E01021574,Chelmsford 010A,Anti-social behaviour,,
,2014-08,Essex Police,Essex Police,0.467958,51.739450,On or near Victoria Crescent,E01021574,Chelmsford 010A,Anti-social behaviour,,
61b666849fac8c8b6ac58b8f963c359a19e7291eea97c979681ae10929be095b,2014-08,Essex Police,Essex Police,0.473026,51.741008,On or near Further/Higher Educational Building,E01021574,Chelmsford 010A,Burglary,Under investigation,
ba7e3c8c0377c852186c692543821c21fe161989a74da1d111790b52dcf926bc,2014-08,Essex Police,Essex Police,0.470207,51.740590,On or near Rectory Lane,E01021574,Chelmsford 010A,Burglary,Under investigation,
b02efddc9c95e2286ab9ef35eecca2afe69019abfa1bbbbfc20fac6a6181a4a4,2014-08,Essex Police,Essex Police,0.471707,51.739938,On or near Bishop Road,E01021574,Chelmsford 010A,Burglary,Awaiting court outcome,
077c98130f66c89eb02dd49aa4e9d1e6171247cfc28583280e3587ebcce6dfc4,2014-08,Essex Police,Essex Police,0.473026,51.741008,On or near Further/Higher Educational Building,E01021574,Chelmsford 010A,Burglary,Investigation complete; no suspect identified,
9de7abbcfa519cd66896a03cc1d388cce1a98ce374eb42d26638a1d0bc28c3e1,2014-08,Essex Police,Essex Police,0.471707,51.739938,On or near Bishop Road,E01021574,Chelmsford 010A,Criminal damage and arson,Investigation complete; no suspect identified,
aee65aacd8b05512616855722dda2da1b206b41c9beac9c83d8044de3620019a,2014-08,Essex Police,Essex Police,0.466936,51.736909,On or near Supermarket,E01021574,Chelmsford 010A,Other theft,Offender given community sentence,
6d7165c7ab9452909d71b4cb94a4080c3c5e814ab5a6ce643836689efafef0de,2014-08,Essex Police,Essex Police,0.472891,51.740669,On or near B1008,E01021574,Chelmsford 010A,Other theft,Under investigation,
b60392fb018ab035388619abdd35ddde857f0dadc3149ad5fa615e24fa2d1e5f,2014-08,Essex Police,Essex Police,0.467409,51.737088,On or near Nightclub,E01021574,Chelmsford 010A,Possession of weapons,Under investigation,
1a297ab3c130ac74752c81f8dbc61e6239ee8722ea79958f83d7bba41eaf1872,2014-08,Essex Police,Essex Police,0.474285,51.741251,On or near Further/Higher Educational Building,E01021574,Chelmsford 010A,Robbery,Under investigation,
a9f0c775e0c1bd72ca9cda51b5f5444a8ae4f4e5c104e4ea7175d4fe26328aef,2014-08,Essex Police,Essex Police,0.473026,51.741008,On or near Further/Higher Educational Building,E01021574,Chelmsford 010A,Shoplifting,Under investigation,
86cb3665ee84a075354211fb2d1e03e24fc41ab888bff0792bad75c85ae229cd,2014-08,Essex Police,Essex Police,0.466936,51.736909,On or near Supermarket,E01021574,Chelmsford 010A,Shoplifting,Offender given conditional discharge,
645559fbfadf639cc6373848df20094802f7186c559c4a07504828dc478ad829,2014-08,Essex Police,Essex Police,0.473026,51.741008,On or near Further/Higher Educational Building,E01021574,Chelmsford 010A,Shoplifting,Under investigation,
496c2c4fbc3d1b435a1411991b36f17c0a50f2e26dcd5c83d7c4ac0f627850ff,2014-08,Essex Police,Essex Police,0.466470,51.736073,On or near Bus/Coach Station,E01021574,Chelmsford 010A,Shoplifting,Under investigation,
0181beaae5a13f71e2ceb1f7c350cb22dd49f03108501d04cad48d81f76369f9,2014-08,Essex Police,Essex Police,0.465864,51.736383,On or near Theatre/Concert Hall,E01021574,Chelmsford 010A,Vehicle crime,Investigation complete; no suspect identified,
50f9ea6d71b6cf775c1a30258b76cac0389aaeff7b4a7107ae2252e3fb79de95,2014-08,Essex Police,Essex Police,0.470207,51.740590,On or near Rectory Lane,E01021574,Chelmsford 010A,Vehicle crime,Investigation complete; no suspect identified,
94fd3ecc8c3f9703054e502a96b52847303935736f1a1bb1a7328aba32f4f254,2014-08,Essex Police,Essex Police,0.470207,51.740590,On or near Rectory Lane,E01021574,Chelmsford 010A,Vehicle crime,Investigation complete; no suspect identified,
d9fc7df2eb2939e674c38d793e1af2864df2582909727b2df1d477f7ec3c4e45,2014-08,Essex Police,Essex Police,0.467171,51.736967,On or near Well'S Street,E01021574,Chelmsford 010A,Violence and sexual offences,Awaiting court outcome,
666417954a4917c9628d8b24a26ea4df7a6336d88ca0fd9336c99317c51631ea,2014-08,Essex Police,Essex Police,0.474285,51.741251,On or near Further/Higher Educational Building,E01021574,Chelmsford 010A,Violence and sexual offences,Unable to prosecute suspect,
557a4f9ab7aa5714f1c573e2610424c4b461f34155edf0a9b7172b1ba92b8bf4,2014-08,Essex Police,Essex Police,0.467958,51.739450,On or near Victoria Crescent,E01021574,Chelmsford 010A,Violence and sexual offences,Unable to prosecute suspect,
946b8fe46e2afa62bcfcd639992fe47bb325362fc9012c64bf83d1210dda3283,2014-08,Essex Police,Essex Police,0.466049,51.738187,On or near Broomfield Road,E01021574,Chelmsford 010A,Violence and sexual offences,Under investigation,
1a3db2dfc8ac184be7dc549174ab87a94db9634ea7b3a0c5e4b5e5c104b62aba,2014-08,Essex Police,Essex Police,0.467409,51.737088,On or near Nightclub,E01021574,Chelmsford 010A,Violence and sexual offences,Under investigation,
d2d3e01bd2b3a6555bf5ad443dfb9743a13176baad380e401eb441dcc20b4e42,2014-08,Essex Police,Essex Police,0.467409,51.737088,On or near Nightclub,E01021574,Chelmsford 010A,Violence and sexual offences,Under investigation,
43d6b570d89144849e54da6f68532cb229f2cef358c12bb8eddf061f6bf692fe,2014-08,Essex Police,Essex Police,0.467958,51.739450,On or near Victoria Crescent,E01021574,Chelmsford 010A,Violence and sexual offences,Unable to prosecute suspect,
ef8af04feb8c4166dde09477106cfe96450fa0781e2df61b8d285c960412dd10,2014-08,Essex Police,Essex Police,0.473026,51.741008,On or near Further/Higher Educational Building,E01021574,Chelmsford 010A,Violence and sexual offences,Under investigation,
,2014-08,Essex Police,Essex Police,0.460905,51.728024,On or near Perrin Place,E01021578,Chelmsford 010B,Anti-social behaviour,,
,2014-08,Essex Police,Essex Police,0.460960,51.725298,On or near Upper Chase,E01021578,Chelmsford 010B,Anti-social behaviour,,
,2014-08,Essex Police,Essex Police,0.460544,51.725631,On or near Writtle Road,E01021578,Chelmsford 010B,Anti-social behaviour,,
,2014-08,Essex Police,Essex Police,0.460544,51.725631,On or near Writtle Road,E01021578,Chelmsford 010B,Anti-social behaviour,,
,2014-08,Essex Police,Essex Police,0.460905,51.728024,On or near Perrin Place,E01021578,Chelmsford 010B,Anti-social behaviour,,
d76e1e0aa59566e534a5ab9d9471e7eb01fae3180ccd06af18a4670fe1ea8792,2014-08,Essex Police,Essex Police,0.464113,51.725754,On or near York Road,E01021578,Chelmsford 010B,Burglary,Investigation complete; no suspect identified,
0b30569745fb1eb03355776cba9e392f8ea2af5cf127fe7539d20fc321c9abf7,2014-08,Essex Police,Essex Police,0.460393,51.725787,On or near Cherrygarden Lane,E01021578,Chelmsford 010B,Criminal damage and arson,Investigation complete; no suspect identified,
6b4fea81996262554c6180e467783bd3b817f9c658cf83492bf9e2a1e83a9be2,2014-08,Essex Police,Essex Police,0.459277,51.724713,On or near Pearce Manor,E01021578,Chelmsford 010B,Criminal damage and arson,Offender fined,
8f381f45a2fae0296fad9f2203d4d3f3f8a6f7c654d3a64bb46811b08fa034f0,2014-08,Essex Police,Essex Police,0.461554,51.728236,On or near Upper Bridge Road,E01021578,Chelmsford 010B,Possession of weapons,Under investigation,
a088f954dc4617a59fd3430231076b8c57ad4ff418fb84bf8f4cf8828e6442cf,2014-08,Essex Police,Essex Police,0.460902,51.727431,On or near Belle Vue,E01021578,Chelmsford 010B,Vehicle crime,Investigation complete; no suspect identified,
124e7b148f27e29c7743009fcb21496fe47675f65f6be5916e07aa9fbf780b6d,2014-08,Essex Police,Essex Police,0.460544,51.725631,On or near Writtle Road,E01021578,Chelmsford 010B,Violence and sexual offences,Investigation complete; no suspect identified,
,2014-08,Essex Police,Essex Police,0.465760,51.730737,On or near The Meads,E01021582,Chelmsford 010D,Anti-social behaviour,,
,2014-08,Essex Police,Essex Police,0.465760,51.730737,On or near The Meads,E01021582,Chelmsford 010D,Anti-social behaviour,,
,2014-08,Essex Police,Essex Police,0.468148,51.728322,On or near Anchor Street,E01021582,Chelmsford 010D,Anti-social behaviour,,
,2014-08,Essex Police,Essex Police,0.466767,51.727155,On or near Marlborough Road,E01021582,Chelmsford 010D,Anti-social behaviour,,
,2014-08,Essex Police,Essex Police,0.468148,51.728322,On or near Anchor Street,E01021582,Chelmsford 010D,Anti-social behaviour,,
,2014-08,Essex Police,Essex Police,0.465870,51.727974,On or near New London Road,E01021582,Chelmsford 010D,Anti-social behaviour,,
,2014-08,Essex Police,Essex Police,0.465760,51.730737,On or near The Meads,E01021582,Chelmsford 010D,Anti-social behaviour,,
c8904ce0e00e55c6eb07d8ed54bb0ff2dbb8fba9e8a2cfdf5bee9fe54027a677,2014-08,Essex Police,Essex Police,0.465760,51.730737,On or near The Meads,E01021582,Chelmsford 010D,Burglary,Investigation complete; no suspect identified,
35ec9aece46fc8a4456740996d1ce1c45eeb636f4eb45406fe1d4b7321053afa,2014-08,Essex Police,Essex Police,0.468145,51.730660,On or near Hayes Close,E01021582,Chelmsford 010D,Criminal damage and arson,Investigation complete; no suspect identified,
4fce2cdfebf19ed8d459417259b373428c9a68a89d0b016563aed3873b760b5e,2014-08,Essex Police,Essex Police,0.468148,51.728322,On or near Anchor Street,E01021582,Chelmsford 010D,Other theft,Investigation complete; no suspect identified,
97bc0f59d22ec6537c33f082640117e86f4d6fc1e5ec7e90ac5f1e6795a4ede7,2014-08,Essex Police,Essex Police,0.465760,51.730737,On or near The Meads,E01021582,Chelmsford 010D,Other theft,Investigation complete; no suspect identified,
0fbe90fcd464d28176f5c6a9264d6e2839c52b1506ef45b8ad27cd989dd0cf6e,2014-08,Essex Police,Essex Police,0.463875,51.729896,On or near Hart Street,E01021582,Chelmsford 010D,Other theft,Unable to prosecute suspect,
607e86b414e25c0172af95e1d310bdd665bb1894b9e8076bebbc3d0e3b6d8375,2014-08,Essex Police,Essex Police,0.468148,51.728322,On or near Anchor Street,E01021582,Chelmsford 010D,Other theft,Under investigation,
e113dc9f9d4dffc6ae0edc6f1fb7476cbb32aab08d37d55585c034eec118f15f,2014-08,Essex Police,Essex Police,0.468148,51.728322,On or near Anchor Street,E01021582,Chelmsford 010D,Public order,Under investigation,
874179fd0846a4f8e7264d1ba3b0b1710217abd24ab606e367991ff9cad35710,2014-08,Essex Police,Essex Police,0.468148,51.728322,On or near Anchor Street,E01021582,Chelmsford 010D,Public order,Under investigation,
2fc1a9c681d058bd04b4c3afb91fc9d50ec07c92db8e75d87d535fc7eec450e9,2014-08,Essex Police,Essex Police,0.464913,51.729811,On or near Baker Street,E01021582,Chelmsford 010D,Violence and sexual offences,Unable to prosecute suspect,
9a875a1c77594a64f15a90a51bc44ec10356a3317735d47736694f2edb7fefd8,2014-08,Essex Police,Essex Police,0.468148,51.728322,On or near Anchor Street,E01021582,Chelmsford 010D,Violence and sexual offences,Unable to prosecute suspect,
8518f27b6a4ffe665e58ac97391f2b1bce33d165ad7f90e89c6354d7491a02d4,2014-08,Essex Police,Essex Police,0.468148,51.728322,On or near Anchor Street,E01021582,Chelmsford 010D,Violence and sexual offences,Unable to prosecute suspect,
259a6a7c0577ce2242c49827cea35d762a158bb094e4aee730a1b2e1c80c5ba9,2014-08,Essex Police,Essex Police,0.464913,51.729811,On or near Baker Street,E01021582,Chelmsford 010D,Violence and sexual offences,Under investigation,
,2014-08,Essex Police,Essex Police,0.482306,51.741172,On or near Hill View Road,E01021627,Chelmsford 010E,Anti-social behaviour,,
,2014-08,Essex Police,Essex Police,0.482378,51.737204,On or near Turkey Oaks,E01021627,Chelmsford 010E,Anti-social behaviour,,
8d984bc5a8cb69f49ec6f00daa961c45bb87ea2050ca00af91cd064a723d1f6f,2014-08,Essex Police,Essex Police,0.484654,51.736715,On or near Prison,E01021627,Chelmsford 010E,Criminal damage and arson,Investigation complete; no suspect identified,
ab6421aa22a59d9a5f5392cfce5c9f8d0c413c01e21d15dee792827b363dd3b8,2014-08,Essex Police,Essex Police,0.484654,51.736715,On or near Prison,E01021627,Chelmsford 010E,Drugs,Under investigation,
eb0f49ad4ed88df995d1f5ef4e4d0a6fe96d4acb3b794f13b89982ca92aced88,2014-08,Essex Police,Essex Police,0.482378,51.737204,On or near Turkey Oaks,E01021627,Chelmsford 010E,Public order,Under investigation,
76006ab233819e23796af5744a69638f11657a4b4e80fac2ff65335613423d1a,2014-08,Essex Police,Essex Police,0.484654,51.736715,On or near Prison,E01021627,Chelmsford 010E,Violence and sexual offences,Under investigation,
bedab21997094c4889fa8387217521fb0c78c9d7fe7a605b9d3e9361839dda6d,2014-08,Essex Police,Essex Police,0.484654,51.736715,On or near Prison,E01021627,Chelmsford 010E,Violence and sexual offences,Under investigation,
c3539429eaab7cd87cf14d780fb9c926a012cfc81adb6f44421afeb039f71787,2014-08,Essex Police,Essex Police,0.484654,51.736715,On or near Prison,E01021627,Chelmsford 010E,Violence and sexual offences,Under investigation,
eae5e63fff8e83333c27cd5a6ec664de0b63205f73c9305e1b38cf6cf07f8730,2014-08,Essex Police,Essex Police,0.484654,51.736715,On or near Prison,E01021627,Chelmsford 010E,Violence and sexual offences,Under investigation,
5c181eb848d2ba974e52318e9c09a8a12b3b8f8daeae384a97a91be23440ca87,2014-08,Essex Police,Essex Police,0.484654,51.736715,On or near Prison,E01021627,Chelmsford 010E,Violence and sexual offences,Unable to prosecute suspect,
26f447933661be3358912ad5d6fff2e34330e99bbde35cf66fbd6b86d24501f9,2014-08,Essex Police,Essex Police,0.484654,51.736715,On or near Prison,E01021627,Chelmsford 010E,Other crime,Under investigation,
26ceab8773348dd112d8656a040f59ac24dfa645c124e9f1e0216fd222c8ed77,2014-08,Essex Police,Essex Police,0.484654,51.736715,On or near Prison,E01021627,Chelmsford 010E,Other crime,Under investigation,
ab9c3f23a9dab09ae69ec7d29c2e604d6acab88b9fc316ee544d7becc7228cae,2014-08,Essex Police,Essex Police,0.484654,51.736715,On or near Prison,E01021627,Chelmsford 010E,Other crime,Under investigation,
0e3c82d1c1965caec3fc94a15ffe8af228b9f9b35a50d1bcbff458883867723f,2014-08,Essex Police,Essex Police,0.484654,51.736715,On or near Prison,E01021627,Chelmsford 010E,Other crime,Under investigation,
,2014-08,Essex Police,Essex Police,0.477311,51.732761,On or near High Bridge Road,E01033140,Chelmsford 010F,Anti-social behaviour,,
,2014-08,Essex Police,Essex Police,0.472189,51.731259,On or near Pedestrian Subway,E01033140,Chelmsford 010F,Anti-social behaviour,,
,2014-08,Essex Police,Essex Police,0.474843,51.733172,On or near Shopping Area,E01033140,Chelmsford 010F,Anti-social behaviour,,
,2014-08,Essex Police,Essex Police,0.472336,51.728369,On or near Grove Road,E01033140,Chelmsford 010F,Anti-social behaviour,,
,2014-08,Essex Police,Essex Police,0.482868,51.731618,On or near Brockley Road,E01033140,Chelmsford 010F,Anti-social behaviour,,
,2014-08,Essex Police,Essex Police,0.471097,51.728494,On or near Godfreys Mews,E01033140,Chelmsford 010F,Anti-social behaviour,,
,2014-08,Essex Police,Essex Police,0.484303,51.730311,On or near Hill Road South,E01033140,Chelmsford 010F,Anti-social behaviour,,
,2014-08,Essex Police,Essex Police,0.472987,51.734470,On or near New Street,E01033140,Chelmsford 010F,Anti-social behaviour,,
,2014-08,Essex Police,Essex Police,0.475214,51.731744,On or near Shopping Area,E01033140,Chelmsford 010F,Anti-social behaviour,,
,2014-08,Essex Police,Essex Police,0.484303,51.730311,On or near Hill Road South,E01033140,Chelmsford 010F,Anti-social behaviour,,
,2014-08,Essex Police,Essex Police,0.471106,51.727594,On or near Hamlet Road,E01033140,Chelmsford 010F,Anti-social behaviour,,
,2014-08,Essex Police,Essex Police,0.480992,51.732800,On or near Coates Quay,E01033140,Chelmsford 010F,Anti-social behaviour,,
,2014-08,Essex Police,Essex Police,0.471763,51.729820,On or near Supermarket,E01033140,Chelmsford 010F,Anti-social behaviour,,
,2014-08,Essex Police,Essex Police,0.471097,51.728494,On or near Godfreys Mews,E01033140,Chelmsford 010F,Anti-social behaviour,,
,2014-08,Essex Police,Essex Police,0.475387,51.732801,On or near Shopping Area,E01033140,Chelmsford 010F,Anti-social behaviour,,
,2014-08,Essex Police,Essex Police,0.473682,51.730490,On or near Pedestrian Subway,E01033140,Chelmsford 010F,Anti-social behaviour,,
,2014-08,Essex Police,Essex Police,0.471763,51.729820,On or near Supermarket,E01033140,Chelmsford 010F,Anti-social behaviour,,
,2014-08,Essex Police,Essex Police,0.469359,51.728755,On or near Parking Area,E01033140,Chelmsford 010F,Anti-social behaviour,,
,2014-08,Essex Police,Essex Police,0.471106,51.727594,On or near Hamlet Road,E01033140,Chelmsford 010F,Anti-social behaviour,,
,2014-08,Essex Police,Essex Police,0.474085,51.733089,On or near High Street Chelmsford,E01033140,Chelmsford 010F,Anti-social behaviour,,
,2014-08,Essex Police,Essex Police,0.475214,51.731744,On or near Shopping Area,E01033140,Chelmsford 010F,Anti-social behaviour,,
,2014-08,Essex Police,Essex Police,0.471106,51.727594,On or near Hamlet Road,E01033140,Chelmsford 010F,Anti-social behaviour,,
384dc7e657089a65e8c7ca1df23b7fc00d107fca5692ed865f80e9992c2c0b14,2014-08,Essex Police,Essex Police,0.474843,51.733172,On or near Shopping Area,E01033140,Chelmsford 010F,Bicycle theft,Investigation complete; no suspect identified,
acace12eff0b0e31a66b53d89dd054c228e7bbc66d50f5a1964cdcd12f910190,2014-08,Essex Police,Essex Police,0.475706,51.730411,On or near Parking Area,E01033140,Chelmsford 010F,Bicycle theft,Investigation complete; no suspect identified,
99feb449d27a534c07af53f72eb114a2a4c454f82d2310723a408179ec334a3c,2014-08,Essex Police,Essex Police,0.471763,51.729820,On or near Supermarket,E01033140,Chelmsford 010F,Bicycle theft,Investigation complete; no suspect identified,
b21199da60709e00ae2986ed9a963d0a0dad824ec8a60054a54cc2662aa7e6b1,2014-08,Essex Police,Essex Police,0.472797,51.728332,On or near Upper Roman Road,E01033140,Chelmsford 010F,Burglary,Offender given a caution,
5f145722f7a4cd3c68881e196c226fb11a946ad0c05ddf54be6af529f8f5336d,2014-08,Essex Police,Essex Police,0.473682,51.730490,On or near Pedestrian Subway,E01033140,Chelmsford 010F,Criminal damage and arson,Investigation complete; no suspect identified,
5f293c3d15075c198f565b5a4569d0751d4463e74d1d83ac3e6e19a5e0e3a8e4,2014-08,Essex Police,Essex Police,0.472987,51.734470,On or near New Street,E01033140,Chelmsford 010F,Criminal damage and arson,Investigation complete; no suspect identified,
0112bf4084c20362d3dd1127b9adcbe5309a9ca1b72912e7ea871accc6555b63,2014-08,Essex Police,Essex Police,0.471763,51.729820,On or near Supermarket,E01033140,Chelmsford 010F,Drugs,Under investigation,
4e885a1180215296138f266e9d2dc0b63d355ca2fad3bed03491be3e939d50e5,2014-08,Essex Police,Essex Police,0.477311,51.732761,On or near High Bridge Road,E01033140,Chelmsford 010F,Drugs,Offender given a caution,
fc17fe214bb75a5d1c9ec13fcf08fdcef9a315cbe24addca4ef6662bc91c1eec,2014-08,Essex Police,Essex Police,0.475214,51.731744,On or near Shopping Area,E01033140,Chelmsford 010F,Other theft,Under investigation,
9362276bcc205b59c613aee517dc47363e70959b542b3735adea913e3b5ba766,2014-08,Essex Police,Essex Police,0.474190,51.732359,On or near Shopping Area,E01033140,Chelmsford 010F,Other theft,Investigation complete; no suspect identified,
5e30987ea9969bbb40c2a1d40f18f259e7b00a9a4d4a58903420ac3c3738dfb9,2014-08,Essex Police,Essex Police,0.474190,51.732359,On or near Shopping Area,E01033140,Chelmsford 010F,Other theft,Investigation complete; no suspect identified,
11c4b2ea112932e350571153ec33285d7c903c21fb5008b22758443ce7d1b759,2014-08,Essex Police,Essex Police,0.477311,51.732761,On or near High Bridge Road,E01033140,Chelmsford 010F,Other theft,Investigation complete; no suspect identified,
66a53db87b231d6ca26b69132069e906aa20f550194c355a718b68b129c8c3f5,2014-08,Essex Police,Essex Police,0.475214,51.731744,On or near Shopping Area,E01033140,Chelmsford 010F,Other theft,Under investigation,
70f448a29b0e9bee6713373ada68fc3da3b5e30516f1de73d51dca90c5407d16,2014-08,Essex Police,Essex Police,0.474843,51.733172,On or near Shopping Area,E01033140,Chelmsford 010F,Other theft,Investigation complete; no suspect identified,
a483d6dfcc357194d4e0b82046a2d42dea5be96ed04e60007825b1610511b6dc,2014-08,Essex Police,Essex Police,0.472189,51.731259,On or near Pedestrian Subway,E01033140,Chelmsford 010F,Other theft,Investigation complete; no suspect identified,
9421c0dbe6c527c0e04ef70bd034bde46d86886f4de3d4075c718cb3152d0228,2014-08,Essex Police,Essex Police,0.475214,51.731744,On or near Shopping Area,E01033140,Chelmsford 010F,Other theft,Local resolution,
6ae2d9de9516340cd442fa7cf9692aa9e21340b62d80c3cc3ecade09f93315af,2014-08,Essex Police,Essex Police,0.475214,51.731744,On or near Shopping Area,E01033140,Chelmsford 010F,Other theft,Investigation complete; no suspect identified,
65e79c00b4eac9ff9f681fecb7fe235ea2dfd0d5011cf711a629ae3be8e67ded,2014-08,Essex Police,Essex Police,0.474190,51.732359,On or near Shopping Area,E01033140,Chelmsford 010F,Other theft,Offender given a caution,
021bcbd7bd6e6aa08105a95538be44b2f87d3928d1494d3e7045b440b563cc0a,2014-08,Essex Police,Essex Police,0.477311,51.732761,On or near High Bridge Road,E01033140,Chelmsford 010F,Other theft,Under investigation,
dc7c6e4a70785dce2f08ae666d1ac269b10ae9d83c3675d155336e2caf46ed33,2014-08,Essex Police,Essex Police,0.473022,51.731124,On or near Friars Walk,E01033140,Chelmsford 010F,Other theft,Unable to prosecute suspect,
ea6035c60ffe35deb04418f5c4147aa97f74ba7570ff0b3d1a9022500eb3e170,2014-08,Essex Police,Essex Police,0.482868,51.731618,On or near Brockley Road,E01033140,Chelmsford 010F,Other theft,Investigation complete; no suspect identified,
d875815fe757ed352e4e66d57c5f23a5c662713b2168cdd65499529c1f29c948,2014-08,Essex Police,Essex Police,0.471650,51.730928,On or near Pedestrian Subway,E01033140,Chelmsford 010F,Public order,Unable to prosecute suspect,
c5d536adb95bf1e1fc97914d73fbe42e9991880757e69b6b1e739c3f60e552f4,2014-08,Essex Police,Essex Police,0.473682,51.730490,On or near Pedestrian Subway,E01033140,Chelmsford 010F,Public order,Awaiting court outcome,
4ccd11e27b86c1d62185f5b66bdb320a754b8e16a2341683080eaba514d40524,2014-08,Essex Police,Essex Police,0.474085,51.733089,On or near High Street Chelmsford,E01033140,Chelmsford 010F,Public order,Under investigation,
2fc90a4a7fb924f2fea87a317c57ee61a0ca1b5a7602657ea34f58c9a950340d,2014-08,Essex Police,Essex Police,0.477311,51.732761,On or near High Bridge Road,E01033140,Chelmsford 010F,Public order,Awaiting court outcome,
bacb6b652dfc53d7c1e82dcf5ea5e771178b98e06fba427a6f6fcec964c7085a,2014-08,Essex Police,Essex Police,0.479589,51.728594,On or near Supermarket,E01033140,Chelmsford 010F,Public order,Under investigation,
ca14e38cf60958ee6064dcc109ef6c09caf67fb74e342fcd93b4cb52cbe9e463,2014-08,Essex Police,Essex Police,0.474843,51.733172,On or near Shopping Area,E01033140,Chelmsford 010F,Public order,Under investigation,
9840d41eef2e2c6bbbfc7ec1b9e0e62edb47eb03ba1e3b4577fb74634d09dc18,2014-08,Essex Police,Essex Police,0.476668,51.731317,On or near Shopping Area,E01033140,Chelmsford 010F,Shoplifting,Awaiting court outcome,
1ad80b323602ecd21afa9921dfdd870265b3e2232827146a9b280a614142b03f,2014-08,Essex Police,Essex Police,0.474190,51.732359,On or near Shopping Area,E01033140,Chelmsford 010F,Shoplifting,Under investigation,
c25c1fbc3b09502ce88aa32da7f1fdfeb5f5bcff6aa34620391c90dc4e64ed8f,2014-08,Essex Police,Essex Police,0.474843,51.733172,On or near Shopping Area,E01033140,Chelmsford 010F,Shoplifting,Under investigation,
65a70b1c626688fccba8d504c19a8cfaa575a5781ce5e516fb2d1f57fbf365f7,2014-08,Essex Police,Essex Police,0.477311,51.732761,On or near High Bridge Road,E01033140,Chelmsford 010F,Shoplifting,Under investigation,
17ca5f5ea91d1d4b70080a6fa247194a8cb24cf33e6635e601d09c8803ce7765,2014-08,Essex Police,Essex Police,0.475706,51.730411,On or near Parking Area,E01033140,Chelmsford 010F,Shoplifting,Investigation complete; no suspect identified,
9c1915a176bf80ab7fe74110f1912117647a1c6aad8e15e49d5b38449604edc7,2014-08,Essex Police,Essex Police,0.474190,51.732359,On or near Shopping Area,E01033140,Chelmsford 010F,Shoplifting,Under investigation,
4ead920bd6643cfee1f8c9ee6556e4b01f9038a3d2c5ac7728246e8c6b15b552,2014-08,Essex Police,Essex Police,0.474843,51.733172,On or near Shopping Area,E01033140,Chelmsford 010F,Shoplifting,Awaiting court outcome,
d7041d15772479422d07acbd9b62469036f0bdb95fd9fd89bacefae23a754dc4,2014-08,Essex Police,Essex Police,0.474085,51.733089,On or near High Street Chelmsford,E01033140,Chelmsford 010F,Shoplifting,Under investigation,
790f03ba1374086c790fcb7bc185667454e3866301e7acb2f924231dc6753d6a,2014-08,Essex Police,Essex Police,0.474190,51.732359,On or near Shopping Area,E01033140,Chelmsford 010F,Shoplifting,Offender given penalty notice,
bf0ffbfc09c18358524ce267a1ebdac0852e8217705457bbe016e4d538101c54,2014-08,Essex Police,Essex Police,0.474190,51.732359,On or near Shopping Area,E01033140,Chelmsford 010F,Shoplifting,Under investigation,
721408889239c9a7f5f8cf687d7667f47dad51acab2f7dc4fbc1f75cb4ff795e,2014-08,Essex Police,Essex Police,0.473482,51.731591,On or near Barrack Square,E01033140,Chelmsford 010F,Shoplifting,Under investigation,
7aaf68843510dba1452def7d4286ab5f88089b571ddfde6588314d5bd26ca44d,2014-08,Essex Police,Essex Police,0.474190,51.732359,On or near Shopping Area,E01033140,Chelmsford 010F,Shoplifting,Under investigation,
710a8b1d7329f2f4478904ed674e1c9bce89feb37d4b9bbcf853e913c5e4f021,2014-08,Essex Police,Essex Police,0.474190,51.732359,On or near Shopping Area,E01033140,Chelmsford 010F,Shoplifting,Under investigation,
de9fa4d640c6f3975eb729d3534effa82645193d77dcce058206967f0ef3c94e,2014-08,Essex Police,Essex Police,0.474190,51.732359,On or near Shopping Area,E01033140,Chelmsford 010F,Shoplifting,Under investigation,
e07aee3a26384c1649d3d6e1688805a4229f45da2ac1434da7cd9697454ad8b2,2014-08,Essex Police,Essex Police,0.471097,51.728494,On or near Godfreys Mews,E01033140,Chelmsford 010F,Shoplifting,Investigation complete; no suspect identified,
288099b315fb555977b94ef0729ac2dc0e51c6aafe399cc644dfb6bb55e41f2e,2014-08,Essex Police,Essex Police,0.475387,51.732801,On or near Shopping Area,E01033140,Chelmsford 010F,Theft from the person,Investigation complete; no suspect identified,
e3c00331f34f230632389b6ec23aacb2944dce47aaadf45f482b6e64187e04bb,2014-08,Essex Police,Essex Police,0.475214,51.731744,On or near Shopping Area,E01033140,Chelmsford 010F,Theft from the person,Investigation complete; no suspect identified,
c5785b7ee5915496e6db58743dc164326fb2f5c653fe779ba8b525d0eefd5585,2014-08,Essex Police,Essex Police,0.475214,51.731744,On or near Shopping Area,E01033140,Chelmsford 010F,Theft from the person,Investigation complete; no suspect identified,
bcc84240777a2aed71b39d435df565655b9a24c274f753cc7afec05f824e06c2,2014-08,Essex Police,Essex Police,0.475387,51.732801,On or near Shopping Area,E01033140,Chelmsford 010F,Theft from the person,Investigation complete; no suspect identified,
63b6597862242f7860a0085c88ecb7efaed2bf50d544f7c5326c22a4877ad140,2014-08,Essex Police,Essex Police,0.474190,51.732359,On or near Shopping Area,E01033140,Chelmsford 010F,Theft from the person,Investigation complete; no suspect identified,
e1204a9b91a63ffdac7f9f4485975e955ddf0cbf3911298ac7471947fcafc25f,2014-08,Essex Police,Essex Police,0.475214,51.731744,On or near Shopping Area,E01033140,Chelmsford 010F,Theft from the person,Investigation complete; no suspect identified,
abda161007401d4ca8dacb9553c8bfc465c60befeddc530b847d38d1ca386d3d,2014-08,Essex Police,Essex Police,0.479589,51.728594,On or near Supermarket,E01033140,Chelmsford 010F,Vehicle crime,Investigation complete; no suspect identified,
00660d5dc1ff033db4bab7f223d4149acceccaae3783640ea685651831e13dd8,2014-08,Essex Police,Essex Police,0.471097,51.728494,On or near Godfreys Mews,E01033140,Chelmsford 010F,Vehicle crime,Investigation complete; no suspect identified,
54994f521cf916c76bd0c675b7cdf0f5e59fc3c15fa3ae65e79395c50f0c6895,2014-08,Essex Police,Essex Police,0.473482,51.731591,On or near Barrack Square,E01033140,Chelmsford 010F,Violence and sexual offences,Under investigation,
84b7a56c901d586e824ec79641ffb53304310cf2627a81b2e13780a4f3c4e530,2014-08,Essex Police,Essex Police,0.469359,51.728755,On or near Parking Area,E01033140,Chelmsford 010F,Violence and sexual offences,Under investigation,
ee1e54b50b273a1cce3150267d816522eaf1f7bb112f37e9fed7bbde80a017fc,2014-08,Essex Police,Essex Police,0.481501,51.727025,On or near Pedestrian Subway,E01033140,Chelmsford 010F,Violence and sexual offences,Under investigation,
e36992ba061d925ff41df5a92a964ccafc5965dd4678f21d33022650e0db1c6d,2014-08,Essex Police,Essex Police,0.475387,51.732801,On or near Shopping Area,E01033140,Chelmsford 010F,Violence and sexual offences,Investigation complete; no suspect identified,
a7efe445a5c3f43a11a6c0fdeb887faaf1e15b8bf4ef88e275c86e3fa2be7219,2014-08,Essex Police,Essex Police,0.475214,51.731744,On or near Shopping Area,E01033140,Chelmsford 010F,Violence and sexual offences,Under investigation,
406f3401ebe3e8322954b60f85e57a9b0f4026cb2cb83be93130889b55c44a18,2014-08,Essex Police,Essex Police,0.479589,51.728594,On or near Supermarket,E01033140,Chelmsford 010F,Violence and sexual offences,Offender given a caution,
d0c0a3e4bc9c094daa99fc39f4086e0ce9219b045275ceacaf51c8306b69be89,2014-08,Essex Police,Essex Police,0.474085,51.733089,On or near High Street Chelmsford,E01033140,Chelmsford 010F,Violence and sexual offences,Unable to prosecute suspect,
b8c274862fcace29c31bc583256193280bf554ee7d3add27b4964e2742a78a22,2014-08,Essex Police,Essex Police,0.479589,51.728594,On or near Supermarket,E01033140,Chelmsford 010F,Violence and sexual offences,Under investigation,
57835ddaf4385ed723e9d2fb81973dadce0291f27ddad5b3f50e848480ea84f0,2014-08,Essex Police,Essex Police,0.474085,51.733089,On or near High Street Chelmsford,E01033140,Chelmsford 010F,Violence and sexual offences,Under investigation,
b6ad5c8fd3e999bf4d6fe11988e9a99060394057f6e6e194ba8e4d534a81e93c,2014-08,Essex Police,Essex Police,0.472987,51.734470,On or near New Street,E01033140,Chelmsford 010F,Violence and sexual offences,Offender given community sentence,
fcdcd353ae5635d3882f68d80c2b98d06b1aec278bb4b132f9d5c47cce5f01b1,2014-08,Essex Police,Essex Police,0.474085,51.733089,On or near High Street Chelmsford,E01033140,Chelmsford 010F,Violence and sexual offences,Awaiting court outcome,
0e921de2d69c9104084c030d636b3faca4c91eb6730ec11aac42486b93a69e60,2014-08,Essex Police,Essex Police,0.473597,51.729449,On or near Hall Street,E01033140,Chelmsford 010F,Violence and sexual offences,Under investigation,
4a00a5b6fe05ea67c0fd3bf274ccd603a0983d0beb0cb272e8821796a4c861d6,2014-08,Essex Police,Essex Police,0.474085,51.733089,On or near High Street Chelmsford,E01033140,Chelmsford 010F,Violence and sexual offences,Investigation complete; no suspect identified,
18741c3ac880e52fe2cd7321168ba80998fa9562e54be2bc7b392fcf1cc8e58b,2014-08,Essex Police,Essex Police,0.477311,51.732761,On or near High Bridge Road,E01033140,Chelmsford 010F,Violence and sexual offences,Under investigation,
9ad3b791928118c9cef25ba279649fd988cca9f48fb0f56b45029bb58a0a3378,2014-08,Essex Police,Essex Police,0.475214,51.731744,On or near Shopping Area,E01033140,Chelmsford 010F,Violence and sexual offences,Unable to prosecute suspect,
4ccb76af32d97f6b2e66a5d867dadc04a8617cfa3ffa17891b9be8956b2c4fed,2014-08,Essex Police,Essex Police,0.471763,51.729820,On or near Supermarket,E01033140,Chelmsford 010F,Violence and sexual offences,Offender given suspended prison sentence,
06df7c44f4d05ec161a6ca2f2849ebd04a2c91473128f3eb1ce106ddbe7732e7,2014-08,Essex Police,Essex Police,0.475214,51.731744,On or near Shopping Area,E01033140,Chelmsford 010F,Violence and sexual offences,Unable to prosecute suspect,
eeae6a6670bdf567611e3bb313cb94a626acbfe29de8574556611856ca21b552,2014-08,Essex Police,Essex Police,0.469359,51.728755,On or near Parking Area,E01033140,Chelmsford 010F,Violence and sexual offences,Local resolution,
cf20417ec5a8fb23d3877db0f127dba9a09b74a5e31d331e5b9b5e56559f17cc,2014-08,Essex Police,Essex Police,0.473682,51.730490,On or near Pedestrian Subway,E01033140,Chelmsford 010F,Violence and sexual offences,Under investigation,
2a55765a0603a8700675b185af7725ab295738485fec94e492353eca7c56a368,2014-08,Essex Police,Essex Police,0.473358,51.730650,On or near Parkway,E01033140,Chelmsford 010F,Violence and sexual offences,Unable to prosecute suspect,
2289f59bcad196502d0a0f03ba2584156f6fa9ebbcc82425458847ba05960780,2014-08,Essex Police,Essex Police,0.474085,51.733089,On or near High Street Chelmsford,E01033140,Chelmsford 010F,Violence and sexual offences,Under investigation,
a6c65d16b219017b3a06bf804c8846c7e895bf78db3e7152192507fc098d36f2,2014-08,Essex Police,Essex Police,0.475214,51.731744,On or near Shopping Area,E01033140,Chelmsford 010F,Violence and sexual offences,Unable to prosecute suspect,
58ef09e17416c204216f692f55cb74ad56172f1a6d6dc50bbe003ccbd8c2fcd5,2014-08,Essex Police,Essex Police,0.474190,51.732359,On or near Shopping Area,E01033140,Chelmsford 010F,Other crime,Under investigation,
,2014-08,Essex Police,Essex Police,0.479390,51.738715,On or near Shopping Area,E01033141,Chelmsford 010G,Anti-social behaviour,,
,2014-08,Essex Police,Essex Police,0.472536,51.736818,On or near Cottage Place,E01033141,Chelmsford 010G,Anti-social behaviour,,
,2014-08,Essex Police,Essex Police,0.469474,51.735902,On or near Duke Street,E01033141,Chelmsford 010G,Anti-social behaviour,,
,2014-08,Essex Police,Essex Police,0.472257,51.733569,On or near Shopping Area,E01033141,Chelmsford 010G,Anti-social behaviour,,
,2014-08,Essex Police,Essex Police,0.481011,51.736307,On or near Meadowside,E01033141,Chelmsford 010G,Anti-social behaviour,,
,2014-08,Essex Police,Essex Police,0.470773,51.734229,On or near Market Road,E01033141,Chelmsford 010G,Anti-social behaviour,,
,2014-08,Essex Police,Essex Police,0.477608,51.733690,On or near Supermarket,E01033141,Chelmsford 010G,Anti-social behaviour,,
,2014-08,Essex Police,Essex Police,0.466027,51.734320,On or near Pedestrian Subway,E01033141,Chelmsford 010G,Anti-social behaviour,,
,2014-08,Essex Police,Essex Police,0.473003,51.735558,On or near Church Street,E01033141,Chelmsford 010G,Anti-social behaviour,,
,2014-08,Essex Police,Essex Police,0.469474,51.735902,On or near Duke Street,E01033141,Chelmsford 010G,Anti-social behaviour,,
,2014-08,Essex Police,Essex Police,0.472870,51.733906,On or near Tindal Street,E01033141,Chelmsford 010G,Anti-social behaviour,,
,2014-08,Essex Police,Essex Police,0.479390,51.738715,On or near Shopping Area,E01033141,Chelmsford 010G,Anti-social behaviour,,
,2014-08,Essex Police,Essex Police,0.469254,51.734540,On or near Victoria Road South,E01033141,Chelmsford 010G,Anti-social behaviour,,
,2014-08,Essex Police,Essex Police,0.472270,51.734594,On or near Tindal Street,E01033141,Chelmsford 010G,Anti-social behaviour,,
,2014-08,Essex Police,Essex Police,0.473830,51.736629,On or near Chelmsford Police Station,E01033141,Chelmsford 010G,Anti-social behaviour,,
f2844461d91f9d26169a8faae8978cde6ce0855bdefb9ae2f448521a70f111d8,2014-08,Essex Police,Essex Police,0.468593,51.736218,On or near Duke Street,E01033141,Chelmsford 010G,Bicycle theft,Investigation complete; no suspect identified,
e7ed24bfe62e9e3442730d8c182e435d1aaabd560cc2dcfdcd575b2bb691833d,2014-08,Essex Police,Essex Police,0.467864,51.735073,On or near Park Road,E01033141,Chelmsford 010G,Bicycle theft,Investigation complete; no suspect identified,
59bfc3053a6e07b0b665402d73b932e790e37e43f3ea0fcaa31cdd1a582bee85,2014-08,Essex Police,Essex Police,0.479367,51.732735,On or near Provident Square,E01033141,Chelmsford 010G,Bicycle theft,Under investigation,
893ea83603af94a57c92b40b6a205c73a7be9ad58021758866caa0cc6e1ca860,2014-08,Essex Police,Essex Police,0.476937,51.735718,On or near Sports/Recreation Area,E01033141,Chelmsford 010G,Bicycle theft,Investigation complete; no suspect identified,
e71e4417f57e1be9186a927bf460a3922d66b5b2666c5dcd7c93149cb4ccedd8,2014-08,Essex Police,Essex Police,0.468593,51.736218,On or near Duke Street,E01033141,Chelmsford 010G,Bicycle theft,Under investigation,
cc742bcbc97ccde4b38cc3f6cbf414655e83bfc0526dacf0c4d54c047a2bc9cb,2014-08,Essex Police,Essex Police,0.473830,51.736629,On or near Chelmsford Police Station,E01033141,Chelmsford 010G,Criminal damage and arson,Offender given a caution,
e9d9c4f179b05ff46ee442fa6830398b61c1c13b271e865d3b9970aa748d1609,2014-08,Essex Police,Essex Police,0.473830,51.736629,On or near Chelmsford Police Station,E01033141,Chelmsford 010G,Criminal damage and arson,Awaiting court outcome,
e1e2f7eea16d605fc9ee39ac06dd517bbee24dfa2cdaa39d6fe2b9629e34bd2e,2014-08,Essex Police,Essex Police,0.477608,51.733690,On or near Supermarket,E01033141,Chelmsford 010G,Criminal damage and arson,Investigation complete; no suspect identified,
36fa95e5ea204473888d4e7d88e039fa3e3ef0ca5d18aa2a5d63b814590f5420,2014-08,Essex Police,Essex Police,0.472270,51.734594,On or near Tindal Street,E01033141,Chelmsford 010G,Criminal damage and arson,Offender given a caution,
7e6c85b6f039224a0aec1c32835bd8a2ed0ea57de9376d04e7b7a4c35c04b6df,2014-08,Essex Police,Essex Police,0.472870,51.733906,On or near Tindal Street,E01033141,Chelmsford 010G,Criminal damage and arson,Under investigation,
9044cf18dcfc62b032162f5c3a275e33ee1fe92940d6d6cc5eab1fc153b7fa0c,2014-08,Essex Police,Essex Police,0.472270,51.734594,On or near Tindal Street,E01033141,Chelmsford 010G,Criminal damage and arson,Investigation complete; no suspect identified,
2b4cc0bcd61293186cb2e0b2b99cd85a162ee708fcf423f882e28ce96fd04a17,2014-08,Essex Police,Essex Police,0.473830,51.736629,On or near Chelmsford Police Station,E01033141,Chelmsford 010G,Criminal damage and arson,Awaiting court outcome,
cbfe767be1060fafb5b9f3bb0d046db14e32ce893cdba1d02bddc0eaf08aa325,2014-08,Essex Police,Essex Police,0.466027,51.734320,On or near Pedestrian Subway,E01033141,Chelmsford 010G,Drugs,Under investigation,
520dffda6bd72a05676e6ebeaa380378f02cc2c1526b43f6a5f82b160ec2bb68,2014-08,Essex Police,Essex Police,0.472870,51.733906,On or near Tindal Street,E01033141,Chelmsford 010G,Drugs,Offender given a caution,
4a5ceb813a09e1a2ca679187fa705b5d49513260ae4829fcbb36a1fac0f52976,2014-08,Essex Police,Essex Police,0.466027,51.734320,On or near Pedestrian Subway,E01033141,Chelmsford 010G,Drugs,Offender given a drugs possession warning,
d9a7bf09aaff3ac94cdf82506a6cd1ad23010450f83c0389867798f5999a8e63,2014-08,Essex Police,Essex Police,0.473830,51.736629,On or near Chelmsford Police Station,E01033141,Chelmsford 010G,Drugs,Awaiting court outcome,
eeeb766f6cd3ca7edb5ddb27bab4659f5561a187905fa1469d9fadc19b77ba40,2014-08,Essex Police,Essex Police,0.472870,51.733906,On or near Tindal Street,E01033141,Chelmsford 010G,Drugs,Offender given a caution,
d8de3e12d7e51de56c385076f9802b86d88b3f9e8bf820066fa47b7b2ed73d6f,2014-08,Essex Police,Essex Police,0.470773,51.734229,On or near Market Road,E01033141,Chelmsford 010G,Drugs,Under investigation,
43416fefb0e99792709897e710aa1d49c4b5d8f0ea8ad8453230025809e45d70,2014-08,Essex Police,Essex Police,0.477535,51.737369,On or near Eckersley Road,E01033141,Chelmsford 010G,Other theft,Investigation complete; no suspect identified,
c159ca9ef1b3eccf4e78e13a107b19ae25365425a04f856f6ecd59d1edaee863,2014-08,Essex Police,Essex Police,0.469722,51.733811,On or near Bus/Coach Station,E01033141,Chelmsford 010G,Other theft,Investigation complete; no suspect identified,
ce94276343dc1950a5b20d34f9f3af096d59953e1c9a83d19c049ccf9bdef640,2014-08,Essex Police,Essex Police,0.472257,51.733569,On or near Shopping Area,E01033141,Chelmsford 010G,Other theft,Investigation complete; no suspect identified,
1550d6b472cc8ee458b2ad10bd4e2481b5a301aabb32969055b05c8e35ceae8d,2014-08,Essex Police,Essex Police,0.470773,51.734229,On or near Market Road,E01033141,Chelmsford 010G,Other theft,Investigation complete; no suspect identified,
b393958478dde37844368996e1314c763b11116e8b4e25217fd846a1955b6e25,2014-08,Essex Police,Essex Police,0.468593,51.736218,On or near Duke Street,E01033141,Chelmsford 010G,Other theft,Unable to prosecute suspect,
78e1b2bdc06efba054bce9455b4aa34dae9ccaff7bcaf2f4df1bc4bb4d87fc6a,2014-08,Essex Police,Essex Police,0.479348,51.733977,On or near Springfield Road,E01033141,Chelmsford 010G,Other theft,Under investigation,
715416396940933791a084e8e1b12f9287272b5ca55f5a3cea17ebc479396403,2014-08,Essex Police,Essex Police,0.466027,51.734320,On or near Pedestrian Subway,E01033141,Chelmsford 010G,Other theft,Investigation complete; no suspect identified,
b45052736cb1b69354a550c07b7241462c7efa4c178340556bb5bf35c66db940,2014-08,Essex Police,Essex Police,0.479390,51.738715,On or near Shopping Area,E01033141,Chelmsford 010G,Other theft,Investigation complete; no suspect identified,
b638a45f23a12d9fd64fc4b8f16731e9ce1edec11419a8b6d22d1d55b8f6dade,2014-08,Essex Police,Essex Police,0.476937,51.735718,On or near Sports/Recreation Area,E01033141,Chelmsford 010G,Other theft,Investigation complete; no suspect identified,
943a4d7255255143a1924087e659593ac3350452f0365b9d97412520302092c6,2014-08,Essex Police,Essex Police,0.479012,51.732599,On or near Parking Area,E01033141,Chelmsford 010G,Other theft,Under investigation,
4a284aa86b6177602fa7eda37ad2facf3f17e8e3261ecc19d76fa0e6b075688c,2014-08,Essex Police,Essex Police,0.470773,51.734229,On or near Market Road,E01033141,Chelmsford 010G,Public order,Awaiting court outcome,
cb3d3483ecab67a8f8d559b5790f0ea3daafefed8a81eafd425dbd48046b57fb,2014-08,Essex Police,Essex Police,0.472270,51.734594,On or near Tindal Street,E01033141,Chelmsford 010G,Public order,Offender given a caution,
1a94975123d45072bfe873f5cf8098555914a200a31010b9614950f2c9b7a221,2014-08,Essex Police,Essex Police,0.470773,51.734229,On or near Market Road,E01033141,Chelmsford 010G,Public order,Unable to prosecute suspect,
f3b1d790b8922982bb0e61ee90ad5d473c9ebdef2de107702b84b26c3c3735c5,2014-08,Essex Police,Essex Police,0.466027,51.734320,On or near Pedestrian Subway,E01033141,Chelmsford 010G,Public order,Under investigation,
a57ffc3cf17cd57f42ebfc91d9b117538b205ed2b3502dd46ab1b7185f4cd7c4,2014-08,Essex Police,Essex Police,0.470773,51.734229,On or near Market Road,E01033141,Chelmsford 010G,Public order,Under investigation,
af9af590f51b79bba29ce987e55282aca825e0022ff072423124381ca82e87e7,2014-08,Essex Police,Essex Police,0.473830,51.736629,On or near Chelmsford Police Station,E01033141,Chelmsford 010G,Public order,Offender fined,
130c4319b2b5f4fe337fecacaa989ac63c702d4a1e4cf4f80e26ecf45116f2a8,2014-08,Essex Police,Essex Police,0.481011,51.736307,On or near Meadowside,E01033141,Chelmsford 010G,Robbery,Under investigation,
aecfd902f912bae01c8830ec3325fe7f7ff95a2f52b29901120d4f462dd5afe4,2014-08,Essex Police,Essex Police,0.472257,51.733569,On or near Shopping Area,E01033141,Chelmsford 010G,Shoplifting,Under investigation,
e85071560a8b7037c0573c4a7b8f7cbf4cabb2305575574b7c976ac7145137cd,2014-08,Essex Police,Essex Police,0.477608,51.733690,On or near Supermarket,E01033141,Chelmsford 010G,Shoplifting,Awaiting court outcome,
d548661234e98cce0284456957832b758b60fe91b61c343ddc0121113bee7e2e,2014-08,Essex Police,Essex Police,0.477608,51.733690,On or near Supermarket,E01033141,Chelmsford 010G,Shoplifting,Awaiting court outcome,
7a72236ea19dff79c2a70e9aee4f536a6d80176ef71ced925176e73b4c2e5ff5,2014-08,Essex Police,Essex Police,0.470773,51.734229,On or near Market Road,E01033141,Chelmsford 010G,Shoplifting,Offender fined,
668b625e497449561ef244011e5b0102e3627a7194098d01d633af69b9619575,2014-08,Essex Police,Essex Police,0.472257,51.733569,On or near Shopping Area,E01033141,Chelmsford 010G,Shoplifting,Offender given penalty notice,
7daf932f683ba5a9bcb1f41f1faab51a2f247a5d6e920a404fdd239ab59b1b34,2014-08,Essex Police,Essex Police,0.472257,51.733569,On or near Shopping Area,E01033141,Chelmsford 010G,Shoplifting,Under investigation,
13927ba7ef72f69fabb125cae59319c337fb1a435ed9d4735e9576cbb8a589b2,2014-08,Essex Police,Essex Police,0.472257,51.733569,On or near Shopping Area,E01033141,Chelmsford 010G,Shoplifting,Investigation complete; no suspect identified,
16b514cf759910d1d1592eabd6523df8774527a3b92f97f93f50d2111693eb9e,2014-08,Essex Police,Essex Police,0.472257,51.733569,On or near Shopping Area,E01033141,Chelmsford 010G,Shoplifting,Under investigation,
0b15f0275d9c69d5d4750bd09a1646f54d5f3b68e8d3acf445724191310fbac3,2014-08,Essex Police,Essex Police,0.472257,51.733569,On or near Shopping Area,E01033141,Chelmsford 010G,Shoplifting,Under investigation,
87709525fb7fad0799e72cfa78ff289950ecc7e2c4e1872fb0aea82bfd2ffa1d,2014-08,Essex Police,Essex Police,0.472257,51.733569,On or near Shopping Area,E01033141,Chelmsford 010G,Shoplifting,Local resolution,
abdf1134ae109240648db16a41275d02c28266738371e55a2416fcc4bb05ecae,2014-08,Essex Police,Essex Police,0.466027,51.734320,On or near Pedestrian Subway,E01033141,Chelmsford 010G,Theft from the person,Investigation complete; no suspect identified,
6e399db1af1b8389138f44e5edf3258291f8b6a76a0eb019254631fe4c509c2c,2014-08,Essex Police,Essex Police,0.466027,51.734320,On or near Pedestrian Subway,E01033141,Chelmsford 010G,Theft from the person,Investigation complete; no suspect identified,
d84519724c6c545fe2956d33611617db0d602e8906dc9d7ea61120dabafb8c70,2014-08,Essex Police,Essex Police,0.469254,51.734540,On or near Victoria Road South,E01033141,Chelmsford 010G,Violence and sexual offences,Under investigation,
af09949a139475d2dedc203a168f2f124ccc446628bdbeae7ecc8518543ff7eb,2014-08,Essex Police,Essex Police,0.466027,51.734320,On or near Pedestrian Subway,E01033141,Chelmsford 010G,Violence and sexual offences,Under investigation,
13478962154201da4e3f08a1810aaa31040d0b6ee2b00749786c373b0d0885fc,2014-08,Essex Police,Essex Police,0.466027,51.734320,On or near Pedestrian Subway,E01033141,Chelmsford 010G,Violence and sexual offences,Under investigation,
b52aff5ff52a679e7ee0b413b41fbe211cfbc921e26331d3e28156866d52e8de,2014-08,Essex Police,Essex Police,0.468593,51.736218,On or near Duke Street,E01033141,Chelmsford 010G,Violence and sexual offences,Under investigation,
e7c2960d96d807d789f43705aae86aa836955b8e60472dcfef6f19d7b6d3b5f4,2014-08,Essex Police,Essex Police,0.472870,51.733906,On or near Tindal Street,E01033141,Chelmsford 010G,Violence and sexual offences,Under investigation,
f8644acbe3d9eec75a787ce8aa02efddfdc0860cfefc5ea21a60b4a276f047b8,2014-08,Essex Police,Essex Police,0.466027,51.734320,On or near Pedestrian Subway,E01033141,Chelmsford 010G,Violence and sexual offences,Under investigation,
8aced42297ec202bdcd8841c8f4da0eb6e2404b973c2f5e2ab3456501dd8d30d,2014-08,Essex Police,Essex Police,0.470449,51.735459,On or near Duke Street,E01033141,Chelmsford 010G,Violence and sexual offences,Unable to prosecute suspect,
06e9b90288a5dbf82aa2bdf426c92f13b994f554407807ab44b479208fd5cdce,2014-08,Essex Police,Essex Police,0.472270,51.734594,On or near Tindal Street,E01033141,Chelmsford 010G,Violence and sexual offences,Awaiting court outcome,
3170ba2906d88a530143bef32a53f7d8529154ad7aac2527225419c34a5023a4,2014-08,Essex Police,Essex Police,0.469474,51.735902,On or near Duke Street,E01033141,Chelmsford 010G,Violence and sexual offences,Unable to prosecute suspect,
b2be275d272c6ca9d63b97c5ba225889563fca352aee0cd66385dcc92a35a459,2014-08,Essex Police,Essex Police,0.466027,51.734320,On or near Pedestrian Subway,E01033141,Chelmsford 010G,Violence and sexual offences,Investigation complete; no suspect identified,
29f0c23ab18bb82f8ccf27dedb2ac02311a95ecd39fcbf1ff21830ce3207c52a,2014-08,Essex Police,Essex Police,0.473830,51.736629,On or near Chelmsford Police Station,E01033141,Chelmsford 010G,Other crime,Under investigation,
9e5baa6eb12b1d4d0c485fdfdf5979a8ed588f1750e5efeafaa10c03a7110c08,2014-08,Essex Police,Essex Police,0.364808,51.701976,On or near Ingatestone Road,E01021551,Chelmsford 011A,Burglary,Investigation complete; no suspect identified,
9064d4fd14903fa079ca3f53a366b86a879cd7c730f238e3ac08d7864cf7d7cc,2014-08,Essex Police,Essex Police,0.372715,51.744093,On or near Stonehill Road,E01021551,Chelmsford 011A,Public order,Local resolution,
60e60219b4072b2e31c861025c2c49f5bd6fc2f3d0e3c65168d7331071ef2e2a,2014-08,Essex Police,Essex Police,0.377899,51.747639,On or near Sports/Recreation Area,E01021551,Chelmsford 011A,Violence and sexual offences,Under investigation,
1cb4eb83ab4371172eaed83121f67ded70cd967f256ec1ad160570e556e34b90,2014-08,Essex Police,Essex Police,0.384952,51.714321,On or near Park/Open Space,E01021551,Chelmsford 011A,Other crime,Under investigation,
,2014-08,Essex Police,Essex Police,0.447860,51.731822,On or near St Catherine'S Road,E01021632,Chelmsford 011B,Anti-social behaviour,,
29da08bd979fb013f51bfd4e238095a38f3d9c8ebcd49303ba6b207db5caf79b,2014-08,Essex Police,Essex Police,0.449464,51.733363,On or near Ravensbourne Drive,E01021632,Chelmsford 011B,Other theft,Under investigation,
c974f8c94240279220403d76dc578ac3bb8cced31942f60f4a31d38b19eae862,2014-08,Essex Police,Essex Police,0.449464,51.733363,On or near Ravensbourne Drive,E01021632,Chelmsford 011B,Violence and sexual offences,Awaiting court outcome,
1dc243333f55f890ee2a41c997ae348076ef2fcd77bc0ee5fb4a1e463345c054,2014-08,Essex Police,Essex Police,0.447860,51.731822,On or near St Catherine'S Road,E01021632,Chelmsford 011B,Violence and sexual offences,Offender given conditional discharge,
84fb1a50301567d67551f9f481a39b22f5ededcccbed6bb4493b0c6aa63dc7e8,2014-08,Essex Police,Essex Police,0.446651,51.733304,On or near Abbess Close,E01021632,Chelmsford 011B,Violence and sexual offences,Investigation complete; no suspect identified,
,2014-08,Essex Police,Essex Police,0.433047,51.731069,On or near Melba Court,E01021633,Chelmsford 011C,Anti-social behaviour,,
,2014-08,Essex Police,Essex Police,0.427767,51.730638,On or near The Green,E01021633,Chelmsford 011C,Anti-social behaviour,,
,2014-08,Essex Police,Essex Police,0.431910,51.729860,On or near Bridge Street,E01021633,Chelmsford 011C,Anti-social behaviour,,
,2014-08,Essex Police,Essex Police,0.429752,51.731731,On or near Wykeham Road,E01021633,Chelmsford 011C,Anti-social behaviour,,
e7ff8e93bcd7dbf3d030f33397642d5337f8e9c3c22bc9f7d014fe3ef2d1c6cf,2014-08,Essex Police,Essex Police,0.426263,51.731767,On or near Petrol Station,E01021633,Chelmsford 011C,Bicycle theft,Investigation complete; no suspect identified,
9169b875d89b7fc72804a10f06500ffdaf998d2ce182e40c16a0fa37c6322588,2014-08,Essex Police,Essex Police,0.428093,51.736999,On or near Further/Higher Educational Building,E01021633,Chelmsford 011C,Burglary,Investigation complete; no suspect identified,
fa1acbc44f1ca55b4ba1d5c02cc83585e5b11fa7baf6cebe429535aa74d0ace5,2014-08,Essex Police,Essex Police,0.431910,51.729860,On or near Bridge Street,E01021633,Chelmsford 011C,Criminal damage and arson,Investigation complete; no suspect identified,
,2014-08,Essex Police,Essex Police,0.442273,51.710130,On or near Parking Area,E01021634,Chelmsford 011D,Anti-social behaviour,,
,2014-08,Essex Police,Essex Police,0.442273,51.710130,On or near Parking Area,E01021634,Chelmsford 011D,Anti-social behaviour,,
,2014-08,Essex Police,Essex Police,0.442273,51.710130,On or near Parking Area,E01021634,Chelmsford 011D,Anti-social behaviour,,
,2014-08,Essex Police,Essex Police,0.442273,51.710130,On or near Parking Area,E01021634,Chelmsford 011D,Anti-social behaviour,,
,2014-08,Essex Police,Essex Police,0.442273,51.710130,On or near Parking Area,E01021634,Chelmsford 011D,Anti-social behaviour,,
,2014-08,Essex Police,Essex Police,0.442273,51.710130,On or near Parking Area,E01021634,Chelmsford 011D,Anti-social behaviour,,
,2014-08,Essex Police,Essex Police,0.442273,51.710130,On or near Parking Area,E01021634,Chelmsford 011D,Anti-social behaviour,,
,2014-08,Essex Police,Essex Police,0.442273,51.710130,On or near Parking Area,E01021634,Chelmsford 011D,Anti-social behaviour,,
1d3c3a33143fd4ebe331cf6d3496ea86e6f31702272ec92a8a7ef19d651336a7,2014-08,Essex Police,Essex Police,0.442273,51.710130,On or near Parking Area,E01021634,Chelmsford 011D,Bicycle theft,Investigation complete; no suspect identified,
23c301e90ccaaef008db3811025d66210cc31b6cc0ec39ebcc197048e8a2f568,2014-08,Essex Police,Essex Police,0.418602,51.716843,On or near Margaretting Road,E01021634,Chelmsford 011D,Burglary,Investigation complete; no suspect identified,
103715e8f198d1bf62aeaa2d3634807e68a7a2f2231ec8d910b31743dce51b9a,2014-08,Essex Police,Essex Police,0.421760,51.727723,On or near Further Meadow,E01021634,Chelmsford 011D,Burglary,Under investigation,
390329e9a141daa66317bdae8fd4e878dee5805e90148b3bda48b07a09a6bd66,2014-08,Essex Police,Essex Police,0.442273,51.710130,On or near Parking Area,E01021634,Chelmsford 011D,Drugs,Under investigation,
9ce028898d2c4734f8318c95a88a7eb55cef8fccad288837592f834f765d33b1,2014-08,Essex Police,Essex Police,0.442273,51.710130,On or near Parking Area,E01021634,Chelmsford 011D,Drugs,Offender given a caution,
f6eca929c3fccf9959420ea07fb98dd6855f066585d4334af96e8def12138865,2014-08,Essex Police,Essex Police,0.442273,51.710130,On or near Parking Area,E01021634,Chelmsford 011D,Drugs,Offender given a caution,
e8d70256c8017467d4f189153dc8450715ffa7844989c87495780ef3cc0a5b62,2014-08,Essex Police,Essex Police,0.442273,51.710130,On or near Parking Area,E01021634,Chelmsford 011D,Drugs,Offender given a drugs possession warning,
f4a41ada2ae4c49191058ca442f298e4bea51e605f99e0247caef780f2aee1f6,2014-08,Essex Police,Essex Police,0.442273,51.710130,On or near Parking Area,E01021634,Chelmsford 011D,Drugs,Offender given a caution,
3f536b754f032389b14be7dfb7452e465d01f2ec549eaf22ef9edb8e516bdbd2,2014-08,Essex Police,Essex Police,0.442273,51.710130,On or near Parking Area,E01021634,Chelmsford 011D,Drugs,Offender given a caution,
0ba24b1f8380ace96a91c187a31d9987781859459fb18a1f1c0170cea2fb0176,2014-08,Essex Police,Essex Police,0.442273,51.710130,On or near Parking Area,E01021634,Chelmsford 011D,Drugs,Offender given a drugs possession warning,
6cabe60f6eb8d73f0b254d24f0ea08f550bd2f2980f754bb4d1d76e22de6cc43,2014-08,Essex Police,Essex Police,0.442273,51.710130,On or near Parking Area,E01021634,Chelmsford 011D,Drugs,Offender given a drugs possession warning,
330c2f8166119922a84d2dfa4be75b0342ef3cc8ef490f617acdccd28866f136,2014-08,Essex Police,Essex Police,0.442273,51.710130,On or near Parking Area,E01021634,Chelmsford 011D,Drugs,Under investigation,
f4de43be00ad765f1b4e7638135c4692fade59c34bfc22956f25746812c9620a,2014-08,Essex Police,Essex Police,0.442273,51.710130,On or near Parking Area,E01021634,Chelmsford 011D,Drugs,Offender given a caution,
8817290f63c5295f856c8aea6959ec25f1f74589663ebd69ba7730fab9b9bd53,2014-08,Essex Police,Essex Police,0.442273,51.710130,On or near Parking Area,E01021634,Chelmsford 011D,Drugs,Under investigation,
8bebec5569581832e4bd7445ff057b94ec727ee4a19a0d1a1632c030376b1428,2014-08,Essex Police,Essex Police,0.442273,51.710130,On or near Parking Area,E01021634,Chelmsford 011D,Drugs,Offender given a caution,
750ac00c52eeca06ae7d74ae6f30318da575f953234cef7190247bf735d199e0,2014-08,Essex Police,Essex Police,0.442273,51.710130,On or near Parking Area,E01021634,Chelmsford 011D,Drugs,Offender given a drugs possession warning,
05bbedf27c78d809ce1dbf3b96ee19382d5a9cd87642d81570c445334a4063ca,2014-08,Essex Police,Essex Police,0.442273,51.710130,On or near Parking Area,E01021634,Chelmsford 011D,Drugs,Offender given a caution,
a5c05bbf82e30efac8c618f946c856a08fdcf94e418492630ca49b4a18f020a9,2014-08,Essex Police,Essex Police,0.442273,51.710130,On or near Parking Area,E01021634,Chelmsford 011D,Drugs,Offender given penalty notice,
f92f03bb919eedd01db0f56ae58aab1c65e97bc865a2a7e40363206b375b6a12,2014-08,Essex Police,Essex Police,0.442273,51.710130,On or near Parking Area,E01021634,Chelmsford 011D,Drugs,Offender given a drugs possession warning,
6eef722c1b5b341544d8743dd2e4352368fc5b1a1d30529626c72b0b29f8bc9d,2014-08,Essex Police,Essex Police,0.442273,51.710130,On or near Parking Area,E01021634,Chelmsford 011D,Drugs,Offender given a drugs possession warning,
06c59ead62621203c0f4528dfdd467918f8a6181a8037321a806d46d56601fb8,2014-08,Essex Police,Essex Police,0.442273,51.710130,On or near Parking Area,E01021634,Chelmsford 011D,Drugs,Offender given a caution,
b2209152d29ac98ddd383d32de0f396b755e274ad649576539890dfd303e8b3b,2014-08,Essex Police,Essex Police,0.442273,51.710130,On or near Parking Area,E01021634,Chelmsford 011D,Drugs,Offender given a caution,
b1b5e6de2a62a4fbf48aede4945d38d3c409a34ceb2cf9e00710604856a8076f,2014-08,Essex Police,Essex Police,0.442273,51.710130,On or near Parking Area,E01021634,Chelmsford 011D,Drugs,Offender given a caution,
b2faf6a17e429735f10c2494d830c33c71a26f989d6519d39df68ed5837e8a05,2014-08,Essex Police,Essex Police,0.442273,51.710130,On or near Parking Area,E01021634,Chelmsford 011D,Drugs,Offender given a drugs possession warning,
6e3f0deddf5e9b3f8e82b93f14ca227c61478b20f3a141dd1ee1d4d9ab508411,2014-08,Essex Police,Essex Police,0.442273,51.710130,On or near Parking Area,E01021634,Chelmsford 011D,Drugs,Under investigation,
386bf2d853df198515d49e7837b303cac3dc1e32040d5c8095abccba70b0967a,2014-08,Essex Police,Essex Police,0.442273,51.710130,On or near Parking Area,E01021634,Chelmsford 011D,Drugs,Offender given a caution,
10899c0f372fcd3d5ad60acbf61f3cd8fa19094bf52e3b85ee9666b41d23bfa0,2014-08,Essex Police,Essex Police,0.442273,51.710130,On or near Parking Area,E01021634,Chelmsford 011D,Drugs,Awaiting court outcome,
b5d52abe6ab080680275acabca303fd6cb7225fb42daa57aae9b126fbf75bcaa,2014-08,Essex Police,Essex Police,0.442273,51.710130,On or near Parking Area,E01021634,Chelmsford 011D,Drugs,Under investigation,
592d3aa52f872c844040f86d5b2036445d621357c5fe218d9c4e1f8134a7eccf,2014-08,Essex Police,Essex Police,0.442273,51.710130,On or near Parking Area,E01021634,Chelmsford 011D,Drugs,Offender given a caution,
4e5599f3b45b6e9623852d6a6232cd90015b427961f14c53f5e10becf97580a0,2014-08,Essex Police,Essex Police,0.442273,51.710130,On or near Parking Area,E01021634,Chelmsford 011D,Drugs,Under investigation,
b3d442f80ef730e6eaabb3ea2877ac0e476b23a0b399b55e3f96b14eb6c1d901,2014-08,Essex Police,Essex Police,0.442273,51.710130,On or near Parking Area,E01021634,Chelmsford 011D,Drugs,Offender given penalty notice,
682af9364c31521c5954af67682f773784283817240001fe666e0ef723bb9470,2014-08,Essex Police,Essex Police,0.442273,51.710130,On or near Parking Area,E01021634,Chelmsford 011D,Drugs,Offender given a caution,
0ece5ce5d2b403a8a6aa7d90d9bd0c1a96828989deee7dd158466e4555554c37,2014-08,Essex Police,Essex Police,0.442273,51.710130,On or near Parking Area,E01021634,Chelmsford 011D,Drugs,Offender given penalty notice,
c99ea303013487bfe3072163909fd73f0c9a4c9458548afde12b4d1fcdb89907,2014-08,Essex Police,Essex Police,0.442273,51.710130,On or near Parking Area,E01021634,Chelmsford 011D,Drugs,Offender given a caution,
e21d14eb96af50ca632c50b7190b240211d5a8d65b1a22330fa7a17469ca25c3,2014-08,Essex Police,Essex Police,0.442273,51.710130,On or near Parking Area,E01021634,Chelmsford 011D,Drugs,Offender given a caution,
6208194992772bbb851792621c479d1c7a0bc032010a94479a9b4102de3bc737,2014-08,Essex Police,Essex Police,0.442273,51.710130,On or near Parking Area,E01021634,Chelmsford 011D,Drugs,Offender given a drugs possession warning,
ecff80ae070805ef2203fcd5aba6bdc6872a38da4e32bb94df18b930144b8903,2014-08,Essex Police,Essex Police,0.442273,51.710130,On or near Parking Area,E01021634,Chelmsford 011D,Drugs,Offender given a caution,
efc57162638d439446a7d5661dc8fab8e872dc627fefc755365349d48ee19711,2014-08,Essex Police,Essex Police,0.442273,51.710130,On or near Parking Area,E01021634,Chelmsford 011D,Drugs,Offender given a caution,
f963326924d4e5d67b9e623d3ae78208b010268a8e80d33a3791ec69b9e03064,2014-08,Essex Police,Essex Police,0.442273,51.710130,On or near Parking Area,E01021634,Chelmsford 011D,Drugs,Offender given a caution,
9214d038ed44b16bce19c4a92931ff3ad3131d76627d2838ff9dfb674ff51253,2014-08,Essex Police,Essex Police,0.442273,51.710130,On or near Parking Area,E01021634,Chelmsford 011D,Drugs,Offender given a drugs possession warning,
ac934cef049cf617e1535a0dc5d39824812c628b0936304077adae1d648ffa3c,2014-08,Essex Police,Essex Police,0.442273,51.710130,On or near Parking Area,E01021634,Chelmsford 011D,Drugs,Offender given a caution,
6d116cfe8ab6f44c21ce86c7d110d7d147a0a6405cf174cdafdff6fd25ea284a,2014-08,Essex Police,Essex Police,0.442273,51.710130,On or near Parking Area,E01021634,Chelmsford 011D,Drugs,Offender given a caution,
447265b274904de91eefa9ef798e20dbbab6e0ada6a809b159a30e6d9c58d25c,2014-08,Essex Police,Essex Police,0.442273,51.710130,On or near Parking Area,E01021634,Chelmsford 011D,Drugs,Offender given a drugs possession warning,
db6dc3cc6fe00b8c71b74f66963533c01018646924f37df12433592358d1754b,2014-08,Essex Police,Essex Police,0.442273,51.710130,On or near Parking Area,E01021634,Chelmsford 011D,Drugs,Awaiting court outcome,
b9a925386d3fc78f6e515a1c82d36d46238a69ff2e8fa27764630f24fc8b6305,2014-08,Essex Police,Essex Police,0.442273,51.710130,On or near Parking Area,E01021634,Chelmsford 011D,Drugs,Offender given a caution,
643f88c16d25551f2cdefccb1680b028d4b2937011cfd3b9d064630c0a5f2534,2014-08,Essex Police,Essex Police,0.442273,51.710130,On or near Parking Area,E01021634,Chelmsford 011D,Drugs,Under investigation,
3db89219b41c6ffd45ff6c197ced17f26f3caf55a660ce144ddb53eda5be0bbc,2014-08,Essex Police,Essex Police,0.442273,51.710130,On or near Parking Area,E01021634,Chelmsford 011D,Drugs,Offender given a caution,
8d3c9fa85be8b1e4866bcaa1bad0a7e378cfa6be2eee100585a280d8507ddbcd,2014-08,Essex Police,Essex Police,0.442273,51.710130,On or near Parking Area,E01021634,Chelmsford 011D,Drugs,Under investigation,
f5f38c5449cc5ae2388a41ebbf1c15a26e5568166cb8393f6333f6b56bb41bcd,2014-08,Essex Police,Essex Police,0.442273,51.710130,On or near Parking Area,E01021634,Chelmsford 011D,Drugs,Offender given a drugs possession warning,
469f717861f454eefa27e5bcef199c532b145dae93783691159f2a3c2e7b4b1c,2014-08,Essex Police,Essex Police,0.442273,51.710130,On or near Parking Area,E01021634,Chelmsford 011D,Drugs,Offender given a caution,
19b3c7c8c994ec8539e855d52fc839efa1c51f7b9eb3f9207063c27bf9df7b94,2014-08,Essex Police,Essex Police,0.442273,51.710130,On or near Parking Area,E01021634,Chelmsford 011D,Drugs,Awaiting court outcome,
15966473bcea92b390de424f801b1573c847450ec48db2e845de680874faef36,2014-08,Essex Police,Essex Police,0.442273,51.710130,On or near Parking Area,E01021634,Chelmsford 011D,Drugs,Awaiting court outcome,
01bec6679b19ecf0f29e6431b513391bb8004f6abe070d10b550b9413fa9559b,2014-08,Essex Police,Essex Police,0.442273,51.710130,On or near Parking Area,E01021634,Chelmsford 011D,Drugs,Under investigation,
a0e49a728332281b1569cf349469926a5b782c125b7b503ef50d561538d21128,2014-08,Essex Police,Essex Police,0.442273,51.710130,On or near Parking Area,E01021634,Chelmsford 011D,Drugs,Offender given a drugs possession warning,
dda023bbdce3fc6c96f8cf38c51bdfd4809512eb8f5f6c566ece97e0e547759c,2014-08,Essex Police,Essex Police,0.442273,51.710130,On or near Parking Area,E01021634,Chelmsford 011D,Drugs,Under investigation,
8e170929df8748845ded7877e0a2aa0aad3e0fb7671a33f183193f454c9b3286,2014-08,Essex Police,Essex Police,0.442273,51.710130,On or near Parking Area,E01021634,Chelmsford 011D,Drugs,Under investigation,
415902b89dc0d5f8463153ea4f8f1fa10fe8d7bc3542b82cb98869f340efabde,2014-08,Essex Police,Essex Police,0.442273,51.710130,On or near Parking Area,E01021634,Chelmsford 011D,Drugs,Under investigation,
e51af73ebb18a0b4d2a55646aa9e2367990390c820322d2ce51b76d972d23051,2014-08,Essex Police,Essex Police,0.442273,51.710130,On or near Parking Area,E01021634,Chelmsford 011D,Drugs,Under investigation,
b03e643d84509ef50ca3cb076a8c43b848d2576067046b604834fea2ba5a7fe0,2014-08,Essex Police,Essex Police,0.442273,51.710130,On or near Parking Area,E01021634,Chelmsford 011D,Drugs,Offender given a drugs possession warning,
aeebcb3bae85d703ff954a212896bab5f20740e79f629b71d1fa16afd0efb444,2014-08,Essex Police,Essex Police,0.442273,51.710130,On or near Parking Area,E01021634,Chelmsford 011D,Drugs,Offender given a caution,
73cbbdcb34e1f8ae162157815f492d8616aacfc60eec3ac9015cfb39edb8a537,2014-08,Essex Police,Essex Police,0.442273,51.710130,On or near Parking Area,E01021634,Chelmsford 011D,Drugs,Under investigation,
eb46ef61b33754e4157ceb156d59ffd33eee2dce0e3d5753ffc88911907567db,2014-08,Essex Police,Essex Police,0.442273,51.710130,On or near Parking Area,E01021634,Chelmsford 011D,Drugs,Under investigation,
cd3586fe07832c34478c3f79cd21b3737d8fcee579174e03b4b11cfe5092272b,2014-08,Essex Police,Essex Police,0.442273,51.710130,On or near Parking Area,E01021634,Chelmsford 011D,Drugs,Offender given a drugs possession warning,
254c88f8338acc962e0a4808c5967546538439449a34dd4f42c46aa887478991,2014-08,Essex Police,Essex Police,0.442273,51.710130,On or near Parking Area,E01021634,Chelmsford 011D,Drugs,Under investigation,
4b037fdc20cfd6152642363fb9749631b549adb3969a76350b94a92b67057ebe,2014-08,Essex Police,Essex Police,0.442273,51.710130,On or near Parking Area,E01021634,Chelmsford 011D,Drugs,Offender given a caution,
84a375892c70cf4924b6b96251d1faca168dde1d7358bf9beb8894d61d32fd03,2014-08,Essex Police,Essex Police,0.442273,51.710130,On or near Parking Area,E01021634,Chelmsford 011D,Drugs,Under investigation,
c8571096dc6a6f5778d3afb8a70f4d2199a85773c5551c9137e3cf3d7ae01ffc,2014-08,Essex Police,Essex Police,0.442273,51.710130,On or near Parking Area,E01021634,Chelmsford 011D,Drugs,Under investigation,
843b2c8073db5c2310aad5144816dc649fcc4b10fe30b3e8f86f5a7c624b1c1e,2014-08,Essex Police,Essex Police,0.442273,51.710130,On or near Parking Area,E01021634,Chelmsford 011D,Drugs,Offender given a drugs possession warning,
3651c6a31101be8be4b36097d0b4dc84369ee5bc36ac46e48fb2f7ea5da1b16b,2014-08,Essex Police,Essex Police,0.442273,51.710130,On or near Parking Area,E01021634,Chelmsford 011D,Drugs,Offender given a drugs possession warning,
3e1182117eed177ddee942fea6b5608ae412fb4c153cd10a788f21577d6f76cf,2014-08,Essex Police,Essex Police,0.442273,51.710130,On or near Parking Area,E01021634,Chelmsford 011D,Drugs,Under investigation,
8f19c23e9fbc7f758755064259bf09a8f99d8742eb6fb6489b4fde5a2f2029b1,2014-08,Essex Police,Essex Police,0.442273,51.710130,On or near Parking Area,E01021634,Chelmsford 011D,Drugs,Offender given a drugs possession warning,
bf72309a1bd51a6661e5ec7ca993620ad9706a890a341fa440ac0863897dabae,2014-08,Essex Police,Essex Police,0.442273,51.710130,On or near Parking Area,E01021634,Chelmsford 011D,Other theft,Investigation complete; no suspect identified,
7c1daa220cad56da81245b2e7722f46d73619d33ddb72b5821dcc84406bcf70c,2014-08,Essex Police,Essex Police,0.442273,51.710130,On or near Parking Area,E01021634,Chelmsford 011D,Other theft,Investigation complete; no suspect identified,
a2825ca07f9d5ba20d0dbe8023a33de6958ac35cd5e4ca9b90f040005f2f32d9,2014-08,Essex Police,Essex Police,0.442273,51.710130,On or near Parking Area,E01021634,Chelmsford 011D,Other theft,Investigation complete; no suspect identified,
92fe9c78c719b5ae41f5b075af334c82ba3f74e8380dbcaec8308440bf28feab,2014-08,Essex Police,Essex Police,0.442273,51.710130,On or near Parking Area,E01021634,Chelmsford 011D,Other theft,Investigation complete; no suspect identified,
0b334d3aec93b9b474a0853e8d4609a42860e195508ad853a918a4d3f26c3a8d,2014-08,Essex Police,Essex Police,0.442273,51.710130,On or near Parking Area,E01021634,Chelmsford 011D,Other theft,Under investigation,
a172700738b3a38d4f4e40f9ac8b50ad0310a806901821438318f36db47319a1,2014-08,Essex Police,Essex Police,0.442273,51.710130,On or near Parking Area,E01021634,Chelmsford 011D,Other theft,Investigation complete; no suspect identified,
d584ab952b42ffcbb06e2cc1a2c9db9cfed5cf589141c4d836fed5ef27797329,2014-08,Essex Police,Essex Police,0.442273,51.710130,On or near Parking Area,E01021634,Chelmsford 011D,Other theft,Investigation complete; no suspect identified,
ec8c12406e75c8a9b8e9a183fd1464c016cb37bd1c6e1b20cb0f799bb4a2e9aa,2014-08,Essex Police,Essex Police,0.442273,51.710130,On or near Parking Area,E01021634,Chelmsford 011D,Other theft,Investigation complete; no suspect identified,
287402be2782d7a5f3a83ef8ac0f1e16f5f145a0eb3eae40d76497c94c8c30ce,2014-08,Essex Police,Essex Police,0.442273,51.710130,On or near Parking Area,E01021634,Chelmsford 011D,Other theft,Investigation complete; no suspect identified,
9cc252e7008fada0ede76869822764281f9bd4660b256b656a421f3569ed832a,2014-08,Essex Police,Essex Police,0.442273,51.710130,On or near Parking Area,E01021634,Chelmsford 011D,Other theft,Investigation complete; no suspect identified,
2f2902fdab0a252933b643378cf84ac81e6cd9ffa14d9ac6657a54feeb313cba,2014-08,Essex Police,Essex Police,0.442273,51.710130,On or near Parking Area,E01021634,Chelmsford 011D,Other theft,Investigation complete; no suspect identified,
c857716b39930d55528e93ef1d46c071ca0fa26f29781387c7104d782f6aa4bc,2014-08,Essex Police,Essex Police,0.442273,51.710130,On or near Parking Area,E01021634,Chelmsford 011D,Other theft,Offender given a caution,
78f3d3320ba4e184e1a73bf4bda6ebe944939457a8ada23a11b84f796343e278,2014-08,Essex Police,Essex Police,0.442273,51.710130,On or near Parking Area,E01021634,Chelmsford 011D,Other theft,Investigation complete; no suspect identified,
7b3748c4a63e64142b177f2e700575cad59c03cb8f2418b48857ef6b258df0b3,2014-08,Essex Police,Essex Police,0.442273,51.710130,On or near Parking Area,E01021634,Chelmsford 011D,Other theft,Under investigation,
0acef2581b7181a8f3de7a3ca004b3edff276c797ba52f4afa9b4f8b3a1c10b4,2014-08,Essex Police,Essex Police,0.442273,51.710130,On or near Parking Area,E01021634,Chelmsford 011D,Other theft,Investigation complete; no suspect identified,
07ae936cdba45b19f20b6aa33260e78359489a9923761ab55f3ae3bd6a538302,2014-08,Essex Police,Essex Police,0.442273,51.710130,On or near Parking Area,E01021634,Chelmsford 011D,Other theft,Investigation complete; no suspect identified,
ed3f05a9f0d7d6441d14e04d767d9f870bdf8661bf8f2abd93f764e440a852c2,2014-08,Essex Police,Essex Police,0.442273,51.710130,On or near Parking Area,E01021634,Chelmsford 011D,Other theft,Unable to prosecute suspect,
a27bb587786fe728915255759b0dfc8a85110b46dcd6c87fc18c0f29c98e072e,2014-08,Essex Police,Essex Police,0.442273,51.710130,On or near Parking Area,E01021634,Chelmsford 011D,Other theft,Investigation complete; no suspect identified,
846e6b53619975c469c256afee6aa754d4f34c8a147772c63910bb0af7a0a049,2014-08,Essex Police,Essex Police,0.442273,51.710130,On or near Parking Area,E01021634,Chelmsford 011D,Other theft,Investigation complete; no suspect identified,
1a62e4620dae108cf51eb83f19a8eb1a06344534bafac993a9cbd901fae334ef,2014-08,Essex Police,Essex Police,0.442273,51.710130,On or near Parking Area,E01021634,Chelmsford 011D,Other theft,Investigation complete; no suspect identified,
519217ad4178abece7dfc76f15af964603f4a42f1f4cda6365d7bc678056ed1f,2014-08,Essex Police,Essex Police,0.402056,51.728100,On or near Parking Area,E01021634,Chelmsford 011D,Other theft,Investigation complete; no suspect identified,
c7cf28266454f0c8fa31ad8b72342efefe3a2509d6e91c2fd39e24897728ec3a,2014-08,Essex Police,Essex Police,0.442273,51.710130,On or near Parking Area,E01021634,Chelmsford 011D,Other theft,Investigation complete; no suspect identified,
2cd9ccd184eefe7bf8e4e074d8771a1f872c0f762d13a0afd426f9c2ce9a3bf0,2014-08,Essex Police,Essex Police,0.442273,51.710130,On or near Parking Area,E01021634,Chelmsford 011D,Other theft,Investigation complete; no suspect identified,
dc967ae8458f74e98baafb9580b2bb0036321a1d8ef1ee770c780b7120fabfef,2014-08,Essex Police,Essex Police,0.442273,51.710130,On or near Parking Area,E01021634,Chelmsford 011D,Other theft,Investigation complete; no suspect identified,
4d9a944e53815e91e04a563a28ef6e7be50d28d64e5d22dc79ab874a92725d3f,2014-08,Essex Police,Essex Police,0.442273,51.710130,On or near Parking Area,E01021634,Chelmsford 011D,Other theft,Investigation complete; no suspect identified,
17e4b431fa96687a4701ef5bc599a7a61624d23cb2232afb01dc3e63bc6c946b,2014-08,Essex Police,Essex Police,0.442273,51.710130,On or near Parking Area,E01021634,Chelmsford 011D,Other theft,Investigation complete; no suspect identified,
c96db47e730ecfad84544573d94c4580e211e919b041e59f394e769efa1864c6,2014-08,Essex Police,Essex Police,0.442273,51.710130,On or near Parking Area,E01021634,Chelmsford 011D,Other theft,Investigation complete; no suspect identified,
138ba1d7453566f9cb6f6cc21362f6aa381eea9c2ac8f2606940537bd48e282e,2014-08,Essex Police,Essex Police,0.442273,51.710130,On or near Parking Area,E01021634,Chelmsford 011D,Other theft,Investigation complete; no suspect identified,
a1f50095e80a6e76c8a47e05ebedb4de833942eff37df10123a80e7bf1cfaac2,2014-08,Essex Police,Essex Police,0.442273,51.710130,On or near Parking Area,E01021634,Chelmsford 011D,Other theft,Investigation complete; no suspect identified,
c986ea4be9bf6156492a88ade03bd0591da9e0e586a1e2210522192a0fa96c68,2014-08,Essex Police,Essex Police,0.442273,51.710130,On or near Parking Area,E01021634,Chelmsford 011D,Other theft,Investigation complete; no suspect identified,
bae622875014e53671f3e34901c146f764a33bfaac73124738b3fad25922dbc5,2014-08,Essex Police,Essex Police,0.442273,51.710130,On or near Parking Area,E01021634,Chelmsford 011D,Other theft,Investigation complete; no suspect identified,
c7e9df36b36f57968dd737cea6780b7a96addf0cd02fbfa1c210424019d1842f,2014-08,Essex Police,Essex Police,0.442273,51.710130,On or near Parking Area,E01021634,Chelmsford 011D,Other theft,Investigation complete; no suspect identified,
497f2f38ec8b39b8fd6165d497815a39e99c7e08fbd5b7f3cf5b6c9bd9155942,2014-08,Essex Police,Essex Police,0.442273,51.710130,On or near Parking Area,E01021634,Chelmsford 011D,Other theft,Investigation complete; no suspect identified,
ba57951255f22dd3a5a71de6f1f2d42b3627a67830cd0a2f9aebb6db8c0995b3,2014-08,Essex Police,Essex Police,0.442273,51.710130,On or near Parking Area,E01021634,Chelmsford 011D,Other theft,Investigation complete; no suspect identified,
39a9b711ec13bc304637ec2b2719e077f0e8965695d21add96f42272bf1293b7,2014-08,Essex Police,Essex Police,0.424426,51.728028,On or near The Coverts,E01021634,Chelmsford 011D,Other theft,Investigation complete; no suspect identified,
b988b58bc08a13d55f41222293fd9da41497e04fb8ee7965e47767901ff83245,2014-08,Essex Police,Essex Police,0.442273,51.710130,On or near Parking Area,E01021634,Chelmsford 011D,Other theft,Unable to prosecute suspect,
b3bea4ae5e1b4d8d8e57a486358299a21e17f3f1f041351fa8bdb2523860bf38,2014-08,Essex Police,Essex Police,0.442273,51.710130,On or near Parking Area,E01021634,Chelmsford 011D,Other theft,Investigation complete; no suspect identified,
15dae15502af11e13fb4a6ffd2d026291713f4a6352610c19329fb1c2cb3ee10,2014-08,Essex Police,Essex Police,0.442273,51.710130,On or near Parking Area,E01021634,Chelmsford 011D,Other theft,Investigation complete; no suspect identified,
8f7365c131062f639f747ebb0a2d9a9fde147e64fbab0a1b4527435dfc5147bd,2014-08,Essex Police,Essex Police,0.442273,51.710130,On or near Parking Area,E01021634,Chelmsford 011D,Other theft,Investigation complete; no suspect identified,
65c82a00f09b187237823143674ca80ceada128f10faf48055182cfe20d38908,2014-08,Essex Police,Essex Police,0.442273,51.710130,On or near Parking Area,E01021634,Chelmsford 011D,Other theft,Investigation complete; no suspect identified,
bd562c34318ad1987e1533515c31c9a1afe73fa6255b539d27a27451ea539887,2014-08,Essex Police,Essex Police,0.442273,51.710130,On or near Parking Area,E01021634,Chelmsford 011D,Other theft,Investigation complete; no suspect identified,
104ccb3185909739955c896e2293679bbaf2b439be3341d647c7426ac29e01c8,2014-08,Essex Police,Essex Police,0.442273,51.710130,On or near Parking Area,E01021634,Chelmsford 011D,Other theft,Investigation complete; no suspect identified,
d2392ae9ec3bb10ae7a5bda04403dc80bd764c0d68356750450c095faca37e59,2014-08,Essex Police,Essex Police,0.442273,51.710130,On or near Parking Area,E01021634,Chelmsford 011D,Other theft,Offender given a caution,
8af192da9e4310713ece002c1458369c39ffa8c6fbdbb882330e2b7faa3d94c2,2014-08,Essex Police,Essex Police,0.442273,51.710130,On or near Parking Area,E01021634,Chelmsford 011D,Other theft,Investigation complete; no suspect identified,
4fd9b47e30fcb00da45fec445c69e3d017f6b10864c10aea87f49cf6f91f5af7,2014-08,Essex Police,Essex Police,0.442273,51.710130,On or near Parking Area,E01021634,Chelmsford 011D,Other theft,Investigation complete; no suspect identified,
9efe553504fd698d95d1ffcf115aedabfef00fa8c078929eb73d1b6fc2ea52e8,2014-08,Essex Police,Essex Police,0.442273,51.710130,On or near Parking Area,E01021634,Chelmsford 011D,Possession of weapons,Awaiting court outcome,
c833c868d147d036248bdcfb4571f8ab302d48a1669ca6ea8259d0051a12cc01,2014-08,Essex Police,Essex Police,0.442273,51.710130,On or near Parking Area,E01021634,Chelmsford 011D,Public order,Under investigation,
4b2c83f1989d3c89c4f9dd2a785a5a2cd0de92e0e23b36bd2175280a952aaa8d,2014-08,Essex Police,Essex Police,0.442273,51.710130,On or near Parking Area,E01021634,Chelmsford 011D,Robbery,Unable to prosecute suspect,
9c8020c20dd7de0d1c0662c41735b15cdcb04376ccb7cc87750bb2b08e9c97c0,2014-08,Essex Police,Essex Police,0.442273,51.710130,On or near Parking Area,E01021634,Chelmsford 011D,Robbery,Under investigation,
21a2f0c65d18c942f1ff764e7e43e20f8f6ac4c41226fbc64aea81e463b14d79,2014-08,Essex Police,Essex Police,0.406782,51.724101,On or near Highwood Road,E01021634,Chelmsford 011D,Robbery,Under investigation,
051b691f1c2b9114fef70abf598c40e83639a4eea0c65667d25ee5857a9551a9,2014-08,Essex Police,Essex Police,0.442273,51.710130,On or near Parking Area,E01021634,Chelmsford 011D,Robbery,Under investigation,
8767c33eb8e3c634ae7062b4b3580311dc51858c9e572322f9653b592e7620b7,2014-08,Essex Police,Essex Police,0.442273,51.710130,On or near Parking Area,E01021634,Chelmsford 011D,Robbery,Under investigation,
1e550eabe88f7e676d7137a008271ea538ed7584d312bc39d282b2cbb396f57f,2014-08,Essex Police,Essex Police,0.442273,51.710130,On or near Parking Area,E01021634,Chelmsford 011D,Robbery,Under investigation,
fcfa1cb958c2d20f0f9769a6ecf15c11387b87244cbecce46cff5b512a2fd6e6,2014-08,Essex Police,Essex Police,0.442273,51.710130,On or near Parking Area,E01021634,Chelmsford 011D,Robbery,Under investigation,
fb81d9bca25158455bddb0b8d5d375d8bc006cb31dc4b7557cf8ea80e6f7be55,2014-08,Essex Police,Essex Police,0.442273,51.710130,On or near Parking Area,E01021634,Chelmsford 011D,Theft from the person,Investigation complete; no suspect identified,
a8321a56458486e785e922cc0bac88cee15ff1c8d29388e1f980e7994c4911e8,2014-08,Essex Police,Essex Police,0.442273,51.710130,On or near Parking Area,E01021634,Chelmsford 011D,Theft from the person,Investigation complete; no suspect identified,
ad0642426b9ef9be6282d049c089f792d0bef74c441f0bfb450eb33c8549d5d9,2014-08,Essex Police,Essex Police,0.442273,51.710130,On or near Parking Area,E01021634,Chelmsford 011D,Theft from the person,Investigation complete; no suspect identified,
5678096cfae7d441021959308129d2eeaa16518470a3ffe7956e4e3c4e1f6eb4,2014-08,Essex Police,Essex Police,0.442273,51.710130,On or near Parking Area,E01021634,Chelmsford 011D,Theft from the person,Investigation complete; no suspect identified,
30ac7385f3022e25a082c9366d8fa4d082e87ddda56093dfc460568fd491a441,2014-08,Essex Police,Essex Police,0.442273,51.710130,On or near Parking Area,E01021634,Chelmsford 011D,Theft from the person,Investigation complete; no suspect identified,
50f888dc023d78c15de55764532173d7f9cb7a7a045e959634b20d2b5074c47c,2014-08,Essex Police,Essex Police,0.442273,51.710130,On or near Parking Area,E01021634,Chelmsford 011D,Theft from the person,Investigation complete; no suspect identified,
026d4476e22e6bca03595b09bfa0684e16eb5d52f864645f96547b96da591bd8,2014-08,Essex Police,Essex Police,0.442273,51.710130,On or near Parking Area,E01021634,Chelmsford 011D,Theft from the person,Under investigation,
7e5606ebc3de1bece4ba8a45a8503507f44e1d2812d56a856c52c71df51df34b,2014-08,Essex Police,Essex Police,0.442273,51.710130,On or near Parking Area,E01021634,Chelmsford 011D,Theft from the person,Investigation complete; no suspect identified,
543810c90cf94dbc9d08b8e2927e22a55cb7ffc0530544e0119738a81df57e24,2014-08,Essex Police,Essex Police,0.442273,51.710130,On or near Parking Area,E01021634,Chelmsford 011D,Theft from the person,Under investigation,
14004d2c029ba66d53ea12d90fa47133f60ce7daee1a1590dd84c89213fb0dd9,2014-08,Essex Police,Essex Police,0.442273,51.710130,On or near Parking Area,E01021634,Chelmsford 011D,Theft from the person,Investigation complete; no suspect identified,
6ccbf9246f6f55721abd814c339e8281803337f41328924fe9ddcd948f40f4c4,2014-08,Essex Police,Essex Police,0.442273,51.710130,On or near Parking Area,E01021634,Chelmsford 011D,Theft from the person,Investigation complete; no suspect identified,
3188a5c6f934d6372d69cb53eae434e4bf9bf5f5b8c86bbc8832fe4ad3c561e3,2014-08,Essex Police,Essex Police,0.442273,51.710130,On or near Parking Area,E01021634,Chelmsford 011D,Theft from the person,Investigation complete; no suspect identified,
38315b23590f56d8ece869af4cf7623b509fa136519f3a7d6726ce317ae01db2,2014-08,Essex Police,Essex Police,0.442273,51.710130,On or near Parking Area,E01021634,Chelmsford 011D,Theft from the person,Under investigation,
2534083906bac785d2cb0057419ab6a4d901913038410cdb218934cd39a9feaa,2014-08,Essex Police,Essex Police,0.442273,51.710130,On or near Parking Area,E01021634,Chelmsford 011D,Theft from the person,Investigation complete; no suspect identified,
c513d888671165eeb34d2ffd5110de1d162de6498a2ec6b4ed5ba165a6e5cf97,2014-08,Essex Police,Essex Police,0.442273,51.710130,On or near Parking Area,E01021634,Chelmsford 011D,Theft from the person,Investigation complete; no suspect identified,
35e3c55cd0f260fc730181453aec9beb488ca65cf5032661eccf82b57ba68c9d,2014-08,Essex Police,Essex Police,0.442273,51.710130,On or near Parking Area,E01021634,Chelmsford 011D,Theft from the person,Investigation complete; no suspect identified,
a9620928f4be2a99ff399d28aac170624028adbec2a4ac8129cfa497f96023dd,2014-08,Essex Police,Essex Police,0.442273,51.710130,On or near Parking Area,E01021634,Chelmsford 011D,Theft from the person,Investigation complete; no suspect identified,
f49f63ef6afefd79b8d6239f6f63321c78ebd2993a253f4418ab3b2c6e670ec5,2014-08,Essex Police,Essex Police,0.442273,51.710130,On or near Parking Area,E01021634,Chelmsford 011D,Theft from the person,Investigation complete; no suspect identified,
34ca1721da709d6e3598daed552ce17120415239974009acbfccab1292466b58,2014-08,Essex Police,Essex Police,0.442273,51.710130,On or near Parking Area,E01021634,Chelmsford 011D,Theft from the person,Investigation complete; no suspect identified,
28223711caa6f3b70aa1ae0b18096488b3049918a280666970fa91432912f3af,2014-08,Essex Police,Essex Police,0.442273,51.710130,On or near Parking Area,E01021634,Chelmsford 011D,Theft from the person,Investigation complete; no suspect identified,
f22a9c8392f1dd34771aebf03c459f782e5fbf09d49ec6fa5643e08ce10a3d3d,2014-08,Essex Police,Essex Police,0.442273,51.710130,On or near Parking Area,E01021634,Chelmsford 011D,Theft from the person,Investigation complete; no suspect identified,
373b571bfd068ac174df1358b837ffa388734b05542b67c906f1bd846f59d61e,2014-08,Essex Police,Essex Police,0.442273,51.710130,On or near Parking Area,E01021634,Chelmsford 011D,Theft from the person,Investigation complete; no suspect identified,
4e2f9041852839c6e2bebbe054dd806a020d04054810af044161d6fbb5f3f178,2014-08,Essex Police,Essex Police,0.442273,51.710130,On or near Parking Area,E01021634,Chelmsford 011D,Theft from the person,Investigation complete; no suspect identified,
7e486788afdf2feb960b085dad2ba0a84629badb6f40a2c5ef50a997a1782e1b,2014-08,Essex Police,Essex Police,0.442273,51.710130,On or near Parking Area,E01021634,Chelmsford 011D,Theft from the person,Investigation complete; no suspect identified,
123ab7e6d70328adc633805d373c8c00b38be0b695353af56af2f23d018a2300,2014-08,Essex Police,Essex Police,0.442273,51.710130,On or near Parking Area,E01021634,Chelmsford 011D,Theft from the person,Investigation complete; no suspect identified,
e2b728472f83cb67a0e68ed1790d04c94a47dcf43c53eaf9ac8a9893de2ac1ec,2014-08,Essex Police,Essex Police,0.442273,51.710130,On or near Parking Area,E01021634,Chelmsford 011D,Theft from the person,Investigation complete; no suspect identified,
bca388de5d4a0004229023a8bfd223ceb4b51744899ec06b7fdee83f9606b6cd,2014-08,Essex Police,Essex Police,0.442273,51.710130,On or near Parking Area,E01021634,Chelmsford 011D,Theft from the person,Investigation complete; no suspect identified,
ed073eb70a86be0d65c2e769e5a7129f36a11a478b256756d85851023f3db4f3,2014-08,Essex Police,Essex Police,0.442273,51.710130,On or near Parking Area,E01021634,Chelmsford 011D,Theft from the person,Investigation complete; no suspect identified,
90700c312c0b92c687277287a51661313823c4aa96758c16c11c3e4d326f7d84,2014-08,Essex Police,Essex Police,0.442273,51.710130,On or near Parking Area,E01021634,Chelmsford 011D,Vehicle crime,Investigation complete; no suspect identified,
6c3c614e69769e5dd9519170e3b4c0dad113101daab6e6d9ca34940ec0b7f458,2014-08,Essex Police,Essex Police,0.442273,51.710130,On or near Parking Area,E01021634,Chelmsford 011D,Vehicle crime,Investigation complete; no suspect identified,
4bf32b1b7ca4459b777205fb89cb0137a6b93f345071f803897041cb2f40743e,2014-08,Essex Police,Essex Police,0.442273,51.710130,On or near Parking Area,E01021634,Chelmsford 011D,Violence and sexual offences,Under investigation,
0978880701bb6c63b150bfa90930a4c705b4723f967faf7486bbadcd559f74ac,2014-08,Essex Police,Essex Police,0.442273,51.710130,On or near Parking Area,E01021634,Chelmsford 011D,Violence and sexual offences,Under investigation,
a5fe04e4b6c2ecc2fcfcc74ac865f51d9638a9348950a21c923d10d971189f6c,2014-08,Essex Police,Essex Police,0.442273,51.710130,On or near Parking Area,E01021634,Chelmsford 011D,Violence and sexual offences,Unable to prosecute suspect,
a0db36ad04ce5b5319a1a969acd4a030503eef4102d60d8f6c673b1f68a27c9e,2014-08,Essex Police,Essex Police,0.442273,51.710130,On or near Parking Area,E01021634,Chelmsford 011D,Violence and sexual offences,Under investigation,
5779f74b492087116b6976fce9cc768dcd1e477963ff1750b68d39e8ca8323c1,2014-08,Essex Police,Essex Police,0.442273,51.710130,On or near Parking Area,E01021634,Chelmsford 011D,Violence and sexual offences,Under investigation,
b63cc1e8c178e30cd1e8c72878eb29b1bf316de5d73b1c15fd6db58b0cab8eb6,2014-08,Essex Police,Essex Police,0.442273,51.710130,On or near Parking Area,E01021634,Chelmsford 011D,Violence and sexual offences,Awaiting court outcome,
54b612363a973b50454910c2bd679f7a166ed2bb82665164b872930ecbff8abd,2014-08,Essex Police,Essex Police,0.442273,51.710130,On or near Parking Area,E01021634,Chelmsford 011D,Violence and sexual offences,Under investigation,
87e4101a73d3075db1f3951a546e93ba8616a4140a8673d2fd5e7d8f01b35fcf,2014-08,Essex Police,Essex Police,0.402056,51.728100,On or near Parking Area,E01021634,Chelmsford 011D,Violence and sexual offences,Awaiting court outcome,
b0c765e96c925d889d248bcc650601614ddbc201c7a2b7dadb9c29c2ae4e70de,2014-08,Essex Police,Essex Police,0.442273,51.710130,On or near Parking Area,E01021634,Chelmsford 011D,Violence and sexual offences,Under investigation,
,2014-08,Essex Police,Essex Police,0.414835,51.729835,On or near Ongar Road,E01021635,Chelmsford 011E,Anti-social behaviour,,
,2014-08,Essex Police,Essex Police,0.415886,51.731090,On or near Daws Close,E01021635,Chelmsford 011E,Anti-social behaviour,,
5a39444ce8bfea50fba70ae30d12677d0dd04005350ef844266f86cf05a7d8eb,2014-08,Essex Police,Essex Police,0.418542,51.727933,On or near Long Brandocks,E01021635,Chelmsford 011E,Criminal damage and arson,Awaiting court outcome,
8a18f42bfa073d91533eada9aa6353aafd94be4a3f75064df01d89d3c5fc80aa,2014-08,Essex Police,Essex Police,0.416129,51.729386,On or near Redwood Drive,E01021635,Chelmsford 011E,Drugs,Offender given a drugs possession warning,
4705840dee742feb42df03cc87ab7c4523a4a8a4082aadeee1d34f11b8a10380,2014-08,Essex Police,Essex Police,0.413812,51.728849,On or near Mansfields,E01021635,Chelmsford 011E,Other theft,Under investigation,
,2014-08,Essex Police,Essex Police,0.427538,51.724744,On or near Buglers Rise,E01021636,Chelmsford 011F,Anti-social behaviour,,
,2014-08,Essex Police,Essex Police,0.426534,51.725475,On or near Shakeston Close,E01021636,Chelmsford 011F,Anti-social behaviour,,
5ed97dd8a08576d28c4f3f128e0eebea440cd1b524d3e02770b5c7dffd5d86e2,2014-08,Essex Police,Essex Police,0.427776,51.725413,On or near Lucerne Way,E01021636,Chelmsford 011F,Vehicle crime,Under investigation,
,2014-08,Essex Police,Essex Police,0.448479,51.712735,On or near Sports/Recreation Area,E01021556,Chelmsford 012A,Anti-social behaviour,,
,2014-08,Essex Police,Essex Police,0.454957,51.720604,On or near Widford Chase,E01021556,Chelmsford 012A,Anti-social behaviour,,
,2014-08,Essex Police,Essex Police,0.463775,51.719007,On or near Hillside Grove,E01021556,Chelmsford 012A,Anti-social behaviour,,
,2014-08,Essex Police,Essex Police,0.451885,51.717880,On or near London Road,E01021556,Chelmsford 012A,Anti-social behaviour,,
,2014-08,Essex Police,Essex Police,0.462186,51.721478,On or near Petrol Station,E01021556,Chelmsford 012A,Anti-social behaviour,,
611dbaf73488aa3dfe632c2ccee6765dea906aedcf67f5b1673cba32b08877da,2014-08,Essex Police,Essex Police,0.451885,51.717880,On or near London Road,E01021556,Chelmsford 012A,Burglary,Under investigation,
9e250dcb0eb21327fa98ddacb64fa9c0bb34eb3418d2d1e8a7a237db6b61a570,2014-08,Essex Police,Essex Police,0.448479,51.712735,On or near Sports/Recreation Area,E01021556,Chelmsford 012A,Drugs,Under investigation,
b724ad12c329c67dbbbff190d88bdcac36385adbf6b0a59101a129a50a022a77,2014-08,Essex Police,Essex Police,0.462186,51.721478,On or near Petrol Station,E01021556,Chelmsford 012A,Other theft,Under investigation,
81a1e0e54fd08a1a4237c3d451cd34d3d9482f4718d34f1fb43da07352b90190,2014-08,Essex Police,Essex Police,0.463732,51.721418,On or near Petrol Station,E01021556,Chelmsford 012A,Other theft,Under investigation,
3e07a90d6eaec73475154ba33c01e781949808e0c7926d0cd2fe213bae5767ef,2014-08,Essex Police,Essex Police,0.462186,51.721478,On or near Petrol Station,E01021556,Chelmsford 012A,Other theft,Under investigation,
afa2fc989ee36568da16fee2722bb636cd0cdaf5b6b375ddd0f2854fb49ef973,2014-08,Essex Police,Essex Police,0.463732,51.721418,On or near Petrol Station,E01021556,Chelmsford 012A,Other theft,Under investigation,
3ae6920e6b56ad787ebf21870466b50eb6880c227c2ab0204cebe9ef4e7e0658,2014-08,Essex Police,Essex Police,0.462186,51.721478,On or near Petrol Station,E01021556,Chelmsford 012A,Shoplifting,Under investigation,
cc974a814e6706d68bdf5c3b532d09bd6788bc701874e2599e99dc0d2cd51910,2014-08,Essex Police,Essex Police,0.451885,51.717880,On or near London Road,E01021556,Chelmsford 012A,Vehicle crime,Investigation complete; no suspect identified,
dea9f2ec6259b28eba1a4abb7b396f33b83db6554d3edb84e1769ec1a832d634,2014-08,Essex Police,Essex Police,0.454787,51.721210,On or near Widford Close,E01021556,Chelmsford 012A,Violence and sexual offences,Unable to prosecute suspect,
,2014-08,Essex Police,Essex Police,0.473530,51.722651,On or near Fortinbras Way,E01021577,Chelmsford 012B,Anti-social behaviour,,
,2014-08,Essex Police,Essex Police,0.480491,51.727343,On or near A1114,E01021577,Chelmsford 012B,Anti-social behaviour,,
669046ec7e8e5ee326c58281305bda6d9717db4c99d928e542b50a00daa208ee,2014-08,Essex Police,Essex Police,0.480491,51.727343,On or near A1114,E01021577,Chelmsford 012B,Bicycle theft,Investigation complete; no suspect identified,
5d13818c95606ca9723f7d74990795fb1835d4ffe2829704815211c406e3ac30,2014-08,Essex Police,Essex Police,0.476051,51.725602,On or near Lady Lane,E01021577,Chelmsford 012B,Bicycle theft,Investigation complete; no suspect identified,
6de04e88cb15c16a6cecfff8703bf5c353e132259c36bb3957f315350dd55fab,2014-08,Essex Police,Essex Police,0.476051,51.725602,On or near Lady Lane,E01021577,Chelmsford 012B,Burglary,Investigation complete; no suspect identified,
43bf741cff2874f5c993f4756613c60402107c100775b298a9b90513c509237d,2014-08,Essex Police,Essex Police,0.478873,51.726370,On or near Goldlay Avenue,E01021577,Chelmsford 012B,Criminal damage and arson,Under investigation,
a5ddaf026fb5892cc546da9e1533bfd92338b194f1804609bfcbd1c27644e03d,2014-08,Essex Police,Essex Police,0.478873,51.726370,On or near Goldlay Avenue,E01021577,Chelmsford 012B,Criminal damage and arson,Investigation complete; no suspect identified,
597172b61d98daaa8cd510a7875f975b51f701155e1aa37e54086ab4f857a635,2014-08,Essex Police,Essex Police,0.476051,51.725602,On or near Lady Lane,E01021577,Chelmsford 012B,Other theft,Investigation complete; no suspect identified,
35fa1b2d0673dbe3b149e15a09605e0a8bc51facc2e528aaf352e52a18c7c5ea,2014-08,Essex Police,Essex Police,0.480491,51.727343,On or near A1114,E01021577,Chelmsford 012B,Possession of weapons,Under investigation,
df7bc66c6a3a4fa093228fe439903ece98c02311e57b4281913781df5602b5e0,2014-08,Essex Police,Essex Police,0.476051,51.725602,On or near Lady Lane,E01021577,Chelmsford 012B,Violence and sexual offences,Under investigation,
,2014-08,Essex Police,Essex Police,0.475608,51.727832,On or near Manor Road,E01021579,Chelmsford 012C,Anti-social behaviour,,
,2014-08,Essex Police,Essex Police,0.468587,51.726280,On or near Nursery Road,E01021579,Chelmsford 012C,Anti-social behaviour,,
,2014-08,Essex Police,Essex Police,0.477660,51.726953,On or near Lynmouth Avenue,E01021579,Chelmsford 012C,Anti-social behaviour,,
,2014-08,Essex Police,Essex Police,0.473842,51.728364,On or near Gladstone Court,E01021579,Chelmsford 012C,Anti-social behaviour,,
,2014-08,Essex Police,Essex Police,0.473842,51.728364,On or near Gladstone Court,E01021579,Chelmsford 012C,Anti-social behaviour,,
,2014-08,Essex Police,Essex Police,0.473842,51.728364,On or near Gladstone Court,E01021579,Chelmsford 012C,Anti-social behaviour,,
8006709d2e50349c54cdd8d7c910d5c3078634430701b419d6c2a3c617068e74,2014-08,Essex Police,Essex Police,0.471374,51.725601,On or near St John'S Road,E01021579,Chelmsford 012C,Criminal damage and arson,Under investigation,
635168fc3158facd1a8bf160f92f55142c5e2ed26973c4ede81f8d6cb1c07d07,2014-08,Essex Police,Essex Police,0.471374,51.725601,On or near St John'S Road,E01021579,Chelmsford 012C,Violence and sexual offences,Unable to prosecute suspect,
,2014-08,Essex Police,Essex Police,0.471233,51.721432,On or near Princes Road,E01021580,Chelmsford 012D,Anti-social behaviour,,
,2014-08,Essex Police,Essex Police,0.466199,51.721519,On or near Pedestrian Subway,E01021580,Chelmsford 012D,Anti-social behaviour,,
c37bd5696bb1e5b772099c85a519b5afaa31c621e9b59cab4cd0382b1184f003,2014-08,Essex Police,Essex Police,0.464985,51.723694,On or near Finchley Avenue,E01021580,Chelmsford 012D,Bicycle theft,Under investigation,
474f9facc072311acbe0beb21d62237efe0d20726f28ed4c69fd96b3945362b9,2014-08,Essex Police,Essex Police,0.469478,51.725353,On or near Wellmeads,E01021580,Chelmsford 012D,Criminal damage and arson,Under investigation,
63147f68b3595e01e79844c05fcfab68e7e4aba5ea80427e1a5d22b8e10b9e7b,2014-08,Essex Police,Essex Police,0.468874,51.723307,On or near St Mildreds Road,E01021580,Chelmsford 012D,Criminal damage and arson,Investigation complete; no suspect identified,
4610b15ad0f9b506e5d9e46721c4f1b1390e153b81fd9a373e39ceaccb8a0e6b,2014-08,Essex Police,Essex Police,0.467865,51.725792,On or near Braemar Avenue,E01021580,Chelmsford 012D,Criminal damage and arson,Investigation complete; no suspect identified,
39645b23144b48d91499686b5f122b8a9dedb82e464a54f46942832f6537bbf5,2014-08,Essex Police,Essex Police,0.471233,51.721432,On or near Princes Road,E01021580,Chelmsford 012D,Other theft,Investigation complete; no suspect identified,
18bd8cf730639663caac8cca56a4a68a98c5a8e54d7455e08a8b531ec9499582,2014-08,Essex Police,Essex Police,0.467419,51.724255,On or near Vicarage Road,E01021580,Chelmsford 012D,Violence and sexual offences,Under investigation,
,2014-08,Essex Police,Essex Police,0.464005,51.715261,On or near Longstomps Avenue,E01021584,Chelmsford 012E,Anti-social behaviour,,
4e0452bf49531e1476b984757c2a550d25905299c5f4bbcade68d7b08f0fb4db,2014-08,Essex Police,Essex Police,0.470494,51.717436,On or near Tylers Close,E01021584,Chelmsford 012E,Burglary,Investigation complete; no suspect identified,
,2014-08,Essex Police,Essex Police,0.506111,51.736026,On or near Village Square,E01021548,Chelmsford 013A,Anti-social behaviour,,
,2014-08,Essex Police,Essex Police,0.506111,51.736026,On or near Village Square,E01021548,Chelmsford 013A,Anti-social behaviour,,
,2014-08,Essex Police,Essex Police,0.505331,51.735026,On or near Ashton Place,E01021548,Chelmsford 013A,Anti-social behaviour,,
8820b9a2b87ea26f8dcbd7f0b350f9ffa67caa030f13a535c87b4871f581413d,2014-08,Essex Police,Essex Police,0.506111,51.736026,On or near Village Square,E01021548,Chelmsford 013A,Burglary,Investigation complete; no suspect identified,
b9347540f1baf8f61236875e85b6084a966624f882f50aefa3db40670b893ed8,2014-08,Essex Police,Essex Police,0.507815,51.736187,On or near Clachar Close,E01021548,Chelmsford 013A,Criminal damage and arson,Unable to prosecute suspect,
aa4a399bd09f2b57cc90d024cf01dba925c6eb34a461fea996a64c060a7838e5,2014-08,Essex Police,Essex Police,0.506111,51.736026,On or near Village Square,E01021548,Chelmsford 013A,Other theft,Under investigation,
0964750f3690502ede4523ead9a4efb33ab8c88fe1251008268d10f6b4b369df,2014-08,Essex Police,Essex Police,0.506111,51.736026,On or near Village Square,E01021548,Chelmsford 013A,Shoplifting,Under investigation,
,2014-08,Essex Police,Essex Police,0.518931,51.723287,On or near Sandford Mill Road,E01021560,Chelmsford 013B,Anti-social behaviour,,
0582b8cdd005f60d4c054fdce484bda1b0066e99e813f6cde2f85bf92ea214d6,2014-08,Essex Police,Essex Police,0.500242,51.716816,On or near High Street,E01021560,Chelmsford 013B,Bicycle theft,Investigation complete; no suspect identified,
1d6e4ec087f2c9b440257b3ecc785567d8aabf22a3a32cfb281298eec114fbc8,2014-08,Essex Police,Essex Police,0.501786,51.717511,On or near The Causeway,E01021560,Chelmsford 013B,Bicycle theft,Investigation complete; no suspect identified,
7c357454d0f2077e185ebfc6bd480b0e447322a6e6d61fb01a360b2e5e745170,2014-08,Essex Police,Essex Police,0.499508,51.717695,On or near Palmerston Lodge,E01021560,Chelmsford 013B,Bicycle theft,Investigation complete; no suspect identified,
658fd0e1d3ffd1d57cd43d74ff742a1b486474cb721586bed33ea0ff4261a951,2014-08,Essex Police,Essex Police,0.501786,51.717511,On or near The Causeway,E01021560,Chelmsford 013B,Criminal damage and arson,Offender given a caution,
6ebf4e99213c26ca0894663f5696a80fa27d6050633305525d4ad91e7b29dcf1,2014-08,Essex Police,Essex Police,0.505311,51.717643,On or near Jeffery Road,E01021560,Chelmsford 013B,Criminal damage and arson,Unable to prosecute suspect,
bcb7d07eec16de36a4336999204a03499c5f02277e7eb1f91d56f0a877035778,2014-08,Essex Police,Essex Police,0.500859,51.717252,On or near Supermarket,E01021560,Chelmsford 013B,Criminal damage and arson,Under investigation,
7dbb2a86450cab6d758924d9b7ed28e027cd48da47cb54b4cb61fe00c8806137,2014-08,Essex Police,Essex Police,0.501941,51.719019,On or near Tyrells Way,E01021560,Chelmsford 013B,Other theft,Investigation complete; no suspect identified,
955cb2af2ef976ba35c1dc85992015d625450fb6458df89bb036d1187252160c,2014-08,Essex Police,Essex Police,0.501941,51.719019,On or near Tyrells Way,E01021560,Chelmsford 013B,Other theft,Investigation complete; no suspect identified,
ba5f81bd78b9495f79c59a11039858533fedee71c105f8c696d8975bc037ad3a,2014-08,Essex Police,Essex Police,0.518931,51.723287,On or near Sandford Mill Road,E01021560,Chelmsford 013B,Other theft,Under investigation,
8907be0df66fd6c89fb125b0bd385387490ad2446e8a79a00534d0c0d61044ba,2014-08,Essex Police,Essex Police,0.501183,51.718127,On or near Parking Area,E01021560,Chelmsford 013B,Shoplifting,Under investigation,
9ac23ca21dab82e617b3f792e525eddbd974cbfa4a74c2936c8f386239f40d3c,2014-08,Essex Police,Essex Police,0.498872,51.716125,On or near Foxholes Road,E01021560,Chelmsford 013B,Violence and sexual offences,Under investigation,
4251185aa6991661e79cd27494d9ff322de66f26b1a2a96a30b02dfce0240fa0,2014-08,Essex Police,Essex Police,0.510083,51.717010,On or near Harrow Way,E01021561,Chelmsford 013C,Burglary,Under investigation,
1fe9c416c340ec7ad09965a137f395fc2a0c4588b75df75f4bea32cf1f620c06,2014-08,Essex Police,Essex Police,0.513299,51.711042,On or near Ladywell Lane,E01021561,Chelmsford 013C,Burglary,Investigation complete; no suspect identified,
1d520134213df943df725ca154f38aa7a44dd78d2af863e37d3397145b20f6f8,2014-08,Essex Police,Essex Police,0.506473,51.714309,On or near The Bringey,E01021561,Chelmsford 013C,Burglary,Investigation complete; no suspect identified,
5ddf9d46111595126c30405aa88239a2ad807c09daff6d61b13b456ff734f93c,2014-08,Essex Police,Essex Police,0.506473,51.714309,On or near The Bringey,E01021561,Chelmsford 013C,Burglary,Investigation complete; no suspect identified,
311937b126ca954df27ab7b8d7f50ac025e7e8dbe250b2d5c608a6d5757e290e,2014-08,Essex Police,Essex Police,0.514055,51.717366,On or near Leach Close,E01021561,Chelmsford 013C,Public order,Under investigation,
8067e6757d96f1094869ae5e4103ee7e836a7eeef6a5fa6fc0e3928f8d6fa6f5,2014-08,Essex Police,Essex Police,0.512253,51.715669,On or near Isaac Square,E01021561,Chelmsford 013C,Vehicle crime,Investigation complete; no suspect identified,
67cbfe9123b7c9b9c9a51797c4a54def0f2727b3e5c5f272b3e7336328b6d6c7,2014-08,Essex Police,Essex Police,0.514055,51.717366,On or near Leach Close,E01021561,Chelmsford 013C,Vehicle crime,Under investigation,
b0244b22d2396855a5c0ead4859d6468ba1fa048ceb3d86085f59df7bd63f904,2014-08,Essex Police,Essex Police,0.514055,51.717366,On or near Leach Close,E01021561,Chelmsford 013C,Violence and sexual offences,Awaiting court outcome,
010b4066ff53178825632d9f182bcc3e67853fa4ac258e43c40ed12e0a678ecd,2014-08,Essex Police,Essex Police,0.504541,51.714701,On or near Baddow Place Avenue,E01021561,Chelmsford 013C,Violence and sexual offences,Under investigation,
dd081d3b8be07dc24eed0d60922c8d85147cc6760b2f941b3edbc408b9842c45,2014-08,Essex Police,Essex Police,0.504541,51.714701,On or near Baddow Place Avenue,E01021561,Chelmsford 013C,Violence and sexual offences,Under investigation,
1b0448c40ed8f4b7ebded29b40fcc8f77806a48185f2e642c9857b9399b57f5f,2014-08,Essex Police,Essex Police,0.488719,51.722654,On or near Chelwater,E01021564,Chelmsford 013D,Robbery,Under investigation,
e984f0536eeaccc5501bce6468cee901cf4522c91ca67e0fb205b87eee781853,2014-08,Essex Police,Essex Police,0.518868,51.723729,On or near Sandford Mill Road,E01021571,Chelmsford 013E,Burglary,Under investigation,
162c1206a1f381acab2122ecb93ff2d402e9979f41bf3ed52437046ac4f13eb4,2014-08,Essex Police,Essex Police,0.522405,51.713131,On or near Card'S Road,E01021571,Chelmsford 013E,Burglary,Under investigation,
aa53906d4b95fcddf5f9981f5e1f85ca05e396b2bf1c87cc71391afcb520237c,2014-08,Essex Police,Essex Police,0.528246,51.698967,On or near Chalklands,E01021571,Chelmsford 013E,Other theft,Under investigation,
2f43359409732d9da5b38d2307aa549f14665923eef1b7705c154f4b19f13e1f,2014-08,Essex Police,Essex Police,0.535275,51.721146,On or near Sandon Brook Place,E01021571,Chelmsford 013E,Violence and sexual offences,Unable to prosecute suspect,
,2014-08,Essex Police,Essex Police,0.503656,51.709162,On or near Eastwood Park,E01021562,Chelmsford 014A,Anti-social behaviour,,
e35f565aaeb3e0644bca86b12afcd47338a96fda7af1e3fb9ab540f48000ca40,2014-08,Essex Police,Essex Police,0.503557,51.716286,On or near New Road,E01021562,Chelmsford 014A,Bicycle theft,Investigation complete; no suspect identified,
9510797620b65f7dc50cf236987e54d6ab4b7f2762c19bd9f6e13a7bd4c8e803,2014-08,Essex Police,Essex Police,0.503350,51.717001,On or near Barclay Close,E01021562,Chelmsford 014A,Burglary,Under investigation,
4ffbecd87a9212bfc0974b1f6c9ad055bad6167e002bff54a7927dc0ea9e9d97,2014-08,Essex Police,Essex Police,0.503656,51.709162,On or near Eastwood Park,E01021562,Chelmsford 014A,Criminal damage and arson,Offender given a caution,
192016437e291e2b0d3e40bbf61ca39a14d465396a656722bc60d09ea32ccbc5,2014-08,Essex Police,Essex Police,0.502389,51.710349,On or near Worcester Court,E01021562,Chelmsford 014A,Other theft,Under investigation,
6d052b79db1b9bdff3171789f500757b575d7c8cf6587d7258eaeb4770c2a080,2014-08,Essex Police,Essex Police,0.503656,51.709162,On or near Eastwood Park,E01021562,Chelmsford 014A,Other theft,Investigation complete; no suspect identified,
697f573e245398af0d79fb7099a13b0e8a2864905a7fa3430f90e0495825aa98,2014-08,Essex Police,Essex Police,0.503557,51.716286,On or near New Road,E01021562,Chelmsford 014A,Vehicle crime,Under investigation,
9e5311e81b7519cdfcc894391b56ecee3fffa10e76da17e8d730b8d3509c0eb2,2014-08,Essex Police,Essex Police,0.503557,51.716286,On or near New Road,E01021562,Chelmsford 014A,Vehicle crime,Investigation complete; no suspect identified,
31e5d5011a82a9440ddd91ba5d1d3652e5c3e1fdd93fa93890548627554c24b1,2014-08,Essex Police,Essex Police,0.503557,51.716286,On or near New Road,E01021562,Chelmsford 014A,Violence and sexual offences,Under investigation,
,2014-08,Essex Police,Essex Police,0.487174,51.722462,On or near Petrol Station,E01021563,Chelmsford 014B,Anti-social behaviour,,
,2014-08,Essex Police,Essex Police,0.490430,51.723742,On or near Parking Area,E01021563,Chelmsford 014B,Anti-social behaviour,,
,2014-08,Essex Police,Essex Police,0.488889,51.724692,On or near Meadgate Avenue,E01021563,Chelmsford 014B,Anti-social behaviour,,
,2014-08,Essex Police,Essex Police,0.483233,51.726116,On or near Meadgate Terrace,E01021563,Chelmsford 014B,Anti-social behaviour,,
,2014-08,Essex Police,Essex Police,0.483233,51.726116,On or near Meadgate Terrace,E01021563,Chelmsford 014B,Anti-social behaviour,,
,2014-08,Essex Police,Essex Police,0.484670,51.724071,On or near Baddow Road,E01021563,Chelmsford 014B,Anti-social behaviour,,
1c4ba84c836c36bcb13396ec661fefb6c62b6eae372b2942f75718eceb48b04f,2014-08,Essex Police,Essex Police,0.488889,51.724692,On or near Meadgate Avenue,E01021563,Chelmsford 014B,Burglary,Investigation complete; no suspect identified,
c48d413dbbd29878ae16e3c877c3c4d8ab188a37063d750c40a1d580a204ba9b,2014-08,Essex Police,Essex Police,0.484670,51.724071,On or near Baddow Road,E01021563,Chelmsford 014B,Burglary,Under investigation,
0118645421a40222672e34528f4b5c085c1e8c171fa7afd47594df888a2c22bf,2014-08,Essex Police,Essex Police,0.483233,51.726116,On or near Meadgate Terrace,E01021563,Chelmsford 014B,Burglary,Investigation complete; no suspect identified,
f7bf75c91b70b04711003383168736fdeca50cef02d86312d247f39210417f9f,2014-08,Essex Police,Essex Police,0.483233,51.726116,On or near Meadgate Terrace,E01021563,Chelmsford 014B,Criminal damage and arson,Investigation complete; no suspect identified,
a7f43390c159436f7d1bd7bbf518f3b4ac4d70258e3b023238a0f68a2e0cdc04,2014-08,Essex Police,Essex Police,0.488889,51.724692,On or near Meadgate Avenue,E01021563,Chelmsford 014B,Criminal damage and arson,Under investigation,
c74be79ad137e72656887ff46e6e3c35c09a7900ab14c59cbd076723fb693b8b,2014-08,Essex Police,Essex Police,0.493106,51.724225,On or near Mascalls Way,E01021563,Chelmsford 014B,Drugs,Under investigation,
9742ed3ba06d35512b98fa4636c65b72fedea464bea5272cd4c6b471ab6dbc80,2014-08,Essex Police,Essex Police,0.488889,51.724692,On or near Meadgate Avenue,E01021563,Chelmsford 014B,Vehicle crime,Investigation complete; no suspect identified,
2728113bb82d05ac7158b2ef6b73d84bce8427b868a38b0a91f1c7be15923b4c,2014-08,Essex Police,Essex Police,0.488889,51.724692,On or near Meadgate Avenue,E01021563,Chelmsford 014B,Violence and sexual offences,Under investigation,
bc3711c07caff9ebae26fa8538a713344883c22af3ff15006219a845d30b1d2a,2014-08,Essex Police,Essex Police,0.484670,51.724071,On or near Baddow Road,E01021563,Chelmsford 014B,Violence and sexual offences,Under investigation,
691e182c3109f6b394ed383266435f38fea3d3e7f19d21372ecbbf2e906a8245,2014-08,Essex Police,Essex Police,0.484670,51.724071,On or near Baddow Road,E01021563,Chelmsford 014B,Violence and sexual offences,Awaiting court outcome,
,2014-08,Essex Police,Essex Police,0.489100,51.715083,On or near Dorset Avenue,E01021565,Chelmsford 014C,Anti-social behaviour,,
,2014-08,Essex Police,Essex Police,0.489100,51.715083,On or near Dorset Avenue,E01021565,Chelmsford 014C,Anti-social behaviour,,
e0e16c0610156d398ecb2385615318f55f8be202730085f666f29f7bfe834971,2014-08,Essex Police,Essex Police,0.489565,51.716431,On or near Tydemans,E01021565,Chelmsford 014C,Criminal damage and arson,Investigation complete; no suspect identified,
bfc0b44793a34d629f13f0148782149df3ee324316ff7b70a83c58f9ec0ab5b3,2014-08,Essex Police,Essex Police,0.488594,51.714041,On or near Supermarket,E01021565,Chelmsford 014C,Criminal damage and arson,Investigation complete; no suspect identified,
c8ef28be93636d18eb3b344fe53d0e2f19edf70e5e68359097f0df91803ef90f,2014-08,Essex Police,Essex Police,0.489100,51.715083,On or near Dorset Avenue,E01021565,Chelmsford 014C,Public order,Under investigation,
9d1aa434c59d5ec7a1bab29413408f970e34b7e2963bdf6fb7945596856aa959,2014-08,Essex Police,Essex Police,0.491014,51.713567,On or near Readers Court,E01021565,Chelmsford 014C,Vehicle crime,Investigation complete; no suspect identified,
4953201a22700088f37ccc4ef23f4902d5b3643ede723443e19284b4ddfc4844,2014-08,Essex Police,Essex Police,0.488594,51.714041,On or near Supermarket,E01021565,Chelmsford 014C,Violence and sexual offences,Unable to prosecute suspect,
27d008f613b4ce795a9b5151b4e291b7f81924715347af7f0d06a6356f7e7669,2014-08,Essex Police,Essex Police,0.489565,51.716431,On or near Tydemans,E01021565,Chelmsford 014C,Violence and sexual offences,Awaiting court outcome,
72aefbeca9bf1e3c7fb6ec6bf41747f31bcdc915033008b1392a9ec6e2c6850f,2014-08,Essex Police,Essex Police,0.487935,51.718660,On or near Bramley Place,E01021565,Chelmsford 014C,Violence and sexual offences,Unable to prosecute suspect,
,2014-08,Essex Police,Essex Police,0.498958,51.713749,On or near Sports/Recreation Area,E01021566,Chelmsford 014D,Anti-social behaviour,,
6c7b47425943971e74dce87790c81f1eda9b91c605d1df73d73042c9302cf3a2,2014-08,Essex Police,Essex Police,0.487303,51.711623,On or near Gardeners,E01021566,Chelmsford 014D,Criminal damage and arson,Investigation complete; no suspect identified,
a92cd2ac9bb2b65714a8971ac6ee190a93ada4554a60732f92f160617ab603f5,2014-08,Essex Police,Essex Police,0.499784,51.712464,On or near Hanlee Brook,E01021566,Chelmsford 014D,Violence and sexual offences,Local resolution,
,2014-08,Essex Police,Essex Police,0.484710,51.722424,On or near Goodwin Close,E01033137,Chelmsford 014F,Anti-social behaviour,,
,2014-08,Essex Police,Essex Police,0.482913,51.719216,On or near Fairway,E01033137,Chelmsford 014F,Anti-social behaviour,,
,2014-08,Essex Police,Essex Police,0.485374,51.721070,On or near Rosseter Close,E01033137,Chelmsford 014F,Anti-social behaviour,,
9803caff3af6a0f750a7b5723b4b7d5ca104025099ff9eb4e751181846cd0fc8,2014-08,Essex Police,Essex Police,0.482913,51.719216,On or near Fairway,E01033137,Chelmsford 014F,Vehicle crime,Under investigation,
,2014-08,Essex Police,Essex Police,0.483172,51.717079,On or near Sawkins Gardens,E01033145,Chelmsford 014G,Anti-social behaviour,,
,2014-08,Essex Police,Essex Police,0.482392,51.717122,On or near Sawkins Avenue,E01033145,Chelmsford 014G,Anti-social behaviour,,
20af4bf6829f11c0cb170f600971299b6764bd3ce483fc50ae20804801318c0c,2014-08,Essex Police,Essex Police,0.481561,51.715152,On or near Honey Close,E01033145,Chelmsford 014G,Burglary,Under investigation,
833228bae87efb4c85123370500a89e0f6c7a0adb8f4f9fe1e29f364cd2e7ab2,2014-08,Essex Police,Essex Police,0.481561,51.715152,On or near Honey Close,E01033145,Chelmsford 014G,Criminal damage and arson,Investigation complete; no suspect identified,
30eba4cbdf3c1a1d09fa131e5fa79b0899be9bd41091f41f5879c6fd3f2d3399,2014-08,Essex Police,Essex Police,0.484463,51.717915,On or near Westbourne Grove,E01033145,Chelmsford 014G,Shoplifting,Under investigation,
,2014-08,Essex Police,Essex Police,0.476006,51.712860,On or near Firecrest Road,E01021557,Chelmsford 015A,Anti-social behaviour,,
f3d8cd293557333ee510115f4c7085c383106cb7deea0364700f5aa406b5a6f0,2014-08,Essex Police,Essex Police,0.476006,51.712860,On or near Firecrest Road,E01021557,Chelmsford 015A,Vehicle crime,Investigation complete; no suspect identified,
569bc656c11f9819620e516daef4fef09dbe1dc3c3a3bbd4422f5e6b45b2dcde,2014-08,Essex Police,Essex Police,0.469445,51.712008,On or near Linnet Drive,E01021557,Chelmsford 015A,Violence and sexual offences,Unable to prosecute suspect,
,2014-08,Essex Police,Essex Police,0.469167,51.709820,On or near Bunting Close,E01021558,Chelmsford 015B,Anti-social behaviour,,
,2014-08,Essex Police,Essex Police,0.465966,51.710328,On or near Mallard Road,E01021558,Chelmsford 015B,Anti-social behaviour,,
9b98a26bebe4d3e494cf33f5ba5f87342d95e20b6735737c3dfc6a7b9453547d,2014-08,Essex Police,Essex Police,0.466954,51.710910,On or near Robin Way,E01021558,Chelmsford 015B,Violence and sexual offences,Unable to prosecute suspect,
60a1f574b0d445feefca3631e274649ef54eb6a5361f69ee4c2251403f292675,2014-08,Essex Police,Essex Police,0.466954,51.710910,On or near Robin Way,E01021558,Chelmsford 015B,Violence and sexual offences,Unable to prosecute suspect,
,2014-08,Essex Police,Essex Police,0.477771,51.723416,On or near Waterson Vale,E01021583,Chelmsford 015C,Anti-social behaviour,,
,2014-08,Essex Police,Essex Police,0.477771,51.723416,On or near Waterson Vale,E01021583,Chelmsford 015C,Anti-social behaviour,,
,2014-08,Essex Police,Essex Police,0.477127,51.723034,On or near Supermarket,E01021583,Chelmsford 015C,Anti-social behaviour,,
,2014-08,Essex Police,Essex Police,0.475663,51.721158,On or near Sports/Recreation Area,E01021583,Chelmsford 015C,Anti-social behaviour,,
6ff29bd854e1a1fc66989b63ffa287c7836cbb98bb5df4223f1a3d7c4331af56,2014-08,Essex Police,Essex Police,0.475663,51.721158,On or near Sports/Recreation Area,E01021583,Chelmsford 015C,Bicycle theft,Investigation complete; no suspect identified,
150336e49a657b950d389e8e8630d83cfb3f96cb3e419d81366ed4fcc3287a7c,2014-08,Essex Police,Essex Police,0.482637,51.721578,On or near Whitfield Link,E01021583,Chelmsford 015C,Criminal damage and arson,Investigation complete; no suspect identified,
daf5dd03593596ecb13df2f8f273d69f602e2c4d878d266a9d200496ac347d09,2014-08,Essex Police,Essex Police,0.477995,51.720363,On or near Waltham Glen,E01021583,Chelmsford 015C,Criminal damage and arson,Investigation complete; no suspect identified,
8fdf554264c46baecf200c11d9f79dbad5a2302fae21fe4b80c7ad3854a77d6d,2014-08,Essex Police,Essex Police,0.477127,51.723034,On or near Supermarket,E01021583,Chelmsford 015C,Criminal damage and arson,Investigation complete; no suspect identified,
d3c5ce61ddfe5586d4ac45abda76a0f3a58e595e8ae930418bce21a50ff2f1da,2014-08,Essex Police,Essex Police,0.477316,51.722248,On or near Burghley Way,E01021583,Chelmsford 015C,Criminal damage and arson,Unable to prosecute suspect,
dfd179c13d6b3c7965713e0e3b81539d83e9cc5f65e5e2614933c4ecfe69a63f,2014-08,Essex Police,Essex Police,0.482168,51.720697,On or near Gunson Gate,E01021583,Chelmsford 015C,Drugs,Offender given community sentence,
d59b61d0d4ce83858f51337a93c4bcbe71f4d6767cdd33d80980f227ca21fbbd,2014-08,Essex Police,Essex Police,0.477127,51.723034,On or near Supermarket,E01021583,Chelmsford 015C,Other theft,Under investigation,
f354cb0dd6fdcc5c085638ab3d4a2ef76f946fc5ce145a64ec67a1f2af27c3a5,2014-08,Essex Police,Essex Police,0.477127,51.723034,On or near Supermarket,E01021583,Chelmsford 015C,Shoplifting,Under investigation,
af36c67420288e0adac73c22924e74d64f4984fef3f0484a79e63d89176ec562,2014-08,Essex Police,Essex Police,0.482637,51.721578,On or near Whitfield Link,E01021583,Chelmsford 015C,Vehicle crime,Awaiting court outcome,
,2014-08,Essex Police,Essex Police,0.473753,51.714274,On or near Laburnum Drive,E01021586,Chelmsford 015E,Anti-social behaviour,,
,2014-08,Essex Police,Essex Police,0.474503,51.716075,On or near Parking Area,E01021586,Chelmsford 015E,Anti-social behaviour,,
9f4b65a337059bd637d8dab618d036e309648a8fdae2c611733438f87b0b5c7e,2014-08,Essex Police,Essex Police,0.468738,51.716556,On or near Heath Drive,E01021586,Chelmsford 015E,Burglary,Investigation complete; no suspect identified,
,2014-08,Essex Police,Essex Police,0.582850,51.698444,On or near Bicknacre Road,E01021533,Chelmsford 016A,Anti-social behaviour,,
5ff9e2212c2af8718dec2d7fdf07d4b901fc97e9873d93ca3d66f3dfc4508f9a,2014-08,Essex Police,Essex Police,0.579297,51.691193,On or near Barbrook Way,E01021533,Chelmsford 016A,Violence and sexual offences,Unable to prosecute suspect,
,2014-08,Essex Police,Essex Police,0.555944,51.677350,On or near Geffrey Close,E01021535,Chelmsford 016B,Anti-social behaviour,,
,2014-08,Essex Police,Essex Police,0.556871,51.679695,On or near Coulde Dennis,E01021535,Chelmsford 016B,Anti-social behaviour,,
,2014-08,Essex Police,Essex Police,0.556385,51.680300,On or near Nicholson Place,E01021535,Chelmsford 016B,Anti-social behaviour,,
3062d3ac380c0848d608775d3d9989545a68be65e7a2c6d0e0deefbca3ed498e,2014-08,Essex Police,Essex Police,0.598558,51.665956,On or near The Street,E01021535,Chelmsford 016B,Criminal damage and arson,Under investigation,
da2c83adbb02707b62ee33a123b245619e9dbd99983c60a02997c0e280b11c27,2014-08,Essex Police,Essex Police,0.555138,51.677431,On or near Old Church Road,E01021535,Chelmsford 016B,Vehicle crime,Under investigation,
0ab4ecf67ff7560c592a4a0166a57d5e796633412ecb97d90aff7411d8fd081a,2014-08,Essex Police,Essex Police,0.566843,51.717618,On or near Mynards Way,E01021569,Chelmsford 016C,Burglary,Investigation complete; no suspect identified,
952910cb8e3229d7ff25a9bfa087d9812c34c1238cc7eee9dc5184414ab1c4a7,2014-08,Essex Police,Essex Police,0.573447,51.712285,On or near Parking Area,E01021569,Chelmsford 016C,Criminal damage and arson,Unable to prosecute suspect,
,2014-08,Essex Police,Essex Police,0.590660,51.719371,On or near Runsell View,E01021570,Chelmsford 016D,Anti-social behaviour,,
,2014-08,Essex Police,Essex Police,0.588698,51.720268,On or near Hopping Jacks Lane,E01021570,Chelmsford 016D,Anti-social behaviour,,
,2014-08,Essex Police,Essex Police,0.578130,51.716490,On or near Parking Area,E01021570,Chelmsford 016D,Anti-social behaviour,,
000beba4ddb9b86e6a0f93a873e0be2b2815aa4cc280c6859d68745aa0222270,2014-08,Essex Police,Essex Police,0.597669,51.712822,On or near Barley Mead,E01021570,Chelmsford 016D,Bicycle theft,Investigation complete; no suspect identified,
aeeec8519aef6f44622f096838f85bcbdf8a4758e24203a1b56fcac293b16c1b,2014-08,Essex Police,Essex Police,0.580958,51.719611,On or near Bakers Lane,E01021570,Chelmsford 016D,Burglary,Investigation complete; no suspect identified,
fed6b550788e780880509c4fd053b2d4476f5b9b7b532774ef5d0c785058b366,2014-08,Essex Police,Essex Police,0.584072,51.720649,On or near Hay Green,E01021570,Chelmsford 016D,Burglary,Investigation complete; no suspect identified,
6f37fa6eaf42da0a869736f0583343d79df4ed0c825643f43a2f3899b8c0de17,2014-08,Essex Police,Essex Police,0.595204,51.722112,On or near Twitty Fee,E01021570,Chelmsford 016D,Criminal damage and arson,Under investigation,
b4c9c71b3cc2ff793493f2d9347e0c02d0b795afe345488d3ca63b41bece152c,2014-08,Essex Police,Essex Police,0.593724,51.712711,On or near Mill Lane,E01021570,Chelmsford 016D,Public order,Under investigation,
,2014-08,Essex Police,Essex Police,0.589159,51.715654,On or near The Avenue,E01021572,Chelmsford 016E,Anti-social behaviour,,
,2014-08,Essex Police,Essex Police,0.587084,51.718118,On or near West Belvedere,E01021572,Chelmsford 016E,Anti-social behaviour,,
c572e193d86d70fd6da44fc68a890bb3a31209899c8ecfc678b12da36eb0c495,2014-08,Essex Police,Essex Police,0.594156,51.715705,On or near Landisdale,E01021572,Chelmsford 016E,Burglary,Investigation complete; no suspect identified,
d48fe46520738bae0eb8ff900f85e1b044aff9283c3c4ad0da8a842fde32f02d,2014-08,Essex Police,Essex Police,0.587084,51.718118,On or near West Belvedere,E01021572,Chelmsford 016E,Violence and sexual offences,Under investigation,
,2014-08,Essex Police,Essex Police,0.472503,51.700658,On or near Willowbank,E01021552,Chelmsford 017A,Anti-social behaviour,,
,2014-08,Essex Police,Essex Police,0.468329,51.700817,On or near Pyms Road,E01021552,Chelmsford 017A,Anti-social behaviour,,
e8c2934d8606c1dbd7451c7e8bdbb65d4c6a49061bb6c5260d5b8e0911d2adc7,2014-08,Essex Police,Essex Police,0.465417,51.697290,On or near Russell Gardens,E01021552,Chelmsford 017A,Burglary,Under investigation,
59f33e4bcdc12e165bd7ddb3df39c2a1e554ed613412f1b413b7a39a4f1a0f03,2014-08,Essex Police,Essex Police,0.465417,51.697290,On or near Russell Gardens,E01021552,Chelmsford 017A,Burglary,Investigation complete; no suspect identified,
9f3264efa36fab6e39de066370ad44e19150372ce932a6cb97302f7f1240177e,2014-08,Essex Police,Essex Police,0.466797,51.696587,On or near Twitten Lane,E01021552,Chelmsford 017A,Burglary,Investigation complete; no suspect identified,
ea639de51147b8c120606fd8af6937b61751644f16b6281058c2775e93f5b70f,2014-08,Essex Police,Essex Police,0.465013,51.696795,On or near Birches Walk,E01021552,Chelmsford 017A,Drugs,Under investigation,
25c0d99a7e6a57d61c63215e6c5cd09346a588c1e883e575ef16cb25b0483f3a,2014-08,Essex Police,Essex Police,0.458151,51.698882,On or near Bekeswell Lane,E01021552,Chelmsford 017A,Other theft,Under investigation,
2979b7828695d1d2668b62a168b6645e1475e0ac9583ab948e7170114aee8229,2014-08,Essex Police,Essex Police,0.465417,51.697290,On or near Russell Gardens,E01021552,Chelmsford 017A,Vehicle crime,Under investigation,
2c9f13e3a287fd2cebe6f95ea0bca8bffc74106500c0cdeb54ff908ef835116a,2014-08,Essex Police,Essex Police,0.475801,51.698502,On or near Supermarket,E01021553,Chelmsford 017B,Possession of weapons,Offender given community sentence,
,2014-08,Essex Police,Essex Police,0.475573,51.698039,On or near Barnard Road,E01021554,Chelmsford 017C,Anti-social behaviour,,
,2014-08,Essex Police,Essex Police,0.471939,51.696677,On or near Moretons,E01021554,Chelmsford 017C,Anti-social behaviour,,
,2014-08,Essex Police,Essex Police,0.471939,51.696677,On or near Moretons,E01021554,Chelmsford 017C,Anti-social behaviour,,
,2014-08,Essex Police,Essex Police,0.471939,51.696677,On or near Moretons,E01021554,Chelmsford 017C,Anti-social behaviour,,
,2014-08,Essex Police,Essex Police,0.474941,51.695462,On or near Lower Green,E01021554,Chelmsford 017C,Anti-social behaviour,,
,2014-08,Essex Police,Essex Police,0.470511,51.694908,On or near Badgers Close,E01021554,Chelmsford 017C,Anti-social behaviour,,
,2014-08,Essex Police,Essex Police,0.475573,51.698039,On or near Barnard Road,E01021554,Chelmsford 017C,Anti-social behaviour,,
,2014-08,Essex Police,Essex Police,0.475573,51.698039,On or near Barnard Road,E01021554,Chelmsford 017C,Anti-social behaviour,,
1e45c3c0734e0607773dccd56aec20cd6f0202e313265ee3205521a3c41bdcc1,2014-08,Essex Police,Essex Police,0.467214,51.694420,On or near Rous Chase,E01021554,Chelmsford 017C,Criminal damage and arson,Investigation complete; no suspect identified,
130ce8996a71a0e4af7d33b553df00cfb1ac73c30ead549cb6a09e3c9b0f7680,2014-08,Essex Police,Essex Police,0.474246,51.698112,On or near Home Mead,E01021554,Chelmsford 017C,Criminal damage and arson,Investigation complete; no suspect identified,
2a8420f7ab8cc802bb0fdc430d4ddacb46db0af38592a2e5b16212331a16215d,2014-08,Essex Police,Essex Police,0.471939,51.696677,On or near Moretons,E01021554,Chelmsford 017C,Drugs,Under investigation,
e79edb0c5ef0235cfe75cb164ae8c0ea0c506441d0994efdabb7c3a0c0c4337b,2014-08,Essex Police,Essex Police,0.471939,51.696677,On or near Moretons,E01021554,Chelmsford 017C,Other theft,Under investigation,
67d10f5a3d118bea2e99d47cff381cc29444034e4ffeecccb9ee764c07ce950a,2014-08,Essex Police,Essex Police,0.471939,51.696677,On or near Moretons,E01021554,Chelmsford 017C,Other theft,Under investigation,
dede8a43d6990bbc02ee0f9a9cf35466365ba4ea15781441a91a35398a9623f9,2014-08,Essex Police,Essex Police,0.471939,51.696677,On or near Moretons,E01021554,Chelmsford 017C,Public order,Unable to prosecute suspect,
b6010024a8fa4d130c285f3c4441e2ac7f50cfe632fd06181e8563eb0f8c07e0,2014-08,Essex Police,Essex Police,0.475573,51.698039,On or near Barnard Road,E01021554,Chelmsford 017C,Violence and sexual offences,Unable to prosecute suspect,
a4b01ff083ffbd50990470d642d9e91f74fc80271e12fc268b1c4fd53fc659c9,2014-08,Essex Police,Essex Police,0.475573,51.698039,On or near Barnard Road,E01021554,Chelmsford 017C,Violence and sexual offences,Under investigation,
ec50eeb07e0e2e412274bb572be971b40cf3b6df26148ce0bde3379ba94df30a,2014-08,Essex Police,Essex Police,0.471939,51.696677,On or near Moretons,E01021554,Chelmsford 017C,Violence and sexual offences,Unable to prosecute suspect,
,2014-08,Essex Police,Essex Police,0.472013,51.685290,On or near Bakers Lane,E01021555,Chelmsford 017D,Anti-social behaviour,,
,2014-08,Essex Police,Essex Police,0.479518,51.702434,On or near Arnold Way,E01021555,Chelmsford 017D,Anti-social behaviour,,
,2014-08,Essex Police,Essex Police,0.518976,51.702215,On or near Southend Road,E01021555,Chelmsford 017D,Anti-social behaviour,,
,2014-08,Essex Police,Essex Police,0.484749,51.703070,On or near Kirkmans Road,E01021555,Chelmsford 017D,Anti-social behaviour,,
d1e859647332919eff4deb982aa6645ea436a16f439c1bbee3817f0d936c1c36,2014-08,Essex Police,Essex Police,0.465247,51.704282,On or near Sports/Recreation Area,E01021555,Chelmsford 017D,Burglary,Under investigation,
b470810062b7309282d83a2c782b59429ff4acab57e03be20c9f462d914f2a55,2014-08,Essex Police,Essex Police,0.481222,51.702353,On or near Brograve Close,E01021555,Chelmsford 017D,Burglary,Under investigation,
7478a0c79b893c85e7369850b0b55b7260aa74630620e61e5751bbad2e68304d,2014-08,Essex Police,Essex Police,0.470200,51.704600,On or near Beehive Lane,E01021555,Chelmsford 017D,Burglary,Under investigation,
35713daf6aacbdef7e840388741ff6501bbf3159ccdb6b0544c53e9322cc05a3,2014-08,Essex Police,Essex Police,0.509379,51.695658,On or near Little And Great Sir Hughes Lane,E01021555,Chelmsford 017D,Other theft,Investigation complete; no suspect identified,
188db3a73df7d8d0924e0d30a2afb117a1c6566fa1aa007869c0e343c9259fe8,2014-08,Essex Police,Essex Police,0.483597,51.704489,On or near Barn Mead,E01021555,Chelmsford 017D,Other theft,Investigation complete; no suspect identified,
06333b7e19c8d5416f4e1e494a747ec38cb097abf844518f6d8dccdc20dba4ff,2014-08,Essex Police,Essex Police,0.484749,51.703070,On or near Kirkmans Road,E01021555,Chelmsford 017D,Public order,Unable to prosecute suspect,
0e964399950054090e5641b311dc28be7bac905eb00d893836bcf473e71b68df,2014-08,Essex Police,Essex Police,0.485379,51.709010,On or near Galleywood Road,E01021555,Chelmsford 017D,Vehicle crime,Investigation complete; no suspect identified,
abbb9b5d479d45681a943ab791fab043413eca80f9353dba27344fdd9143a43f,2014-08,Essex Police,Essex Police,0.484749,51.703070,On or near Kirkmans Road,E01021555,Chelmsford 017D,Vehicle crime,Investigation complete; no suspect identified,
48c3b5a96b18cdaec7713439d698bd95bf2e052b2793e8b74d686f9b41be658a,2014-08,Essex Police,Essex Police,0.492061,51.692321,On or near A12,E01021555,Chelmsford 017D,Vehicle crime,Investigation complete; no suspect identified,
6ec6bcff3b88f8ab7454115fd7a8d609463559b7626dbb319766786ee30a0443,2014-08,Essex Police,Essex Police,0.518976,51.702215,On or near Southend Road,E01021555,Chelmsford 017D,Vehicle crime,Investigation complete; no suspect identified,
d87ad9c78d8560b767805181e58d5dd6d621970bf8c76ec47453af39279eb449,2014-08,Essex Police,Essex Police,0.459206,51.700991,On or near Horse And Groom Lane,E01021559,Chelmsford 017E,Burglary,Investigation complete; no suspect identified,
ca1cd3f03448c5c842777ab20fa974e0e079f13cf391cbbfa19540a956fc5940,2014-08,Essex Police,Essex Police,0.462775,51.703003,On or near Running Mare Lane,E01021559,Chelmsford 017E,Burglary,Investigation complete; no suspect identified,
d927f6344a57b52330cf287ca0007a97fc6152be6fd5ca915d12064bda4057a4,2014-08,Essex Police,Essex Police,0.463880,51.709490,On or near Galleywood Road,E01021559,Chelmsford 017E,Violence and sexual offences,Under investigation,
,2014-08,Essex Police,Essex Police,0.439181,51.663413,On or near Vernon Corner,E01021602,Chelmsford 018B,Anti-social behaviour,,
,2014-08,Essex Police,Essex Police,0.433857,51.656347,On or near Herward Mount,E01021602,Chelmsford 018B,Anti-social behaviour,,
,2014-08,Essex Police,Essex Police,0.410240,51.689740,On or near Penny'S Lane,E01021602,Chelmsford 018B,Anti-social behaviour,,
,2014-08,Essex Police,Essex Police,0.420091,51.689420,On or near Orton Close,E01021602,Chelmsford 018B,Anti-social behaviour,,
7522a7d9edbe2ab090d143dcc2e74789ce2a4dfed7997cff18a4314d021c5669,2014-08,Essex Police,Essex Police,0.429038,51.690602,On or near Maldon Road,E01021602,Chelmsford 018B,Burglary,Under investigation,
0473f0cebcd5f0fad58f56b6bbaa3bddd7a453e09d30b0aeacc87627ba7f5e38,2014-08,Essex Police,Essex Police,0.437342,51.670915,On or near Swan Lane,E01021602,Chelmsford 018B,Burglary,Investigation complete; no suspect identified,
2710ce2270f8ed857b51744a68d1c0a14ab5081523efc4510d712cf3cb051d26,2014-08,Essex Police,Essex Police,0.410240,51.689740,On or near Penny'S Lane,E01021602,Chelmsford 018B,Criminal damage and arson,Investigation complete; no suspect identified,
0d2692356cd9efff34d8f867b85ed24d5a690b3166fd5f9118537452296368a4,2014-08,Essex Police,Essex Police,0.398536,51.680195,On or near High Street,E01021602,Chelmsford 018B,Vehicle crime,Under investigation,
94049bd6fb4cbed677f9a25cd5eab782bd15a76daab3c464896f1ac30af6f83c,2014-08,Essex Police,Essex Police,0.439181,51.663413,On or near Vernon Corner,E01021602,Chelmsford 018B,Violence and sexual offences,Unable to prosecute suspect,
,2014-08,Essex Police,Essex Police,0.470700,51.639120,On or near Norton Place,E01021604,Chelmsford 018D,Anti-social behaviour,,
,2014-08,Essex Police,Essex Police,0.512479,51.647379,On or near South Hanningfield Road,E01021604,Chelmsford 018D,Anti-social behaviour,,
,2014-08,Essex Police,Essex Police,0.472273,51.635615,On or near Lindhurst Drive,E01021604,Chelmsford 018D,Anti-social behaviour,,
d517eed404cfede5203bdd95bb5f150cfae6ea465d3650ca78a266b730624ffb,2014-08,Essex Police,Essex Police,0.467548,51.636164,On or near St Johns Place,E01021604,Chelmsford 018D,Burglary,Under investigation,
c521cc4a02fc61d2947af982ba293d1f8c24e244007a7b96cdbb057bf82a91a8,2014-08,Essex Police,Essex Police,0.491416,51.646047,On or near Hawkswood Road,E01021604,Chelmsford 018D,Other theft,Investigation complete; no suspect identified,
84d5f4ab0ddc896cb106066ae80d4ee897c4755984cfc1d95961ceda3f415062,2014-08,Essex Police,Essex Police,0.521198,51.652363,On or near Church Lane,E01021604,Chelmsford 018D,Vehicle crime,Under investigation,
,2014-08,Essex Police,Essex Police,0.470945,51.641768,On or near Dowsetts Lane,E01033143,Chelmsford 018E,Anti-social behaviour,,
,2014-08,Essex Police,Essex Police,0.470236,51.684536,On or near Bakers Lane,E01033143,Chelmsford 018E,Anti-social behaviour,,
,2014-08,Essex Police,Essex Police,0.507320,51.666267,On or near Middlemead,E01033143,Chelmsford 018E,Anti-social behaviour,,
,2014-08,Essex Police,Essex Police,0.440082,51.664293,On or near Dakyn Drive,E01033143,Chelmsford 018E,Anti-social behaviour,,
2e6ec292a9050df0d39c84daa38bf51f9dbf479cd0ebd6faa14d3fd3b957f9ea,2014-08,Essex Police,Essex Police,0.463491,51.677564,On or near Petrol Station,E01033143,Chelmsford 018E,Burglary,Investigation complete; no suspect identified,
fcd251cde482fb882c3b57a8dfc15e4013b3f0bf9c3e5fb55a33f1ab577d17ba,2014-08,Essex Police,Essex Police,0.449528,51.663018,On or near Garden End,E01033143,Chelmsford 018E,Burglary,Investigation complete; no suspect identified,
d4298959c43d0a8a1606d1a8d80e91d96dda075f6c74b4a98d6bb9a33e3fd5fe,2014-08,Essex Police,Essex Police,0.470840,51.658164,On or near Great Prestons Lane,E01033143,Chelmsford 018E,Criminal damage and arson,Under investigation,
a4e60834a0b45b3401765997cf931903a4de073e34b9555f140eacfd62be7902,2014-08,Essex Police,Essex Police,0.502202,51.637949,On or near Sudbury Road,E01033143,Chelmsford 018E,Criminal damage and arson,Unable to prosecute suspect,
f613fd2c9d61425f97c6bad1a1cb7feac9cafc7b5d8fdf2543e3ea8ac7bd6b8a,2014-08,Essex Police,Essex Police,0.464203,51.660570,On or near Downham Road,E01033143,Chelmsford 018E,Criminal damage and arson,Investigation complete; no suspect identified,
01e1a9c34b672b2ad5839a521f9ee3ed8b884af609c2dd786d21d3c1fc94d1ea,2014-08,Essex Police,Essex Police,0.463491,51.677564,On or near Petrol Station,E01033143,Chelmsford 018E,Other theft,Under investigation,
51b0bead4d1c2a7868eef5b018450cdac9dd4c31ded4c985b9957f67a6ff0465,2014-08,Essex Police,Essex Police,0.451981,51.644980,On or near Goatsmoor Lane,E01033143,Chelmsford 018E,Other theft,Investigation complete; no suspect identified,
a2a698812cf7cd685fc3fe94757222a2d6bca3c762238c60c470e6e80dd83b29,2014-08,Essex Police,Essex Police,0.474315,51.682400,On or near Shopping Area,E01033143,Chelmsford 018E,Other theft,Under investigation,
07349626867bc0fafd52b5a0cc540cfad0abd277bf47d81667e3a367fee4a2f0,2014-08,Essex Police,Essex Police,0.474315,51.682400,On or near Shopping Area,E01033143,Chelmsford 018E,Other theft,Unable to prosecute suspect,
434a9aebe3e4970670f37961e71aafac24fba891f15ffef9ee3d3adf4a09fb2f,2014-08,Essex Police,Essex Police,0.463491,51.677564,On or near Petrol Station,E01033143,Chelmsford 018E,Other theft,Under investigation,
741a98d9a051ea60dc67f99651ad7004c80524bfa3c9e8a7a33f40a1d5537863,2014-08,Essex Police,Essex Police,0.492619,51.636894,On or near School Road,E01033143,Chelmsford 018E,Theft from the person,Investigation complete; no suspect identified,
8d69ef90607de4ed6f65ca87707d29a407cb5e0c11a539eda84ef62107334944,2014-08,Essex Police,Essex Police,0.442166,51.663522,On or near Back Lane,E01033143,Chelmsford 018E,Vehicle crime,Under investigation,
6213174bbfb01cf0f69930a3730707414f1428d76df80261f53874d25de41503,2014-08,Essex Police,Essex Police,0.493134,51.671300,On or near Holliday Hill,E01033143,Chelmsford 018E,Vehicle crime,Investigation complete; no suspect identified,
,2014-08,Essex Police,Essex Police,0.612560,51.651417,On or near King Edward'S Road,E01021611,Chelmsford 019A,Anti-social behaviour,,
,2014-08,Essex Police,Essex Police,0.613375,51.648998,On or near Bandhills Close,E01021612,Chelmsford 019B,Anti-social behaviour,,
,2014-08,Essex Police,Essex Police,0.614793,51.648778,On or near Algars Way,E01021612,Chelmsford 019B,Anti-social behaviour,,
,2014-08,Essex Police,Essex Police,0.615114,51.646810,On or near Bushey Close,E01021612,Chelmsford 019B,Anti-social behaviour,,
64222cff339e24673da18fa26168b98c9d21794fc66e7729649f006b07a6bd5b,2014-08,Essex Police,Essex Police,0.616117,51.650673,On or near Bridgend Close,E01021612,Chelmsford 019B,Violence and sexual offences,Offender given a caution,
fe6145b39a34fcc31d33c3a267ba452f44eefea0a217ca31a75b3795076f4123,2014-08,Essex Police,Essex Police,0.615627,51.651466,On or near Millars Close,E01021612,Chelmsford 019B,Violence and sexual offences,Under investigation,
,2014-08,Essex Police,Essex Police,0.617481,51.643493,On or near Queen Elizabeth Way,E01021613,Chelmsford 019C,Anti-social behaviour,,
,2014-08,Essex Police,Essex Police,0.618757,51.644561,On or near Reeves Way,E01021613,Chelmsford 019C,Anti-social behaviour,,
,2014-08,Essex Police,Essex Police,0.620104,51.645116,On or near Trinity Row,E01021613,Chelmsford 019C,Anti-social behaviour,,
,2014-08,Essex Police,Essex Police,0.620498,51.644675,On or near Brickfields Road,E01021613,Chelmsford 019C,Anti-social behaviour,,
,2014-08,Essex Police,Essex Police,0.619153,51.644409,On or near Shopping Area,E01021613,Chelmsford 019C,Anti-social behaviour,,
,2014-08,Essex Police,Essex Police,0.616084,51.642570,On or near Tallow Gate,E01021613,Chelmsford 019C,Anti-social behaviour,,
,2014-08,Essex Police,Essex Police,0.618757,51.644561,On or near Reeves Way,E01021613,Chelmsford 019C,Anti-social behaviour,,
,2014-08,Essex Police,Essex Police,0.617481,51.643493,On or near Queen Elizabeth Way,E01021613,Chelmsford 019C,Anti-social behaviour,,
,2014-08,Essex Police,Essex Police,0.619153,51.644409,On or near Shopping Area,E01021613,Chelmsford 019C,Anti-social behaviour,,
,2014-08,Essex Police,Essex Police,0.611695,51.647686,On or near Green Lane,E01021613,Chelmsford 019C,Anti-social behaviour,,
9d7888f6983d9107f73f2a72752aef633dfaf05575aa66b4f0dee1dc0e411dfa,2014-08,Essex Police,Essex Police,0.617205,51.646233,On or near Tutors Way,E01021613,Chelmsford 019C,Criminal damage and arson,Under investigation,
ae1000bd2f498225a58de76b47d0103c7dff21935af7fe28aace7edfe85a7bba,2014-08,Essex Police,Essex Police,0.617481,51.643493,On or near Queen Elizabeth Way,E01021613,Chelmsford 019C,Criminal damage and arson,Investigation complete; no suspect identified,
bacb6c3b1a2970b9e3a30b1e1b65ce5d6cbc9d014c82d4dadbaaa336a508e69d,2014-08,Essex Police,Essex Police,0.618834,51.642896,On or near Petrol Station,E01021613,Chelmsford 019C,Criminal damage and arson,Investigation complete; no suspect identified,
c99d7279a4a2f3250d2f69d4ed764ff18206a2cd0b1ce43ea2b68379cd31adb0,2014-08,Essex Police,Essex Police,0.617481,51.643493,On or near Queen Elizabeth Way,E01021613,Chelmsford 019C,Other theft,Investigation complete; no suspect identified,
c3f789cd4f493fc201b37f7c03dc989b7f6a605de11e38c0023dc26d41ebfa71,2014-08,Essex Police,Essex Police,0.617224,51.645045,On or near Parking Area,E01021613,Chelmsford 019C,Other theft,Investigation complete; no suspect identified,
bc9284d2603a61b867e74877d2c0e9960855d13c3df7ccb9c780ae5f23e62a72,2014-08,Essex Police,Essex Police,0.621020,51.644196,On or near Tylers Ride,E01021613,Chelmsford 019C,Other theft,Under investigation,
5d40bd8b572453d1042da76ddfb5570766cc6f9f0e82bb69b8c65cb84bd5ea9a,2014-08,Essex Police,Essex Police,0.618757,51.644561,On or near Reeves Way,E01021613,Chelmsford 019C,Shoplifting,Under investigation,
34175d31a21118b4940fc302bd609ed4b85d8d4481ab4a5eaf1d6212b00aa845,2014-08,Essex Police,Essex Police,0.617481,51.643493,On or near Queen Elizabeth Way,E01021613,Chelmsford 019C,Shoplifting,Under investigation,
7aacbfadbb347ad68c6cf0a86ab8cd1ea6e278378ca26f0a4b92cf5fa68ccd80,2014-08,Essex Police,Essex Police,0.617481,51.643493,On or near Queen Elizabeth Way,E01021613,Chelmsford 019C,Shoplifting,Under investigation,
f3202408cc384ffadca2a6836fbe685b406183992ffd47aef18f9ee642809350,2014-08,Essex Police,Essex Police,0.617481,51.643493,On or near Queen Elizabeth Way,E01021613,Chelmsford 019C,Shoplifting,Under investigation,
6c500a2d57aa2c7b534584f35c8ecbf0ef76ac7bb7e8663e0d4bf3128b255056,2014-08,Essex Police,Essex Police,0.621527,51.650984,On or near Redhills Road,E01021613,Chelmsford 019C,Vehicle crime,Investigation complete; no suspect identified,
de07ffbd96527be09094becba14970da1380edb5c7a951e6040fdf09376c8514,2014-08,Essex Police,Essex Police,0.616905,51.644288,On or near Knight Street,E01021613,Chelmsford 019C,Vehicle crime,Investigation complete; no suspect identified,
937a34f3b6c4cb5cd0cf2978f619284a585be92715c395f2318e8b5d4d48a1f5,2014-08,Essex Police,Essex Police,0.617481,51.643493,On or near Queen Elizabeth Way,E01021613,Chelmsford 019C,Violence and sexual offences,Under investigation,
972111b00cb6ed7144394c72d21fb3fdc9d3611a997ff6294053cdb5bab53295,2014-08,Essex Police,Essex Police,0.621020,51.644196,On or near Tylers Ride,E01021613,Chelmsford 019C,Violence and sexual offences,Local resolution,
,2014-08,Essex Police,Essex Police,0.605213,51.652390,On or near The Tabrums,E01021614,Chelmsford 019D,Anti-social behaviour,,
ffd864159523ea56df098e60cbeeebb668ae8200a2aba13e81ce14881ec72aa0,2014-08,Essex Police,Essex Police,0.604750,51.651870,On or near Kings Way,E01021614,Chelmsford 019D,Vehicle crime,Investigation complete; no suspect identified,
49a9102e8deff87fb132233957a09ca786a7e03588da65923c03b5454c54b1e2,2014-08,Essex Police,Essex Police,0.599850,51.650629,On or near Meadow Mews,E01021614,Chelmsford 019D,Vehicle crime,Investigation complete; no suspect identified,
,2014-08,Essex Police,Essex Police,0.610661,51.645299,On or near Hullbridge Road,E01021615,Chelmsford 019E,Anti-social behaviour,,
3ebe71b405d260d38d008608d6cfad5061fbcb1f3e26f84492ca6ee01db97a26,2014-08,Essex Police,Essex Police,0.608761,51.642167,On or near Charlotte Court,E01021615,Chelmsford 019E,Burglary,Unable to prosecute suspect,
5b2855683d3a355a310a921ff126f28a99ddbb9b26aebb80539ac26d081b5ca6,2014-08,Essex Police,Essex Police,0.610543,51.642244,On or near Victoria Road,E01021615,Chelmsford 019E,Violence and sexual offences,Under investigation,
65c38b9827dbde9fcc5f32f039a7cfc1c91ce4c027efa477b7e993015b2cc02b,2014-08,Essex Police,Essex Police,0.610661,51.645299,On or near Hullbridge Road,E01021615,Chelmsford 019E,Violence and sexual offences,Local resolution,
1eca79b5245cbe286b415a005aaba657ab5201add87a352cc214ac2df288c966,2014-08,Essex Police,Essex Police,0.618157,51.639161,On or near Blackwood Chine,E01021605,Chelmsford 020A,Other theft,Investigation complete; no suspect identified,
,2014-08,Essex Police,Essex Police,0.599599,51.641947,On or near Treebeard Copse,E01021606,Chelmsford 020B,Anti-social behaviour,,
,2014-08,Essex Police,Essex Police,0.606613,51.634453,On or near Arlington Square,E01021606,Chelmsford 020B,Anti-social behaviour,,
,2014-08,Essex Police,Essex Police,0.603484,51.642410,On or near Westmarch,E01021606,Chelmsford 020B,Anti-social behaviour,,
,2014-08,Essex Police,Essex Police,0.599599,51.641947,On or near Treebeard Copse,E01021606,Chelmsford 020B,Anti-social behaviour,,
,2014-08,Essex Police,Essex Police,0.600679,51.642391,On or near Galadriel Spring,E01021606,Chelmsford 020B,Anti-social behaviour,,
,2014-08,Essex Police,Essex Police,0.600619,51.642096,On or near The Withywindle,E01021606,Chelmsford 020B,Anti-social behaviour,,
88e2a6fb47c7518855dd90718ce61415fa80ded5d2e51c30b3ba8fa42dbb8218,2014-08,Essex Police,Essex Police,0.612936,51.631318,On or near Parking Area,E01021606,Chelmsford 020B,Criminal damage and arson,Investigation complete; no suspect identified,
b690fc0ef8a899f477a8b388cf0e8b728bfdaef1d0edc56bd218184ae02c176b,2014-08,Essex Police,Essex Police,0.606613,51.634453,On or near Arlington Square,E01021606,Chelmsford 020B,Other theft,Under investigation,
c90e7ea7656ddec6ad5e8f7fe2a0cda153aefcc6f80aab7dae25cdebf024e563,2014-08,Essex Police,Essex Police,0.600350,51.640933,On or near Celeborn Street,E01021606,Chelmsford 020B,Violence and sexual offences,Under investigation,
850d1b1b2cc462228751550ed4b36d11e5a7d817e81140532a752a12fbbda568,2014-08,Essex Police,Essex Police,0.602938,51.642467,On or near Bree Hill,E01021606,Chelmsford 020B,Violence and sexual offences,Under investigation,
53d1884948f960693f6121e2553803f732710e23b59be6efe5965b95db962be9,2014-08,Essex Police,Essex Police,0.600350,51.640933,On or near Celeborn Street,E01021606,Chelmsford 020B,Violence and sexual offences,Under investigation,
,2014-08,Essex Police,Essex Police,0.607052,51.639588,On or near Goldberry Mead,E01021607,Chelmsford 020C,Anti-social behaviour,,
1171b7399a408db7a645607b2b1e50b29c0254bc33ab9c3e04785263f33fa203,2014-08,Essex Police,Essex Police,0.607052,51.639588,On or near Goldberry Mead,E01021607,Chelmsford 020C,Burglary,Under investigation,
d138867545ea34167a21dafb002ac25ee72464ad11a7432ad8a6d2b37646305b,2014-08,Essex Police,Essex Police,0.606909,51.638107,On or near Tighfield Walk,E01021607,Chelmsford 020C,Criminal damage and arson,Under investigation,
,2014-08,Essex Police,Essex Police,0.614321,51.640829,On or near Littlecroft,E01021608,Chelmsford 020D,Anti-social behaviour,,
97adbef88e44f9c747ee312c168d0bef3a6ff120ba6cd4b29b593d6ebf94dff3,2014-08,Essex Police,Essex Police,0.616436,51.639658,On or near Hallowell Down,E01021608,Chelmsford 020D,Public order,Under investigation,
691b83d4816a6ab699e1507d0cc7dab9ed88f15676a9f2103ad41aba15cc525b,2014-08,Essex Police,Essex Police,0.617072,51.640147,On or near Berry Vale,E01021608,Chelmsford 020D,Violence and sexual offences,Under investigation,
df84eab015a88dd45c2d20e92fac60ed7ac6659eb81338c92e138cb9c01b3843,2014-08,Essex Police,Essex Police,0.617106,51.641504,On or near Nelson Place,E01021608,Chelmsford 020D,Violence and sexual offences,Unable to prosecute suspect,
221c460368c026362ce5ecfa781dfbea4290324158a2b45c46cfc4f27f0ef473,2014-08,Essex Police,Essex Police,0.616436,51.639658,On or near Hallowell Down,E01021608,Chelmsford 020D,Violence and sexual offences,Unable to prosecute suspect,
0efb340399b4279b0dc9162e72aaf0f4f3dfc2a03cb6e780c4dd227f0d90089b,2014-08,Essex Police,Essex Police,0.613939,51.638211,On or near Finchland View,E01021609,Chelmsford 020E,Burglary,Investigation complete; no suspect identified,
28edcfc1d0c0953db6544614adb7e708b3df64431c5c828854d0c5e0487bb005,2014-08,Essex Police,Essex Police,0.608577,51.635435,On or near Ormesby Chine,E01021609,Chelmsford 020E,Burglary,Under investigation,
,2014-08,Essex Police,Essex Police,0.622181,51.641778,On or near Merton Place,E01021610,Chelmsford 020F,Anti-social behaviour,,
,2014-08,Essex Police,Essex Police,0.624272,51.641938,On or near Beatty Rise,E01021610,Chelmsford 020F,Anti-social behaviour,,
407c1a7fd45db542934c8e900b2aa1eb3a60f292b129427fc91032539778ebf3,2014-08,Essex Police,Essex Police,0.620459,51.642239,On or near Culver Rise,E01021610,Chelmsford 020F,Burglary,Under investigation,
3275e5ffbadf3dc564173f8efa5373302d5b3f4b5edbd3b478975dfb0bf55f59,2014-08,Essex Police,Essex Police,0.621058,51.643350,On or near Thornborough Avenue,E01021610,Chelmsford 020F,Drugs,Awaiting court outcome,
c95680a8e33a3c1fa1a22f53fd25318da125a227ec84e0a46801a6f7122e23a5,2014-08,Essex Police,Essex Police,0.621880,51.641308,On or near Anson Close,E01021610,Chelmsford 020F,Public order,Unable to prosecute suspect,
2cdaeed085e5eb6d3d8cc5acce12979d833ba69dd3a235b046b433beae8dcf1d,2014-08,Essex Police,Essex Police,0.621618,51.642780,On or near Spencer Court,E01021610,Chelmsford 020F,Violence and sexual offences,Under investigation,
5af8c60d0b13baa9ba9fe45e942d40ffc40b0ab452c5946a107c0c3a0501a852,2014-08,Essex Police,Essex Police,0.621618,51.642780,On or near Spencer Court,E01021610,Chelmsford 020F,Violence and sexual offences,Under investigation,
a1cde5d99630d59b565d1b9f9f4587118d8029dbcaf025fee58cb4c874044a9b,2014-08,Essex Police,Essex Police,0.621618,51.642780,On or near Spencer Court,E01021610,Chelmsford 020F,Violence and sexual offences,Under investigation,
013240391ace97c17a6b72822e78cafd0f373b3c29585b3ab5bb072f9c3bb13a,2014-08,Essex Police,Essex Police,0.621058,51.643350,On or near Thornborough Avenue,E01021610,Chelmsford 020F,Violence and sexual offences,Local resolution,
,2014-08,Essex Police,Essex Police,0.529481,51.621968,On or near Locarno Avenue,E01021593,Chelmsford 021A,Anti-social behaviour,,
ab70647733aaf0918fda9f1b75980007fcc816b9887b82c6256ebfaf057f278f,2014-08,Essex Police,Essex Police,0.529481,51.621968,On or near Locarno Avenue,E01021593,Chelmsford 021A,Burglary,Investigation complete; no suspect identified,
ff19dc091b3bdd3bb0a10ed5b6d011c740cd68d358ffd95b3e35cb73416d5f1d,2014-08,Essex Police,Essex Police,0.521709,51.622252,On or near Keith Avenue,E01021593,Chelmsford 021A,Burglary,Investigation complete; no suspect identified,
,2014-08,Essex Police,Essex Police,0.563053,51.628020,On or near A132,E01021594,Chelmsford 021B,Anti-social behaviour,,
,2014-08,Essex Police,Essex Police,0.572081,51.624396,On or near Maltings Road,E01021594,Chelmsford 021B,Anti-social behaviour,,
,2014-08,Essex Police,Essex Police,0.572081,51.624396,On or near Maltings Road,E01021594,Chelmsford 021B,Anti-social behaviour,,
,2014-08,Essex Police,Essex Police,0.563053,51.628020,On or near A132,E01021594,Chelmsford 021B,Anti-social behaviour,,
7ec768214938e496a049c1e9c23de0ef08c915c6c7560b1f8893aa4257de0e7a,2014-08,Essex Police,Essex Police,0.551292,51.632674,On or near A130,E01021594,Chelmsford 021B,Bicycle theft,Investigation complete; no suspect identified,
f513ccf8093997bc7178fab3e7a86dfc99e4f2a6e0ea3e47b65c603bfd310a89,2014-08,Essex Police,Essex Police,0.557861,51.635391,On or near Church Chase,E01021594,Chelmsford 021B,Other theft,Investigation complete; no suspect identified,
5d423c3b7b8cc0c6218f2d2f8651634ae1355c46c4d93e5746b9b1085ecda1b9,2014-08,Essex Police,Essex Police,0.540480,51.655383,On or near Old Barn Lane,E01021594,Chelmsford 021B,Vehicle crime,Under investigation,
d8655f7354a6d8607c661b43f032310307b562145eccbca2f4a4a092ee35df37,2014-08,Essex Police,Essex Police,0.540480,51.655383,On or near Old Barn Lane,E01021594,Chelmsford 021B,Vehicle crime,Under investigation,
484345a77a4078a49d8afef0380d06a309ba806251c4e7819fa24d434fc86368,2014-08,Essex Police,Essex Police,0.545541,51.652566,On or near Park/Open Space,E01021594,Chelmsford 021B,Vehicle crime,Under investigation,
4c8976ce710c4ad7b0166229610879d14b4dbe57bbf8cf53f0c4f5b28ee91bc1,2014-08,Essex Police,Essex Police,0.540480,51.655383,On or near Old Barn Lane,E01021594,Chelmsford 021B,Vehicle crime,Under investigation,
f3f033a888e0f3447359d11248794e09224f32ba5b4c9be395ed4c072d525ab5,2014-08,Essex Police,Essex Police,0.563053,51.628020,On or near A132,E01021594,Chelmsford 021B,Vehicle crime,Investigation complete; no suspect identified,
27e2d438f2eec6839315042a381dfdf515613156f0e070d96043226c94e2877e,2014-08,Essex Police,Essex Police,0.540480,51.655383,On or near Old Barn Lane,E01021594,Chelmsford 021B,Vehicle crime,Under investigation,
2cfe88e64022f1941fb4c52d4e058d3c0d681325231899bbc3fed79263306cd7,2014-08,Essex Police,Essex Police,0.554355,51.641664,On or near Hall Cottages,E01021594,Chelmsford 021B,Vehicle crime,Investigation complete; no suspect identified,
2a690da12f46db2327f5baf69a083f1ae84cc98266c4c16dcd846a59ea41d994,2014-08,Essex Police,Essex Police,0.541834,51.629201,On or near Lynfords Avenue,E01021594,Chelmsford 021B,Violence and sexual offences,Under investigation,
1069fc9a2046d2486d61339b7f9029bfa92ffc6d1099827de1632b945b0df0b8,2014-08,Essex Police,Essex Police,0.541834,51.629201,On or near Lynfords Avenue,E01021594,Chelmsford 021B,Violence and sexual offences,Under investigation,
5f36d59f0f9e791e1165b8c6b443bd7b6bac4d597b37f89aef9c86bc8b855920,2014-08,Essex Police,Essex Police,0.541834,51.629201,On or near Lynfords Avenue,E01021594,Chelmsford 021B,Violence and sexual offences,Under investigation,
6fa5c30e0ab9a971e14da2a0195d4f2572dfd074ced203d645aed3b163a67884,2014-08,Essex Police,Essex Police,0.541834,51.629201,On or near Lynfords Avenue,E01021594,Chelmsford 021B,Violence and sexual offences,Under investigation,
a86b2af7ac4fab7f66ac1cfeabe83e470ab28716ece27a03429e3aa2c2dcf50c,2014-08,Essex Police,Essex Police,0.541834,51.629201,On or near Lynfords Avenue,E01021594,Chelmsford 021B,Violence and sexual offences,Under investigation,
,2014-08,Essex Police,Essex Police,0.531909,51.628975,On or near Meadow Lane,E01021595,Chelmsford 021C,Anti-social behaviour,,
,2014-08,Essex Police,Essex Police,0.525594,51.624560,On or near Church End Lane,E01021595,Chelmsford 021C,Anti-social behaviour,,
,2014-08,Essex Police,Essex Police,0.515692,51.625520,On or near Delmar Gardens,E01021595,Chelmsford 021C,Anti-social behaviour,,
,2014-08,Essex Police,Essex Police,0.531909,51.628975,On or near Meadow Lane,E01021595,Chelmsford 021C,Anti-social behaviour,,
,2014-08,Essex Police,Essex Police,0.526856,51.626988,On or near South Hanningfield Way,E01021595,Chelmsford 021C,Anti-social behaviour,,
d3883e3b737a23bc031a9268fb349586ed49831cb7a3621d4eaaa61db5bd7d65,2014-08,Essex Police,Essex Police,0.525594,51.624560,On or near Church End Lane,E01021595,Chelmsford 021C,Burglary,Under investigation,
8a2e2d5af6dd5c4f848f93670435ec0265bdd463d2f6540672ad1282dc1c2fa1,2014-08,Essex Police,Essex Police,0.540582,51.624372,On or near Browns Avenue,E01021595,Chelmsford 021C,Burglary,Under investigation,
dd96fc56fa771990d910476c3418ad9db1bf0a416845da4fc58e9cc77ac283cb,2014-08,Essex Police,Essex Police,0.526856,51.626988,On or near South Hanningfield Way,E01021595,Chelmsford 021C,Criminal damage and arson,Investigation complete; no suspect identified,
516bad2862dd81c3e01b87693b4c90f7c75fa446291fe9f78d455eff936977eb,2014-08,Essex Police,Essex Police,0.526856,51.626988,On or near South Hanningfield Way,E01021595,Chelmsford 021C,Criminal damage and arson,Under investigation,
cd45149752f8ae6e0adfa35d9b036e70a50d0e9eb0a49ca69fb32d8ced61274c,2014-08,Essex Police,Essex Police,0.517578,51.626172,On or near Grange Road,E01021595,Chelmsford 021C,Criminal damage and arson,Investigation complete; no suspect identified,
d841f7f744748e258c11f75353b5bb7c0b49b0b04a67dca521562fd397a6a086,2014-08,Essex Police,Essex Police,0.531909,51.628975,On or near Meadow Lane,E01021595,Chelmsford 021C,Criminal damage and arson,Under investigation,
03178c7f7d46e65282e2fc07322c67bb60cd21d441aae7f385d16ef8fdc1bdd2,2014-08,Essex Police,Essex Police,0.525594,51.624560,On or near Church End Lane,E01021595,Chelmsford 021C,Criminal damage and arson,Investigation complete; no suspect identified,
59c118de9b0f4db156c8480296df77d587fbaef950da41f5f976a72c31ccbbe2,2014-08,Essex Police,Essex Police,0.531909,51.628975,On or near Meadow Lane,E01021595,Chelmsford 021C,Drugs,Awaiting court outcome,
f84b9433a5ef0dcf8be90a16de6ebbd91b50d886dcb4bcfc3bbf3e6370bd2345,2014-08,Essex Police,Essex Police,0.515003,51.628475,On or near Waverley Crescent,E01021595,Chelmsford 021C,Other theft,Investigation complete; no suspect identified,
c9f1b58a6bd6d18772fb76377bf068fd9a2deed21efe709629fa931f8e3a0537,2014-08,Essex Police,Essex Police,0.531909,51.628975,On or near Meadow Lane,E01021595,Chelmsford 021C,Possession of weapons,Awaiting court outcome,
70b95de5d355bf1046af9126bac43b4a6976a6cb795ed6f91d0e9d0727511851,2014-08,Essex Police,Essex Police,0.515692,51.625520,On or near Delmar Gardens,E01021595,Chelmsford 021C,Public order,Under investigation,
37ad53bed3850b29c48d1bdf5a539aeb1122018edf7bd621cdd0c13b26f4591f,2014-08,Essex Police,Essex Police,0.515478,51.629742,On or near The Greenway,E01021595,Chelmsford 021C,Vehicle crime,Investigation complete; no suspect identified,
01c5618e726667cd5be88b467e7a4d258d06fe21804592f16569dd7de73a3b75,2014-08,Essex Police,Essex Police,0.525594,51.624560,On or near Church End Lane,E01021595,Chelmsford 021C,Vehicle crime,Investigation complete; no suspect identified,
16a36a976620025e1075cfcf4754bc610c547fce30aa17316f09faa4786863ff,2014-08,Essex Police,Essex Police,0.955147,51.948361,On or near Perry Lane,E01021655,Colchester 001A,Criminal damage and arson,Investigation complete; no suspect identified,
11ecbf51a50f59c30410640df838e312ac394404a84d9413bb85eab287c43990,2014-08,Essex Police,Essex Police,0.950773,51.937616,On or near Petrol Station,E01021655,Colchester 001A,Drugs,Under investigation,
919ab643839c51d650eafbef41dcf7201f17292e73aaf8416eb0d9aafeedcb2d,2014-08,Essex Police,Essex Police,0.948516,51.947565,On or near St Margaret'S Cross,E01021655,Colchester 001A,Other theft,Investigation complete; no suspect identified,
c40f136ab91575c5536ad31e556091fff5855cb8b542dc3170e8da548f9bdf12,2014-08,Essex Police,Essex Police,0.955962,51.942828,On or near Petrol Station,E01021655,Colchester 001A,Other theft,Investigation complete; no suspect identified,
c7ce538f99fcbdfbacd49535c8ce4e024926bf7d4e830c8f1670680cd1ce6748,2014-08,Essex Police,Essex Police,0.950773,51.937616,On or near Petrol Station,E01021655,Colchester 001A,Other theft,Under investigation,
1a6b623d40d15b28982432e1316cb0b8fd9cfca979f8b42a52ff2b0b9f4bcb67,2014-08,Essex Police,Essex Police,0.938915,51.926266,On or near A12,E01021655,Colchester 001A,Theft from the person,Under investigation,
a08e3e3eae30a9ff5c30de738210a392b335921e4d2a69cb7a25489013092bfb,2014-08,Essex Police,Essex Police,0.955147,51.948361,On or near Perry Lane,E01021655,Colchester 001A,Violence and sexual offences,Under investigation,
,2014-08,Essex Police,Essex Police,0.995433,51.955797,On or near Southfields,E01021656,Colchester 001B,Anti-social behaviour,,
,2014-08,Essex Police,Essex Police,0.997054,51.954775,On or near Forge Street,E01021656,Colchester 001B,Anti-social behaviour,,
92f88b5c27bbab79e6d8f279258dfe91e5d07bb545b111d431eccb1b3eb675c6,2014-08,Essex Police,Essex Police,1.012958,51.947956,On or near Jupes Hill,E01021656,Colchester 001B,Other theft,Investigation complete; no suspect identified,
5f5ff8847afa29a5d71162cf7d00d5bd3c0b4d92d09c62d63ac274e43ef2b03c,2014-08,Essex Police,Essex Police,0.996859,51.953377,On or near Parson'S Field,E01021656,Colchester 001B,Violence and sexual offences,Awaiting court outcome,
,2014-08,Essex Police,Essex Police,0.908303,51.946426,On or near Windmill Close,E01021659,Colchester 001C,Anti-social behaviour,,
b4b36146d5902e8fab24883b2c0f357cf274803a591ed960d99dcab1aa90291b,2014-08,Essex Police,Essex Police,0.861268,51.951006,On or near Fishponds Hill,E01021659,Colchester 001C,Burglary,Investigation complete; no suspect identified,
335c294b3a672e466ec235d74361a3c02626525800250b3a4e0dfe353fb63361,2014-08,Essex Police,Essex Police,0.911304,51.963089,On or near Church Street,E01021659,Colchester 001C,Burglary,Investigation complete; no suspect identified,
1e7c5966ad08beedaf8123a155caa39728462d3ae40de9d75ee0e6de95c20687,2014-08,Essex Police,Essex Police,0.867067,51.924415,On or near Woodhouse Lane,E01021659,Colchester 001C,Burglary,Investigation complete; no suspect identified,
31b7fe7a65ed8ffc4d8b970168c81ad749a520157bf030025c6f7c297b0a392e,2014-08,Essex Police,Essex Police,0.875733,51.938692,On or near The Causeway,E01021659,Colchester 001C,Other theft,Investigation complete; no suspect identified,
74a2daa4addd91b757bf5f133a54597d750d50d86cfb9277911d8f6354e7ddc2,2014-08,Essex Police,Essex Police,0.903882,51.939268,On or near Straight Road,E01021659,Colchester 001C,Shoplifting,Under investigation,
,2014-08,Essex Police,Essex Police,0.878667,51.925885,On or near Sandon Close,E01021661,Colchester 001D,Anti-social behaviour,,
,2014-08,Essex Police,Essex Police,0.875455,51.930254,On or near Pattinson Walk,E01021661,Colchester 001D,Anti-social behaviour,,
4311846ddf7a0e6b6fc064bf80f37c679dbc21d3c4df4eb1103c6a9066c27c7a,2014-08,Essex Police,Essex Police,0.874200,51.925644,On or near Chilton Close,E01021661,Colchester 001D,Criminal damage and arson,Under investigation,
397edcda9686ed640c9e885f5699df5b9dd0689e8bea64e15fa8e3518aaf0a11,2014-08,Essex Police,Essex Police,0.877647,51.926306,On or near Millers Close,E01021661,Colchester 001D,Vehicle crime,Under investigation,
,2014-08,Essex Police,Essex Police,0.915919,51.913294,On or near Kinlett Close,E01021668,Colchester 002A,Anti-social behaviour,,
ad682d28886df63bc0a1e6bc2ff20d5c0f58e051c44c116d027d4cd0dff85b22,2014-08,Essex Police,Essex Police,0.915793,51.914718,On or near Hanbury Gardens,E01021668,Colchester 002A,Bicycle theft,Under investigation,
819546ca46db6b557a23e99632da39b6f19b6064cb198e5391af54a128e34f34,2014-08,Essex Police,Essex Police,0.913755,51.911989,On or near Spindle Wood,E01021668,Colchester 002A,Burglary,Under investigation,
2e300fc34bcd23f40b16cc7122220e8f5481b139333b1781372805d0985deac8,2014-08,Essex Police,Essex Police,0.916498,51.913486,On or near Enville Way,E01021668,Colchester 002A,Violence and sexual offences,Awaiting court outcome,
6db8cdccf754542b8c1849ad3bc3fef0736cd2a382467f28ef32836f95add715,2014-08,Essex Police,Essex Police,0.916498,51.913486,On or near Enville Way,E01021668,Colchester 002A,Violence and sexual offences,Awaiting court outcome,
,2014-08,Essex Police,Essex Police,0.924759,51.915062,On or near Viscount Drive,E01021669,Colchester 002B,Anti-social behaviour,,
,2014-08,Essex Police,Essex Police,0.919694,51.911635,On or near Sea King Crescent,E01021669,Colchester 002B,Anti-social behaviour,,
,2014-08,Essex Police,Essex Police,0.919694,51.911635,On or near Sea King Crescent,E01021669,Colchester 002B,Anti-social behaviour,,
8d6c694a40cea1827a314cb856796e0c6770d9aeb23ecb8b5e78d3ba17a82a51,2014-08,Essex Police,Essex Police,0.923286,51.913201,On or near Derwent Road,E01021669,Colchester 002B,Burglary,Under investigation,
bbf7342f0a69f4cd9dd0027e29190804fb066d29041b1c6b3cc41070f0d5569a,2014-08,Essex Police,Essex Police,0.917869,51.910628,On or near Highwoods Square,E01021669,Colchester 002B,Vehicle crime,Investigation complete; no suspect identified,
2bfcf7e26e1ed3fe52dec8f8fa5e4c25bf6b7b732714be20fae4de36020ee88f,2014-08,Essex Police,Essex Police,0.920760,51.913722,On or near Chinook,E01021669,Colchester 002B,Violence and sexual offences,Unable to prosecute suspect,
,2014-08,Essex Police,Essex Police,0.924191,51.906991,On or near Petrol Station,E01021670,Colchester 002C,Anti-social behaviour,,
,2014-08,Essex Police,Essex Police,0.924668,51.910972,On or near Cleveland Close,E01021670,Colchester 002C,Anti-social behaviour,,
,2014-08,Essex Police,Essex Police,0.925139,51.914198,On or near Princess Drive,E01021670,Colchester 002C,Anti-social behaviour,,
f6094a83fa95570c2e3ef549c0bf7c483010f31003b030d9b50ca3a19b8acae9,2014-08,Essex Police,Essex Police,0.922667,51.908153,On or near Greenwood Grove,E01021670,Colchester 002C,Burglary,Investigation complete; no suspect identified,
b0d055ef58d661b536636823bc2218917c1ed827bef3608c46e9f86edcbaa390,2014-08,Essex Police,Essex Police,0.926764,51.910560,On or near Ipswich Road,E01021670,Colchester 002C,Burglary,Under investigation,
36751ec79e235423eaf69cd59f136ef5c31688d130f69392f421b8ecc6ebba05,2014-08,Essex Police,Essex Police,0.925139,51.914198,On or near Princess Drive,E01021670,Colchester 002C,Burglary,Investigation complete; no suspect identified,
b0318c08cc9e6027cc78e731c72a71ea619e2536c8a7df4fa0834c40faeff603,2014-08,Essex Police,Essex Police,0.925139,51.914198,On or near Princess Drive,E01021670,Colchester 002C,Criminal damage and arson,Investigation complete; no suspect identified,
e2bd8ff5d08bd5b42e4632970fc90752464f65c7b5a1f64ace2ffccaef32624a,2014-08,Essex Police,Essex Police,0.925139,51.914198,On or near Princess Drive,E01021670,Colchester 002C,Violence and sexual offences,Under investigation,
,2014-08,Essex Police,Essex Police,0.923315,51.903586,On or near Friars Close,E01021671,Colchester 002D,Anti-social behaviour,,
,2014-08,Essex Police,Essex Police,0.919727,51.910133,On or near Supermarket,E01021671,Colchester 002D,Anti-social behaviour,,
,2014-08,Essex Police,Essex Police,0.916248,51.909391,On or near Victoria Gardens,E01021671,Colchester 002D,Anti-social behaviour,,
,2014-08,Essex Police,Essex Police,0.916248,51.909391,On or near Victoria Gardens,E01021671,Colchester 002D,Anti-social behaviour,,
,2014-08,Essex Police,Essex Police,0.919727,51.910133,On or near Supermarket,E01021671,Colchester 002D,Anti-social behaviour,,
,2014-08,Essex Police,Essex Police,0.922379,51.910651,On or near Highwoods Approach,E01021671,Colchester 002D,Anti-social behaviour,,
adcecb82076dbbf5ba352c591efecb76749fbb63de4bd6391b99bd0721001ad6,2014-08,Essex Police,Essex Police,0.919233,51.908346,On or near Alverton Way,E01021671,Colchester 002D,Burglary,Under investigation,
f7e740b71d68bfa333fd2e437a0434708bec752e22a95490f0c6f521a0bae727,2014-08,Essex Police,Essex Police,0.915170,51.910938,On or near Aldeburgh Gardens,E01021671,Colchester 002D,Burglary,Under investigation,
b05af9078a5109c6cc59f72cbf5392b5cf15d1b5cc8b7f367cf17f9d1169af3f,2014-08,Essex Police,Essex Police,0.915723,51.906239,On or near Thistledown,E01021671,Colchester 002D,Burglary,Under investigation,
46604fd7be511b1720068abb0a934c35b192dd7a264ecc6a4a445da0b4524974,2014-08,Essex Police,Essex Police,0.919694,51.908047,On or near Langham Place,E01021671,Colchester 002D,Burglary,Investigation complete; no suspect identified,
ceba58cb7a815f04582242feef8acc723049dba03b25ede4311f9125801546fc,2014-08,Essex Police,Essex Police,0.923315,51.903586,On or near Friars Close,E01021671,Colchester 002D,Criminal damage and arson,Investigation complete; no suspect identified,
a1063933b34118fe21d34b232f91bb12f9ca5a9394119191dc517547250a8529,2014-08,Essex Police,Essex Police,0.923315,51.903586,On or near Friars Close,E01021671,Colchester 002D,Other theft,Investigation complete; no suspect identified,
c4cd531389edd0929bce8a2536924558449f35e1c42d33ee7f40ca223ee8b722,2014-08,Essex Police,Essex Police,0.919727,51.910133,On or near Supermarket,E01021671,Colchester 002D,Other theft,Under investigation,
076911aef840ce5ea181ee5e2616bd8afa5a6c3e6bc3efdd929e0b88610a0dab,2014-08,Essex Police,Essex Police,0.919727,51.910133,On or near Supermarket,E01021671,Colchester 002D,Possession of weapons,Awaiting court outcome,
e3f43550d8f0a55966d50a3e4e41cc533bbe04a1e36e2333c03584bdaa995c93,2014-08,Essex Police,Essex Police,0.919727,51.910133,On or near Supermarket,E01021671,Colchester 002D,Shoplifting,Under investigation,
752e73641cfcd73cc8a8eadf4022c433d6a25e39581e2e5ae61752833c7e5df5,2014-08,Essex Police,Essex Police,0.919727,51.910133,On or near Supermarket,E01021671,Colchester 002D,Shoplifting,Investigation complete; no suspect identified,
528d718fab1b9fef68bea6ca39beccf61dbf4d00b10012f556a8392980bf0825,2014-08,Essex Police,Essex Police,0.919727,51.910133,On or near Supermarket,E01021671,Colchester 002D,Shoplifting,Offender given a caution,
538f4e158eda7c69900e271e34fe143471fe8af92960bb1b387cf796fa68d6fb,2014-08,Essex Police,Essex Police,0.919727,51.910133,On or near Supermarket,E01021671,Colchester 002D,Shoplifting,Under investigation,
07292c64d5b4f9aa70bde721ce79cdcad2b3ef627a1e3324ba2edd35f730a156,2014-08,Essex Police,Essex Police,0.919727,51.910133,On or near Supermarket,E01021671,Colchester 002D,Shoplifting,Offender given penalty notice,
941948d3b41432071f4c1c9a40ebf4e0699aaf44e1af98a9044851021fcf6f99,2014-08,Essex Police,Essex Police,0.919727,51.910133,On or near Supermarket,E01021671,Colchester 002D,Shoplifting,Offender given a caution,
e62d0f251966b2e9a0a10abfbf2d64005fd90f4053b5107c1014e71ac84c6a9b,2014-08,Essex Police,Essex Police,0.919727,51.910133,On or near Supermarket,E01021671,Colchester 002D,Shoplifting,Offender given penalty notice,
313d2679425c3c1e7b9aaa80a97cdcd4546a170bbbc0d9ff8e77926eab441724,2014-08,Essex Police,Essex Police,0.919727,51.910133,On or near Supermarket,E01021671,Colchester 002D,Shoplifting,Offender given penalty notice,
bf53b022a5a100d72305a28a1cf1820d0988956308c5e64986bab798de321734,2014-08,Essex Police,Essex Police,0.919727,51.910133,On or near Supermarket,E01021671,Colchester 002D,Shoplifting,Local resolution,
c445eec515fc3f6c6a4756a897ce18b000eb0dbcecae63553ef2f55fcf2dd0fb,2014-08,Essex Police,Essex Police,0.918822,51.904471,On or near Parking Area,E01021671,Colchester 002D,Vehicle crime,Under investigation,
64bfb9a21cd552ff31356d900382211e728837e5ebf846ab1547f9cdf3af88ce,2014-08,Essex Police,Essex Police,0.919727,51.910133,On or near Supermarket,E01021671,Colchester 002D,Violence and sexual offences,Under investigation,
,2014-08,Essex Police,Essex Police,0.927421,51.913053,On or near Hallcroft Chase,E01033720,Colchester 002F,Anti-social behaviour,,
,2014-08,Essex Police,Essex Police,0.930314,51.919960,On or near Telford Way,E01033720,Colchester 002F,Anti-social behaviour,,
,2014-08,Essex Police,Essex Police,0.927139,51.912296,On or near Bignalls Croft,E01033720,Colchester 002F,Anti-social behaviour,,
,2014-08,Essex Police,Essex Police,0.929054,51.917806,On or near Wyncolls Road,E01033720,Colchester 002F,Anti-social behaviour,,
,2014-08,Essex Police,Essex Police,0.927421,51.913053,On or near Hallcroft Chase,E01033720,Colchester 002F,Anti-social behaviour,,
,2014-08,Essex Police,Essex Police,0.920914,51.916992,On or near Gavin Way,E01033720,Colchester 002F,Anti-social behaviour,,
,2014-08,Essex Police,Essex Police,0.926211,51.919046,On or near Brunel Way,E01033720,Colchester 002F,Anti-social behaviour,,
,2014-08,Essex Police,Essex Police,0.920374,51.916286,On or near Hanningfield Way,E01033720,Colchester 002F,Anti-social behaviour,,
,2014-08,Essex Police,Essex Police,0.911137,51.919852,On or near Springham Drive,E01033720,Colchester 002F,Anti-social behaviour,,
2735b5577cc74f6efd496cc78b7976f74fa13f47028185149e3ee4ed218c691d,2014-08,Essex Police,Essex Police,0.923673,51.923633,On or near The Crescent,E01033720,Colchester 002F,Burglary,Under investigation,
9e2bb065150ac9167f22643a3c60a11663759ec00039402c37dc045ebf78cc18,2014-08,Essex Police,Essex Police,0.929287,51.920948,On or near Clough Road,E01033720,Colchester 002F,Other theft,Investigation complete; no suspect identified,
3da5275f59d1f070f9e02786bbf190ef27431a6fd13048e759de085ed927b509,2014-08,Essex Police,Essex Police,0.918229,51.917293,On or near Purvis Way,E01033720,Colchester 002F,Other theft,Under investigation,
834d0812c74a275a757fa2ea2f03964630850054b4221d1fedb4b6a1ffd11518,2014-08,Essex Police,Essex Police,0.925132,51.919451,On or near Heckworth Close,E01033720,Colchester 002F,Vehicle crime,Investigation complete; no suspect identified,
4e5c222a6a7f9953e81471f8b27cf2e870ae3456bc2f558a221cbe7342df9796,2014-08,Essex Police,Essex Police,0.927614,51.918696,On or near Smeaton Close,E01033720,Colchester 002F,Vehicle crime,Investigation complete; no suspect identified,
a8d01ac01120bc56d2fb2f2f75d3440567385d744b6aa9d65b1989749d52d459,2014-08,Essex Police,Essex Police,0.918229,51.917293,On or near Purvis Way,E01033720,Colchester 002F,Violence and sexual offences,Under investigation,
35c22b92adeb1cb8c3cbe31ba1638e8a15bbc3d2712e6b43fe6b02de400fd0a3,2014-08,Essex Police,Essex Police,0.919360,51.916797,On or near Rawlings Crescent,E01033720,Colchester 002F,Violence and sexual offences,Unable to prosecute suspect,
ac0bce0d78a549c3b50584ec6fbc3892927ed1c75efbcf1bfb67fe915b000675,2014-08,Essex Police,Essex Police,0.919892,51.916928,On or near Mabbitt Way,E01033720,Colchester 002F,Violence and sexual offences,Under investigation,
03df1cf9609825a8f25c40420e89de787e8e8fe55f3b7659166af8274146b2d7,2014-08,Essex Police,Essex Police,0.927421,51.913053,On or near Hallcroft Chase,E01033720,Colchester 002F,Violence and sexual offences,Unable to prosecute suspect,
4f5fd9cd68d9f8683977086b47ea3bd3b2458a9e2fec2638a6fa5bef994de817,2014-08,Essex Police,Essex Police,0.909157,51.917805,On or near Weetmans Drive,E01033720,Colchester 002F,Violence and sexual offences,Awaiting court outcome,
967b791b4eb0f77fc5ad935ee668875034922f5bb2c9e482c31e7048bf8fdfe4,2014-08,Essex Police,Essex Police,0.927421,51.913053,On or near Hallcroft Chase,E01033720,Colchester 002F,Violence and sexual offences,Unable to prosecute suspect,
75a1f7aca8edad5fab891a9c67e0bc8519b1ed59545aecb44d0bbeb5d7cbf65c,2014-08,Essex Police,Essex Police,0.909157,51.917805,On or near Weetmans Drive,E01033720,Colchester 002F,Violence and sexual offences,Under investigation,
,2014-08,Essex Police,Essex Police,0.920148,51.919080,On or near Honorius Drive,E01033721,Colchester 002G,Anti-social behaviour,,
fcde45175a8a633e65ff5e39d456be6a863406188927398e1ebc5bc1123d7a6e,2014-08,Essex Police,Essex Police,0.918468,51.920533,On or near Hadrian Close,E01033721,Colchester 002G,Burglary,Under investigation,
36dd822a39ff533208b8217cd3ff2f1dccff18742e5f36b2c67b6a6552757a8c,2014-08,Essex Police,Essex Police,0.917596,51.921661,On or near Julian Avenue,E01033721,Colchester 002G,Criminal damage and arson,Awaiting court outcome,
fb0e43b948d6d72084430312ae9b01022578ea3f2f081e73f74f6d63a90c581f,2014-08,Essex Police,Essex Police,0.917596,51.921661,On or near Julian Avenue,E01033721,Colchester 002G,Drugs,Offender given a caution,
,2014-08,Essex Police,Essex Police,0.801709,51.912922,On or near Mill Road,E01021660,Colchester 003A,Anti-social behaviour,,
9b98cfea61373fafdeef33eb33f75504348aa1d8c861c461c517f1799a90b24e,2014-08,Essex Police,Essex Police,0.825660,51.949258,On or near Little Horkesley Road,E01021660,Colchester 003A,Burglary,Under investigation,
bf8bd1ddb5ebaba33fba8fe46a026b50bde840572c471ece10601b7db69f7970,2014-08,Essex Police,Essex Police,0.850714,51.930559,On or near Nayland Road,E01021660,Colchester 003A,Burglary,Investigation complete; no suspect identified,
25e2f715ada288fd651e1140788dfd7d772a487b96fef2a40c17d83cf7145e0f,2014-08,Essex Police,Essex Police,0.806526,51.943034,On or near Fordham Road,E01021660,Colchester 003A,Other theft,Investigation complete; no suspect identified,
3d1cd31fb2a8a216b03da4ce3affe9dca5ac5bfc8542bf13cb22292d638af16b,2014-08,Essex Police,Essex Police,0.850709,51.912815,On or near Lampon Close,E01021728,Colchester 003B,Criminal damage and arson,Investigation complete; no suspect identified,
56250b6f1a738ea0d0a120682477521d0b8534ffb1d038beaaaa468e57b43c06,2014-08,Essex Police,Essex Police,0.859925,51.912519,On or near Maltings Park Road,E01021729,Colchester 003C,Drugs,Under investigation,
64c96ec2d248bddc30dd9f49a38269342808afe10d2d1738799d0f8bf3127d4f,2014-08,Essex Police,Essex Police,0.861341,51.914661,On or near Armoury Road,E01021729,Colchester 003C,Other theft,Under investigation,
2106705246c3dc53cf711d85de11955100aef35dc21e917c0918d1b4fdc1acc1,2014-08,Essex Police,Essex Police,0.853641,51.912258,On or near Erle Havard Road,E01021729,Colchester 003C,Violence and sexual offences,Under investigation,
,2014-08,Essex Police,Essex Police,0.814226,51.900302,On or near Choats Wood,E01021730,Colchester 003D,Anti-social behaviour,,
,2014-08,Essex Police,Essex Police,0.826249,51.897990,On or near Heathfields,E01021730,Colchester 003D,Anti-social behaviour,,
d4c59aa3166404ce7ca986f9c8de93ad9ed57bbc4005e0098337590f0bbf72fd,2014-08,Essex Police,Essex Police,0.810856,51.893602,On or near Turkey Cock Lane,E01021730,Colchester 003D,Other theft,Investigation complete; no suspect identified,
ba0c62ecdb8e86fc50a693ea993d6dacc2072322978c7b65aee1e1b0b95d7dcf,2014-08,Essex Police,Essex Police,0.823266,51.893080,On or near Abbotts Lane,E01021730,Colchester 003D,Violence and sexual offences,Awaiting court outcome,
deb8ab8d20fa39e8c335d1dba2b967abbcf8ae9966eb2d95c36e497c24fb929a,2014-08,Essex Police,Essex Police,0.823266,51.893080,On or near Abbotts Lane,E01021730,Colchester 003D,Violence and sexual offences,Under investigation,
,2014-08,Essex Police,Essex Police,0.897808,51.901249,On or near Supermarket,E01021679,Colchester 004A,Anti-social behaviour,,
,2014-08,Essex Police,Essex Police,0.900410,51.900565,On or near Petrol Station,E01021679,Colchester 004A,Anti-social behaviour,,
,2014-08,Essex Police,Essex Police,0.903131,51.908034,On or near Linnet Mews,E01021679,Colchester 004A,Anti-social behaviour,,
,2014-08,Essex Police,Essex Police,0.901486,51.905305,On or near Stanford Road,E01021679,Colchester 004A,Anti-social behaviour,,
,2014-08,Essex Police,Essex Police,0.892890,51.902081,On or near Three Crowns Road,E01021679,Colchester 004A,Anti-social behaviour,,
,2014-08,Essex Police,Essex Police,0.902431,51.903501,On or near Cranborne Close,E01021679,Colchester 004A,Anti-social behaviour,,
,2014-08,Essex Police,Essex Police,0.892890,51.902081,On or near Three Crowns Road,E01021679,Colchester 004A,Anti-social behaviour,,
,2014-08,Essex Police,Essex Police,0.897808,51.901249,On or near Supermarket,E01021679,Colchester 004A,Anti-social behaviour,,
,2014-08,Essex Police,Essex Police,0.892890,51.902081,On or near Three Crowns Road,E01021679,Colchester 004A,Anti-social behaviour,,
796b7aa4da236b44f8df4f3841709c754fa953b99cbcbb1c27d41e5735c075e8,2014-08,Essex Police,Essex Police,0.904714,51.906655,On or near Parking Area,E01021679,Colchester 004A,Criminal damage and arson,Investigation complete; no suspect identified,
c852c7a24bb5053e002e99986dd0e9214933fc50aa5a8bcae6188d647ec00bf2,2014-08,Essex Police,Essex Police,0.896111,51.902217,On or near Bruff Close,E01021679,Colchester 004A,Criminal damage and arson,Investigation complete; no suspect identified,
1008adaa55a12e1686165bec3e5cc16a93621381fe715c1c9322d1f3ef6cccfa,2014-08,Essex Police,Essex Police,0.902759,51.907459,On or near Turner Road,E01021679,Colchester 004A,Criminal damage and arson,Investigation complete; no suspect identified,
dd315a16590aa99aa3a64472b4cc277e287e5df2e532ad9b7e1a78c06f396e31,2014-08,Essex Police,Essex Police,0.897808,51.901249,On or near Supermarket,E01021679,Colchester 004A,Criminal damage and arson,Investigation complete; no suspect identified,
0c0a40ea37015fdbb55a57f81aaa47ad971a750a26f416e6a10879efa69f14c4,2014-08,Essex Police,Essex Police,0.904714,51.906655,On or near Parking Area,E01021679,Colchester 004A,Other theft,Investigation complete; no suspect identified,
c3e27e5601d7d30f5e305dfff89a9ac3a6393633b3e548ad3312da41861f7d58,2014-08,Essex Police,Essex Police,0.900410,51.900565,On or near Petrol Station,E01021679,Colchester 004A,Other theft,Under investigation,
871e51a62fc5e8acf8d8953020cf95c24ba77c2782bb8a54efdcdf5d64fd6f21,2014-08,Essex Police,Essex Police,0.903131,51.908034,On or near Linnet Mews,E01021679,Colchester 004A,Other theft,Under investigation,
c496f999d8bd4aa438ec7a6c19af5c5597f384d9100f8bdb34860d2461dcf205,2014-08,Essex Police,Essex Police,0.892890,51.902081,On or near Three Crowns Road,E01021679,Colchester 004A,Other theft,Under investigation,
a05bd5ba6a759bb350f33cc39d2bf173b24f9760bb2810b313141c456e2a4f82,2014-08,Essex Police,Essex Police,0.902759,51.907459,On or near Turner Road,E01021679,Colchester 004A,Public order,Under investigation,
9a46953ee7536ebaa88f758c784e02615fcf4bad00779f06ba3590d76022e7d8,2014-08,Essex Police,Essex Police,0.897808,51.901249,On or near Supermarket,E01021679,Colchester 004A,Robbery,Under investigation,
8102ee42062093d942f14c38cd0aae9d20615313ea05300a6ceb2800c670bba7,2014-08,Essex Police,Essex Police,0.897808,51.901249,On or near Supermarket,E01021679,Colchester 004A,Theft from the person,Investigation complete; no suspect identified,
0bcff5b27486536506b1208b5aaa45dfd36aa42bcfed838236f72cd42b7d4d85,2014-08,Essex Police,Essex Police,0.897285,51.905085,On or near Bardsley Close,E01021679,Colchester 004A,Vehicle crime,Investigation complete; no suspect identified,
f38601c7f20047c0c45cfd9cb8f6f839391e61d615402e9215cf25ce98ccfc86,2014-08,Essex Police,Essex Police,0.904714,51.906655,On or near Parking Area,E01021679,Colchester 004A,Violence and sexual offences,Offender given a caution,
7f7d8ba50828759c2d013f2e6d857d7c3daa59608fcc98f8e63fdd5a9fb0e6de,2014-08,Essex Police,Essex Police,0.901486,51.905305,On or near Stanford Road,E01021679,Colchester 004A,Violence and sexual offences,Unable to prosecute suspect,
2c1f2885b39ed872d3454c1d3eb72c7220ae335f7f1310e7b5fb13833332e803,2014-08,Essex Police,Essex Police,0.894705,51.904078,On or near Wedgewood Drive,E01021679,Colchester 004A,Violence and sexual offences,Under investigation,
d476f6f1d5de25a1c3d2531ee534afabd751a2609ccc35df956caf36ad9eb870,2014-08,Essex Police,Essex Police,0.901425,51.902545,On or near Peto Avenue,E01021679,Colchester 004A,Violence and sexual offences,Under investigation,
9fc8900a172d3d9b14d935233306937a55e889fb77cee8c44efc0d6b2873afa2,2014-08,Essex Police,Essex Police,0.899497,51.902404,On or near Braithwaite Drive,E01021679,Colchester 004A,Violence and sexual offences,Offender given a caution,
d1dd17713e3390e343722c552603a5ef32eed01bbcec8504d75db36a599a7e24,2014-08,Essex Police,Essex Police,0.904714,51.906655,On or near Parking Area,E01021679,Colchester 004A,Violence and sexual offences,Offender given a caution,
,2014-08,Essex Police,Essex Police,0.893532,51.917264,On or near Parking Area,E01021680,Colchester 004B,Anti-social behaviour,,
,2014-08,Essex Police,Essex Police,0.893532,51.917264,On or near Parking Area,E01021680,Colchester 004B,Anti-social behaviour,,
,2014-08,Essex Police,Essex Police,0.895475,51.911074,On or near Cambie Crescent,E01021680,Colchester 004B,Anti-social behaviour,,
ca71b18421631e20a7a0f30233d68490afa1475f7a3a629b74f87b108cbc4219,2014-08,Essex Police,Essex Police,0.893532,51.917264,On or near Parking Area,E01021680,Colchester 004B,Criminal damage and arson,Investigation complete; no suspect identified,
c0b4e19f0589303172ece9ddf0380658445200ea90bae2b09fd57c40595bc6fc,2014-08,Essex Police,Essex Police,0.890955,51.917912,On or near Whitebeam Close,E01021680,Colchester 004B,Criminal damage and arson,Investigation complete; no suspect identified,
622a6f35e3865433ee4e76b457b0eddae3538983c2445b4f08f46524443e4013,2014-08,Essex Police,Essex Police,0.890955,51.917912,On or near Whitebeam Close,E01021680,Colchester 004B,Criminal damage and arson,Under investigation,
7e5eef57226d2b1745c0306d9a04cbc5be999c6f74d062ddf68617b59049525f,2014-08,Essex Police,Essex Police,0.894636,51.909790,On or near Shepherd Drive,E01021680,Colchester 004B,Other theft,Under investigation,
c9d64c20e942ffa1fe8495e37b2b6301c806e736fda8cbe13e38b01b9c381247,2014-08,Essex Police,Essex Police,0.897264,51.905885,On or near Wallace Road,E01021680,Colchester 004B,Violence and sexual offences,Under investigation,
19c8061ef748e7ff8b940f7f99d73b591502c27595cf515356f60f1de6cb4207,2014-08,Essex Police,Essex Police,0.891545,51.913059,On or near Supermarket,E01021680,Colchester 004B,Violence and sexual offences,Unable to prosecute suspect,
d297a629c8e70aec40c5aff4681e810c35eb49dfd732f22a6811fbd80706591a,2014-08,Essex Police,Essex Police,0.893012,51.922080,On or near Boxted Road,E01021680,Colchester 004B,Violence and sexual offences,Unable to prosecute suspect,
41b51c6edd43ce0a2dfde16fcccd53688ecee81eef920b4a1079b70eeef3e632,2014-08,Essex Police,Essex Police,0.895892,51.905128,On or near Hutley Drive,E01021680,Colchester 004B,Violence and sexual offences,Unable to prosecute suspect,
4c7e77db4cf24609626105a021cf37a3eb8332ea637e2ba24360c46561e135e4,2014-08,Essex Police,Essex Police,0.893012,51.922080,On or near Boxted Road,E01021680,Colchester 004B,Violence and sexual offences,Under investigation,
ee68d2c4b671e12b2df4c60b37ce34bb197a867766cbd9804f19f0b0ca6b87af,2014-08,Essex Police,Essex Police,0.894636,51.909790,On or near Shepherd Drive,E01021680,Colchester 004B,Violence and sexual offences,Unable to prosecute suspect,
9a910afb200a8137a55c28bc8fa9d8db9502bb038ba66e3a65a156b10cfe7f96,2014-08,Essex Police,Essex Police,0.890955,51.917912,On or near Whitebeam Close,E01021680,Colchester 004B,Violence and sexual offences,Under investigation,
b59ae4bfeb33c7edca68ba2f42c5d176f632262cdeb2b1fd2dcb020d66eae90f,2014-08,Essex Police,Essex Police,0.893012,51.922080,On or near Boxted Road,E01021680,Colchester 004B,Violence and sexual offences,Unable to prosecute suspect,
85a236f31a326207c30db47db93b51012d57c61b44e48f9b3c0f93f4f6da8385,2014-08,Essex Police,Essex Police,0.893012,51.922080,On or near Boxted Road,E01021680,Colchester 004B,Violence and sexual offences,Unable to prosecute suspect,
e0d2f46016dd32159f23e97d36875116532e4a4be35efcf294e948b25afe6b61,2014-08,Essex Police,Essex Police,0.896359,51.906744,On or near Hakewill Way,E01021680,Colchester 004B,Other crime,Under investigation,
,2014-08,Essex Police,Essex Police,0.879268,51.903234,On or near Fan Avenue,E01021681,Colchester 004C,Anti-social behaviour,,
,2014-08,Essex Police,Essex Police,0.877956,51.904777,On or near Jonquil Way,E01021681,Colchester 004C,Anti-social behaviour,,
2d0b967779eae01a9229f0755dddfdecf0013ab65c5985d81bc43774f4eb7174,2014-08,Essex Police,Essex Police,0.882529,51.904431,On or near Celandine Court,E01021681,Colchester 004C,Criminal damage and arson,Investigation complete; no suspect identified,
9ae5b320ffac309f86d415070c04d79356bb83026a72c5c7adb21538256fc158,2014-08,Essex Police,Essex Police,0.881125,51.904303,On or near Anemone Court,E01021681,Colchester 004C,Other theft,Investigation complete; no suspect identified,
d48797dc826c52403c3a6bc37ec768bdb1550ee0629881e8532f7db2a9ec9c94,2014-08,Essex Police,Essex Police,0.879268,51.903234,On or near Fan Avenue,E01021681,Colchester 004C,Other theft,Investigation complete; no suspect identified,
2555a1a056b9bff31664714062716644ad611f0161ab229f3b7f29a934210a81,2014-08,Essex Police,Essex Police,0.889838,51.903469,On or near Bergholt Road,E01021681,Colchester 004C,Public order,Under investigation,
72145d9263ed89e37bf8a4e0ffbe76b3e54167188b30c5900add0229e45e796c,2014-08,Essex Police,Essex Police,0.877956,51.904777,On or near Jonquil Way,E01021681,Colchester 004C,Vehicle crime,Investigation complete; no suspect identified,
ce5716a8c409950374af2f2bfe9fe1afc0f7ddd56bf1bcecace43c5829627fcf,2014-08,Essex Police,Essex Police,0.877956,51.904777,On or near Jonquil Way,E01021681,Colchester 004C,Vehicle crime,Investigation complete; no suspect identified,
7192e0636dcdbcc90b26b5eb9416cf3d62f6c794d5b8a9014eeb61448ab8f54d,2014-08,Essex Police,Essex Police,0.879268,51.903234,On or near Fan Avenue,E01021681,Colchester 004C,Vehicle crime,Investigation complete; no suspect identified,
f0351fcd676d1b4b0395e8ba982eb641bf14c70a8d587eccaff63f0d0ecbac63,2014-08,Essex Police,Essex Police,0.881562,51.903186,On or near Tubine Road,E01021681,Colchester 004C,Violence and sexual offences,Offender given a caution,
,2014-08,Essex Police,Essex Police,0.918755,51.922937,On or near Hale Way,E01021682,Colchester 004D,Anti-social behaviour,,
,2014-08,Essex Police,Essex Police,0.914524,51.922061,On or near Scrivener Close,E01021682,Colchester 004D,Anti-social behaviour,,
,2014-08,Essex Police,Essex Police,0.916244,51.922126,On or near Mortimer Gardens,E01021682,Colchester 004D,Anti-social behaviour,,
,2014-08,Essex Police,Essex Police,0.903854,51.911119,On or near Kingswood Road,E01021682,Colchester 004D,Anti-social behaviour,,
,2014-08,Essex Police,Essex Police,0.908802,51.917032,On or near Brinkley Grove Road,E01021682,Colchester 004D,Anti-social behaviour,,
01fe71b17ac5df4b52f117941d04af371a0404fc2bd3f29e775d46b6af467384,2014-08,Essex Police,Essex Police,0.912779,51.922977,On or near Axial Way,E01021682,Colchester 004D,Bicycle theft,Under investigation,
b6c426232e218bebe9c3ebd609bbe0e548bdcfeea16d9cb3785157e2febd0156,2014-08,Essex Police,Essex Police,0.912779,51.922977,On or near Axial Way,E01021682,Colchester 004D,Bicycle theft,Under investigation,
c018f835ddbe80374874652d84086716947faaf993760840f3f380707de357d8,2014-08,Essex Police,Essex Police,0.901493,51.914658,On or near Thornwood,E01021682,Colchester 004D,Burglary,Investigation complete; no suspect identified,
1d98e9ebbe0c1ac8b29e240ff7dec09cc0da1165c76796fcff9d448b1cc2d2c8,2014-08,Essex Police,Essex Police,0.902897,51.916800,On or near Romulus Close,E01021682,Colchester 004D,Burglary,Under investigation,
46c2f0e1863f0a0cfd7841dcff4d58c7c85f0969a37e4279dcac9b62ec2870bc,2014-08,Essex Police,Essex Police,0.903141,51.909986,On or near Lufkin Road,E01021682,Colchester 004D,Criminal damage and arson,Investigation complete; no suspect identified,
c1cc3ac43f02f86afd850ce2060b8fdcff9088b96e664891ec3b045fd0cc0791,2014-08,Essex Police,Essex Police,0.899168,51.910173,On or near Hospital,E01021682,Colchester 004D,Other theft,Investigation complete; no suspect identified,
5e995c716d0c09910e56dc6dcb12817ca9b24649fc84a7b1813a3ab3851b9e0c,2014-08,Essex Police,Essex Police,0.902897,51.916800,On or near Romulus Close,E01021682,Colchester 004D,Other theft,Investigation complete; no suspect identified,
0820a1cecad194ca31afcd2b775d9f28e9e73d4f45194f09c316788098a07c18,2014-08,Essex Police,Essex Police,0.912338,51.926046,On or near Petrol Station,E01021682,Colchester 004D,Other theft,Under investigation,
7e4a5848bf51618fd65be1cb9db395e3d3c33113eb8dfc8537dd52e5ec94f313,2014-08,Essex Police,Essex Police,0.912338,51.926046,On or near Petrol Station,E01021682,Colchester 004D,Other theft,Under investigation,
d41764464048ef84d7594907c5ae919e4f8808a9a196031793d35add641a6234,2014-08,Essex Police,Essex Police,0.899168,51.910173,On or near Hospital,E01021682,Colchester 004D,Other theft,Under investigation,
dd75d20ab81537eb1db90cec70142a78e1a9df747b5ea3312d52d177418297ef,2014-08,Essex Police,Essex Police,0.912338,51.926046,On or near Petrol Station,E01021682,Colchester 004D,Other theft,Under investigation,
1652dc3d43b20ee3fe9323a8e61631d87ca13d4e33e1524e4cfe65267bc1be82,2014-08,Essex Police,Essex Police,0.912338,51.926046,On or near Petrol Station,E01021682,Colchester 004D,Other theft,Under investigation,
92eb7f4ac687441342e31a88f5ac79f54f8b09da8999faa8c64d6f62d708edb0,2014-08,Essex Police,Essex Police,0.912338,51.926046,On or near Petrol Station,E01021682,Colchester 004D,Public order,Under investigation,
827b3f9ea542c9cc1eef467f5bbc07f77be3c4dcb5c73963328ee7baa000d089,2014-08,Essex Police,Essex Police,0.899168,51.910173,On or near Hospital,E01021682,Colchester 004D,Public order,Awaiting court outcome,
daaa9697dbdd86e0de146c1271fb89a154ab4a7ae8e9547d5bf50cf15e033e8a,2014-08,Essex Police,Essex Police,0.899209,51.924796,On or near Parking Area,E01021682,Colchester 004D,Public order,Under investigation,
63e375af4c53751e8f552f6ed066b358ad1ef649e7c58adfc81d93296c116504,2014-08,Essex Police,Essex Police,0.912338,51.926046,On or near Petrol Station,E01021682,Colchester 004D,Vehicle crime,Investigation complete; no suspect identified,
3c07263ed5789a5cff4a9cdeae4b7a772b0283d13f9cf7205dd674ef57201e59,2014-08,Essex Police,Essex Police,0.902237,51.912877,On or near Fieldview Close,E01021682,Colchester 004D,Violence and sexual offences,Unable to prosecute suspect,
f14aa241f19fcfaadbd30eb43a282c66584bf7a01434b0bbba1ce245c5bd23e5,2014-08,Essex Police,Essex Police,0.917447,51.924516,On or near De Grey Road,E01021682,Colchester 004D,Violence and sexual offences,Awaiting court outcome,
10f4eaec56b4068e788eb3741b623fbd6295d17f5211328ed01861ef7372ce76,2014-08,Essex Police,Essex Police,0.899168,51.910173,On or near Hospital,E01021682,Colchester 004D,Violence and sexual offences,Awaiting court outcome,
3cc752b51b6c1ebb5595267c044f069598011acfebbf221eea35e29ce1ad6ab2,2014-08,Essex Police,Essex Police,0.899168,51.910173,On or near Hospital,E01021682,Colchester 004D,Violence and sexual offences,Awaiting court outcome,
1a8479c4a60b5e48e7de64c71e0d5bae667934656da49a6208738281057d5fde,2014-08,Essex Police,Essex Police,0.899168,51.910173,On or near Hospital,E01021682,Colchester 004D,Violence and sexual offences,Unable to prosecute suspect,
,2014-08,Essex Police,Essex Police,0.892052,51.890626,On or near Henry Laver Court,E01021646,Colchester 007A,Anti-social behaviour,,
,2014-08,Essex Police,Essex Police,0.892280,51.888974,On or near Crowhurst Road,E01021646,Colchester 007A,Anti-social behaviour,,
,2014-08,Essex Police,Essex Police,0.891954,51.893857,On or near Pedestrian Subway,E01021646,Colchester 007A,Anti-social behaviour,,
,2014-08,Essex Police,Essex Police,0.890860,51.888820,On or near Papillon Road,E01021646,Colchester 007A,Anti-social behaviour,,
,2014-08,Essex Police,Essex Police,0.890860,51.888820,On or near Papillon Road,E01021646,Colchester 007A,Anti-social behaviour,,
,2014-08,Essex Police,Essex Police,0.892033,51.891013,On or near St Marys Fields,E01021646,Colchester 007A,Anti-social behaviour,,
,2014-08,Essex Police,Essex Police,0.892280,51.888974,On or near Crowhurst Road,E01021646,Colchester 007A,Anti-social behaviour,,
,2014-08,Essex Police,Essex Police,0.892280,51.888974,On or near Crowhurst Road,E01021646,Colchester 007A,Anti-social behaviour,,
a021451b77ca24d0b8a79582074185a1e619db69e21d5988caf31e87dd00cc45,2014-08,Essex Police,Essex Police,0.892052,51.890626,On or near Henry Laver Court,E01021646,Colchester 007A,Bicycle theft,Under investigation,
a3bead74e343fbdd5368a3e32eb7d63492f3849b006e29ed9c6c6823294098ff,2014-08,Essex Police,Essex Police,0.895335,51.889691,On or near Balkerne Gardens,E01021646,Colchester 007A,Criminal damage and arson,Under investigation,
4f38efd8e720c1e19be9078aec9ab48f8dbbf31328aca82f869cee51ece4e04b,2014-08,Essex Police,Essex Police,0.895335,51.889691,On or near Balkerne Gardens,E01021646,Colchester 007A,Drugs,Offender given a caution,
be524ece95c451c162e085ced9618e561dfc37af839b78d1c18f3e5750803415,2014-08,Essex Police,Essex Police,0.891954,51.893857,On or near Pedestrian Subway,E01021646,Colchester 007A,Shoplifting,Investigation complete; no suspect identified,
9bb6b0c214083cefd3e9471aed7088ff3501a08e890d0a0690a80b7317902938,2014-08,Essex Police,Essex Police,0.893215,51.892441,On or near Middleborough,E01021646,Colchester 007A,Shoplifting,Investigation complete; no suspect identified,
1957488ce0f82c9eb7eb8b310b852913641779cf8b21f00d6fa7f973ab19f4bc,2014-08,Essex Police,Essex Police,0.891954,51.893857,On or near Pedestrian Subway,E01021646,Colchester 007A,Shoplifting,Investigation complete; no suspect identified,
,2014-08,Essex Police,Essex Police,0.900942,51.896630,On or near Catchpool Road,E01021647,Colchester 007B,Anti-social behaviour,,
,2014-08,Essex Police,Essex Police,0.900995,51.892951,On or near Middle Mill,E01021647,Colchester 007B,Anti-social behaviour,,
,2014-08,Essex Police,Essex Police,0.910977,51.896931,On or near Meander Mews,E01021647,Colchester 007B,Anti-social behaviour,,
,2014-08,Essex Police,Essex Police,0.908464,51.893809,On or near Worcester Road,E01021647,Colchester 007B,Anti-social behaviour,,
,2014-08,Essex Police,Essex Police,0.905184,51.896589,On or near Theatre/Concert Hall,E01021647,Colchester 007B,Anti-social behaviour,,
,2014-08,Essex Police,Essex Police,0.907072,51.891380,On or near Roman Road,E01021647,Colchester 007B,Anti-social behaviour,,
,2014-08,Essex Police,Essex Police,0.910977,51.896931,On or near Meander Mews,E01021647,Colchester 007B,Anti-social behaviour,,
aba95af458dd81bf83c02ca45bfa13d1dfdce723fdd24541e155ea787a8934f2,2014-08,Essex Police,Essex Police,0.899996,51.896393,On or near Kings Meadow Road,E01021647,Colchester 007B,Burglary,Under investigation,
59e57394245e3adbde0305d8b50ab65605da19972ec43cad910873ff380a5dd3,2014-08,Essex Police,Essex Police,0.899996,51.896393,On or near Kings Meadow Road,E01021647,Colchester 007B,Burglary,Under investigation,
733154d43001447affdcbe229760f3a1104190bedc8a21ef807f6aa94507b6cd,2014-08,Essex Police,Essex Police,0.900942,51.896630,On or near Catchpool Road,E01021647,Colchester 007B,Burglary,Under investigation,
7fb402eee065ddbdbd80dcb262fe5db6dca777e872102941b7855e7fd3d2c0d6,2014-08,Essex Police,Essex Police,0.910977,51.896931,On or near Meander Mews,E01021647,Colchester 007B,Criminal damage and arson,Investigation complete; no suspect identified,
11a70aa17c079c0f716fd34842b8b7da6a0fb7971c61c97dded5b3b7b404ead3,2014-08,Essex Police,Essex Police,0.906080,51.891782,On or near Castle Road,E01021647,Colchester 007B,Criminal damage and arson,Investigation complete; no suspect identified,
70a69a71eb09c97f2df02046d281a7d67980ebc3f28ad39f8f6c495601038ca0,2014-08,Essex Police,Essex Police,0.898584,51.898397,On or near Bloyes Mews,E01021647,Colchester 007B,Criminal damage and arson,Under investigation,
e2646c662645d10a39b855615fba65f2ca2992e1de7c8f61f199dce38023b227,2014-08,Essex Police,Essex Police,0.906126,51.897672,On or near Cowdray Avenue,E01021647,Colchester 007B,Drugs,Offender given a drugs possession warning,
e52d64f29e47db191c7bd6cd23b85e9d704f9f72d7e1b1d17b96618cfc8fb922,2014-08,Essex Police,Essex Police,0.906126,51.897672,On or near Cowdray Avenue,E01021647,Colchester 007B,Other theft,Under investigation,
11f52ab11357dafdcb526f1494b87fbde98fbb2fb4ca7187b0db89904cb3b65b,2014-08,Essex Police,Essex Police,0.901742,51.896638,On or near Jarmin Road,E01021647,Colchester 007B,Other theft,Investigation complete; no suspect identified,
d8629adcdf6b664332a9e1bcea9df35126b1e2f3927514dc8be7a54ca693cef0,2014-08,Essex Police,Essex Police,0.905184,51.896589,On or near Theatre/Concert Hall,E01021647,Colchester 007B,Robbery,Under investigation,
c0f565ea2776e5a33cc4798ba334b2258c67baa51223ec716d565d64e81a30e8,2014-08,Essex Police,Essex Police,0.905184,51.896589,On or near Theatre/Concert Hall,E01021647,Colchester 007B,Robbery,Under investigation,
de1232392af53c0c96aa7ae42f16f7d797a51a48987a9a8c5c6f194f1b25770c,2014-08,Essex Police,Essex Police,0.905184,51.896589,On or near Theatre/Concert Hall,E01021647,Colchester 007B,Robbery,Under investigation,
bdf825801efa1a5f27bb19712e070dbe109d625ef91ff8310c507740ee0cbd53,2014-08,Essex Police,Essex Police,0.905184,51.896589,On or near Theatre/Concert Hall,E01021647,Colchester 007B,Robbery,Under investigation,
838b7a69311f9b0e183c96322fa781741aab7b299b511f9f5e66063cd370a250,2014-08,Essex Police,Essex Police,0.910469,51.894686,On or near Carlisle Close,E01021647,Colchester 007B,Violence and sexual offences,Unable to prosecute suspect,
0b52ca70e9ddd0aaf85f55fa4195c84eb476d0c4d977a005cc740c6342a00965,2014-08,Essex Police,Essex Police,0.900942,51.896630,On or near Catchpool Road,E01021647,Colchester 007B,Violence and sexual offences,Under investigation,
c51790c2d63447c8863cc664c8c85b818fa3b538455bf029a3504881a2a6f357,2014-08,Essex Police,Essex Police,0.906080,51.891782,On or near Castle Road,E01021647,Colchester 007B,Violence and sexual offences,Under investigation,
5ffbf31bb873fde6bcd0430883b7b62860dbc173b220d6e130268543c4c3fe3d,2014-08,Essex Police,Essex Police,0.906080,51.891782,On or near Castle Road,E01021647,Colchester 007B,Violence and sexual offences,Unable to prosecute suspect,
22c02276fe8ebba1cc1d185cd5abd35f7a4914b53cc30710acce83b32b79598d,2014-08,Essex Police,Essex Police,0.905184,51.896589,On or near Theatre/Concert Hall,E01021647,Colchester 007B,Violence and sexual offences,Under investigation,
8e77dc8c125f919adfcb12c264ef55f1634b4044b13af534882eca264687c600,2014-08,Essex Police,Essex Police,0.910977,51.896931,On or near Meander Mews,E01021647,Colchester 007B,Violence and sexual offences,Unable to prosecute suspect,
ab3af16b65838723f0fe388b5dcee1e765d32872ce9d13599f52c41bf0160e40,2014-08,Essex Police,Essex Police,0.906126,51.897672,On or near Cowdray Avenue,E01021647,Colchester 007B,Other crime,Under investigation,
,2014-08,Essex Police,Essex Police,0.906740,51.888726,On or near Sports/Recreation Area,E01021648,Colchester 007C,Anti-social behaviour,,
,2014-08,Essex Police,Essex Police,0.910654,51.889915,On or near East Hill,E01021648,Colchester 007C,Anti-social behaviour,,
,2014-08,Essex Police,Essex Police,0.910475,51.890063,On or near Eaglegate,E01021648,Colchester 007C,Anti-social behaviour,,
,2014-08,Essex Police,Essex Police,0.913505,51.889718,On or near East Bay,E01021648,Colchester 007C,Anti-social behaviour,,
,2014-08,Essex Police,Essex Police,0.903893,51.888751,On or near Queen Street,E01021648,Colchester 007C,Anti-social behaviour,,
,2014-08,Essex Police,Essex Police,0.903893,51.888751,On or near Queen Street,E01021648,Colchester 007C,Anti-social behaviour,,
,2014-08,Essex Police,Essex Police,0.916034,51.890159,On or near East Street,E01021648,Colchester 007C,Anti-social behaviour,,
,2014-08,Essex Police,Essex Police,0.910654,51.889915,On or near East Hill,E01021648,Colchester 007C,Anti-social behaviour,,
,2014-08,Essex Police,Essex Police,0.913212,51.888566,On or near Brook Street,E01021648,Colchester 007C,Anti-social behaviour,,
,2014-08,Essex Police,Essex Police,0.912301,51.887734,On or near Brooklands,E01021648,Colchester 007C,Anti-social behaviour,,
,2014-08,Essex Police,Essex Police,0.906740,51.888726,On or near Sports/Recreation Area,E01021648,Colchester 007C,Anti-social behaviour,,
,2014-08,Essex Police,Essex Police,0.903936,51.888057,On or near Bus/Coach Station,E01021648,Colchester 007C,Anti-social behaviour,,
,2014-08,Essex Police,Essex Police,0.912301,51.887734,On or near Brooklands,E01021648,Colchester 007C,Anti-social behaviour,,
,2014-08,Essex Police,Essex Police,0.911500,51.887700,On or near Childwell Alley,E01021648,Colchester 007C,Anti-social behaviour,,
,2014-08,Essex Police,Essex Police,0.912301,51.887734,On or near Brooklands,E01021648,Colchester 007C,Anti-social behaviour,,
,2014-08,Essex Police,Essex Police,0.911500,51.887700,On or near Childwell Alley,E01021648,Colchester 007C,Anti-social behaviour,,
,2014-08,Essex Police,Essex Police,0.910475,51.890063,On or near Eaglegate,E01021648,Colchester 007C,Anti-social behaviour,,
5fee8d6fad499d76cf0088722d70c258ab81cbf9ad03f1956073bbe2307c8538,2014-08,Essex Police,Essex Police,0.915510,51.890604,On or near Grosvenor Place,E01021648,Colchester 007C,Bicycle theft,Investigation complete; no suspect identified,
5f1b457fcc76910d2e12da7548056c1e19f1bd089061cdaf99492723b81e03a9,2014-08,Essex Police,Essex Police,0.908447,51.890392,On or near Land Lane,E01021648,Colchester 007C,Bicycle theft,Investigation complete; no suspect identified,
8ce2ae4066e61e81dd201a912725ef7c34f6b6117935d263ad3fb2047ac6816c,2014-08,Essex Police,Essex Police,0.903575,51.888768,On or near Theme/Adventure Park,E01021648,Colchester 007C,Bicycle theft,Investigation complete; no suspect identified,
dde23029b5ae1038156d2946e1a13ceff4a0e5bb4b3f80cd16e80e1f72268a16,2014-08,Essex Police,Essex Police,0.916549,51.890938,On or near Harold Collins Place,E01021648,Colchester 007C,Criminal damage and arson,Investigation complete; no suspect identified,
0c73eb878ae5a0832e5716efc64208ec82d3906dcafc59256d1eb07ddedd2852,2014-08,Essex Police,Essex Police,0.904659,51.888912,On or near Parking Area,E01021648,Colchester 007C,Criminal damage and arson,Investigation complete; no suspect identified,
77c4e2d525180151bf58f64d7b52c0b7966fa9cae667dfb769da390824fe838a,2014-08,Essex Police,Essex Police,0.906740,51.888726,On or near Sports/Recreation Area,E01021648,Colchester 007C,Criminal damage and arson,Under investigation,
55d4c927f222c3df82af146fff583ea4f7ede39305aead3db6c4fa97e73678af,2014-08,Essex Police,Essex Police,0.906740,51.888726,On or near Sports/Recreation Area,E01021648,Colchester 007C,Drugs,Offender given a caution,
d18d6c047386705e5abd92cafbe599e20abbea343d7e83fa5478578e8fd0611d,2014-08,Essex Police,Essex Police,0.903575,51.888768,On or near Theme/Adventure Park,E01021648,Colchester 007C,Drugs,Offender given a drugs possession warning,
20d647f7310acdbbdb60cf55b9545e7feb3adf3120109a80e7bde34f711a4680,2014-08,Essex Police,Essex Police,0.907789,51.889653,On or near St. James' Rise,E01021648,Colchester 007C,Other theft,Investigation complete; no suspect identified,
d61e95c0c026d0dfbf312b2e063b3d16dab403bf0a2cab9a5e6db42f4ab77c47,2014-08,Essex Police,Essex Police,0.906740,51.888726,On or near Sports/Recreation Area,E01021648,Colchester 007C,Possession of weapons,Unable to prosecute suspect,
f404193bf1e7eb28b2fcb35a04503199c692c9b572967aa9e21e8b07593419c1,2014-08,Essex Police,Essex Police,0.903575,51.888768,On or near Theme/Adventure Park,E01021648,Colchester 007C,Shoplifting,Awaiting court outcome,
80b7cebde6b7b5d7c5f465a68cd6cb7dc8dfa6e003cd76622bc0a8f74c995e51,2014-08,Essex Police,Essex Police,0.903575,51.888768,On or near Theme/Adventure Park,E01021648,Colchester 007C,Shoplifting,Offender given a caution,
14a49c544c4f692abed5c940eb3192eb851f2f295dab6d557e7223ca69f99c9c,2014-08,Essex Police,Essex Police,0.903575,51.888768,On or near Theme/Adventure Park,E01021648,Colchester 007C,Shoplifting,Offender given conditional discharge,
b25b95c8fcd48b89faeca80a590c2c7b8eaa07587ee94e7425fa62fc0b8c67ba,2014-08,Essex Police,Essex Police,0.903575,51.888768,On or near Theme/Adventure Park,E01021648,Colchester 007C,Shoplifting,Awaiting court outcome,
8c54d75d1dd017419118e247eed282515ca5d144cff0577db54011a5c494411b,2014-08,Essex Police,Essex Police,0.903575,51.888768,On or near Theme/Adventure Park,E01021648,Colchester 007C,Violence and sexual offences,Awaiting court outcome,
3085928197453251fa4277d33055bee09b4dad92c164da386f19c21c25cb19ed,2014-08,Essex Police,Essex Police,0.903575,51.888768,On or near Theme/Adventure Park,E01021648,Colchester 007C,Violence and sexual offences,Awaiting court outcome,
a71e49de333ffdbe008c225a6e6b6cb0b4d7629d37814ba6d9eec5f55d484065,2014-08,Essex Police,Essex Police,0.904659,51.888912,On or near Parking Area,E01021648,Colchester 007C,Violence and sexual offences,Unable to prosecute suspect,
6fc35074dacd56acc4b5f6f295cace593e41c443b095d3ca6aa5f7fae28e8378,2014-08,Essex Police,Essex Police,0.916034,51.890159,On or near East Street,E01021648,Colchester 007C,Violence and sexual offences,Under investigation,
,2014-08,Essex Police,Essex Police,0.899875,51.890226,On or near Nightclub,E01021649,Colchester 007D,Anti-social behaviour,,
,2014-08,Essex Police,Essex Police,0.897532,51.892209,On or near Short Cut Road,E01021649,Colchester 007D,Anti-social behaviour,,
,2014-08,Essex Police,Essex Police,0.902263,51.889844,On or near Museum Street,E01021649,Colchester 007D,Anti-social behaviour,,
,2014-08,Essex Police,Essex Police,0.901994,51.891307,On or near Ryegate Road,E01021649,Colchester 007D,Anti-social behaviour,,
,2014-08,Essex Police,Essex Police,0.900615,51.887717,On or near Vineyard Gate,E01021649,Colchester 007D,Anti-social behaviour,,
,2014-08,Essex Police,Essex Police,0.896245,51.888706,On or near Head Street,E01021649,Colchester 007D,Anti-social behaviour,,
,2014-08,Essex Police,Essex Police,0.898856,51.892464,On or near Northgate Street,E01021649,Colchester 007D,Anti-social behaviour,,
,2014-08,Essex Police,Essex Police,0.897825,51.889081,On or near Culver Street West,E01021649,Colchester 007D,Anti-social behaviour,,
,2014-08,Essex Police,Essex Police,0.902706,51.887692,On or near Vineyard Street,E01021649,Colchester 007D,Anti-social behaviour,,
,2014-08,Essex Police,Essex Police,0.900615,51.887717,On or near Vineyard Gate,E01021649,Colchester 007D,Anti-social behaviour,,
,2014-08,Essex Police,Essex Police,0.900874,51.891524,On or near Taylor Court,E01021649,Colchester 007D,Anti-social behaviour,,
,2014-08,Essex Police,Essex Police,0.901325,51.890172,On or near George Street,E01021649,Colchester 007D,Anti-social behaviour,,
,2014-08,Essex Police,Essex Police,0.903419,51.887036,On or near St Botolph'S Street,E01021649,Colchester 007D,Anti-social behaviour,,
,2014-08,Essex Police,Essex Police,0.902263,51.889844,On or near Museum Street,E01021649,Colchester 007D,Anti-social behaviour,,
,2014-08,Essex Police,Essex Police,0.901994,51.891307,On or near Ryegate Road,E01021649,Colchester 007D,Anti-social behaviour,,
,2014-08,Essex Police,Essex Police,0.900615,51.887717,On or near Vineyard Gate,E01021649,Colchester 007D,Anti-social behaviour,,
,2014-08,Essex Police,Essex Police,0.899363,51.891759,On or near Stockwell,E01021649,Colchester 007D,Anti-social behaviour,,
,2014-08,Essex Police,Essex Police,0.893600,51.887800,On or near Pedestrian Subway,E01021649,Colchester 007D,Anti-social behaviour,,
,2014-08,Essex Police,Essex Police,0.908800,51.887317,On or near Nicholsons Grove,E01021649,Colchester 007D,Anti-social behaviour,,
,2014-08,Essex Police,Essex Police,0.900615,51.887717,On or near Vineyard Gate,E01021649,Colchester 007D,Anti-social behaviour,,
,2014-08,Essex Police,Essex Police,0.901710,51.891404,On or near Maidenburgh Street,E01021649,Colchester 007D,Anti-social behaviour,,
,2014-08,Essex Police,Essex Police,0.893600,51.887800,On or near Pedestrian Subway,E01021649,Colchester 007D,Anti-social behaviour,,
,2014-08,Essex Police,Essex Police,0.896245,51.888706,On or near Head Street,E01021649,Colchester 007D,Anti-social behaviour,,
,2014-08,Essex Police,Essex Police,0.900615,51.887717,On or near Vineyard Gate,E01021649,Colchester 007D,Anti-social behaviour,,
,2014-08,Essex Police,Essex Police,0.894129,51.887886,On or near Parking Area,E01021649,Colchester 007D,Anti-social behaviour,,
,2014-08,Essex Police,Essex Police,0.901420,51.887805,On or near Parking Area,E01021649,Colchester 007D,Anti-social behaviour,,
,2014-08,Essex Police,Essex Police,0.899199,51.888534,On or near Trinity Street,E01021649,Colchester 007D,Anti-social behaviour,,
,2014-08,Essex Police,Essex Police,0.896313,51.891114,On or near North Hill,E01021649,Colchester 007D,Anti-social behaviour,,
,2014-08,Essex Police,Essex Police,0.903419,51.887036,On or near St Botolph'S Street,E01021649,Colchester 007D,Anti-social behaviour,,
,2014-08,Essex Police,Essex Police,0.900615,51.887717,On or near Vineyard Gate,E01021649,Colchester 007D,Anti-social behaviour,,
,2014-08,Essex Police,Essex Police,0.897934,51.888970,On or near Shopping Area,E01021649,Colchester 007D,Anti-social behaviour,,
,2014-08,Essex Police,Essex Police,0.903419,51.887036,On or near St Botolph'S Street,E01021649,Colchester 007D,Anti-social behaviour,,
,2014-08,Essex Police,Essex Police,0.901710,51.891404,On or near Maidenburgh Street,E01021649,Colchester 007D,Anti-social behaviour,,
,2014-08,Essex Police,Essex Police,0.901710,51.891404,On or near Maidenburgh Street,E01021649,Colchester 007D,Anti-social behaviour,,
,2014-08,Essex Police,Essex Police,0.899875,51.890226,On or near Nightclub,E01021649,Colchester 007D,Anti-social behaviour,,
,2014-08,Essex Police,Essex Police,0.903419,51.887036,On or near St Botolph'S Street,E01021649,Colchester 007D,Anti-social behaviour,,
,2014-08,Essex Police,Essex Police,0.901710,51.891404,On or near Maidenburgh Street,E01021649,Colchester 007D,Anti-social behaviour,,
,2014-08,Essex Police,Essex Police,0.906062,51.887672,On or near St Julian Grove,E01021649,Colchester 007D,Anti-social behaviour,,
,2014-08,Essex Police,Essex Police,0.897825,51.889081,On or near Culver Street West,E01021649,Colchester 007D,Anti-social behaviour,,
,2014-08,Essex Police,Essex Police,0.900058,51.890581,On or near East Stockwell Street,E01021649,Colchester 007D,Anti-social behaviour,,
,2014-08,Essex Police,Essex Police,0.899199,51.888534,On or near Trinity Street,E01021649,Colchester 007D,Anti-social behaviour,,
,2014-08,Essex Police,Essex Police,0.896313,51.891114,On or near North Hill,E01021649,Colchester 007D,Anti-social behaviour,,
,2014-08,Essex Police,Essex Police,0.901994,51.891307,On or near Ryegate Road,E01021649,Colchester 007D,Anti-social behaviour,,
,2014-08,Essex Police,Essex Police,0.898356,51.887395,On or near Parking Area,E01021649,Colchester 007D,Anti-social behaviour,,
,2014-08,Essex Police,Essex Police,0.897825,51.889081,On or near Culver Street West,E01021649,Colchester 007D,Anti-social behaviour,,
,2014-08,Essex Police,Essex Police,0.899199,51.888534,On or near Trinity Street,E01021649,Colchester 007D,Anti-social behaviour,,
,2014-08,Essex Police,Essex Police,0.900116,51.889231,On or near Shopping Area,E01021649,Colchester 007D,Anti-social behaviour,,
,2014-08,Essex Police,Essex Police,0.900615,51.887717,On or near Vineyard Gate,E01021649,Colchester 007D,Anti-social behaviour,,
,2014-08,Essex Police,Essex Police,0.900615,51.887717,On or near Vineyard Gate,E01021649,Colchester 007D,Anti-social behaviour,,
,2014-08,Essex Police,Essex Police,0.897825,51.889081,On or near Culver Street West,E01021649,Colchester 007D,Anti-social behaviour,,
20a862f986c2a76b26044ca9ff185e3cfaef11527443b710380f3a070646c56f,2014-08,Essex Police,Essex Police,0.899199,51.888534,On or near Trinity Street,E01021649,Colchester 007D,Bicycle theft,Investigation complete; no suspect identified,
ea6e211825bb07471ef0cf3fb104b8387ada61ce9c21d1a03a582f4ae6153351,2014-08,Essex Police,Essex Police,0.891763,51.887710,On or near Crouch Street,E01021649,Colchester 007D,Bicycle theft,Under investigation,
b65a8219349e91a4f9e190b3e60592ad3ac7ea8b452d7581edf20ae96913af70,2014-08,Essex Police,Essex Police,0.891763,51.887710,On or near Crouch Street,E01021649,Colchester 007D,Bicycle theft,Investigation complete; no suspect identified,
cf1f9b9a5bea1df0e8ceea952430144129ba3de4d4b990e65770ac160814eb2b,2014-08,Essex Police,Essex Police,0.900615,51.887717,On or near Vineyard Gate,E01021649,Colchester 007D,Bicycle theft,Investigation complete; no suspect identified,
013db837a57380e564af3ee3a5fd21e45ecf9b1caf93ca28bf06c8458a13a8ab,2014-08,Essex Police,Essex Police,0.891763,51.887710,On or near Crouch Street,E01021649,Colchester 007D,Bicycle theft,Under investigation,
5d0af09e5ba705b4ffa1c93a7bc08e76a7351fe841d5a98a9027c5b5424d4ca6,2014-08,Essex Police,Essex Police,0.901388,51.886861,On or near Parking Area,E01021649,Colchester 007D,Bicycle theft,Investigation complete; no suspect identified,
f447f1c977ceadca31eaff948e35b235851ea1334c1e27118fc09497d696d57c,2014-08,Essex Police,Essex Police,0.902885,51.887993,On or near Short Wyre Street,E01021649,Colchester 007D,Bicycle theft,Investigation complete; no suspect identified,
cb87a9f2f252e371860849001b02b6f27b51bde67c4b7934f0523606de6f3bc6,2014-08,Essex Police,Essex Police,0.901260,51.888708,On or near Shopping Area,E01021649,Colchester 007D,Bicycle theft,Investigation complete; no suspect identified,
0f8de346489ef3458d2e81dfba7cc54e60570934cbf3bb0881ac51d08bf6466e,2014-08,Essex Police,Essex Police,0.899363,51.891759,On or near Stockwell,E01021649,Colchester 007D,Burglary,Under investigation,
468639e6870be52534fda919123022dea49ebad3f8ada92e27b7a064b4e8ed67,2014-08,Essex Police,Essex Police,0.901710,51.891404,On or near Maidenburgh Street,E01021649,Colchester 007D,Burglary,Under investigation,
0c96bd740babdccf19228cbb84018cf083819c8df8f33d240ed29bb00f0cfbd5,2014-08,Essex Police,Essex Police,0.900116,51.889231,On or near Shopping Area,E01021649,Colchester 007D,Burglary,Investigation complete; no suspect identified,
5c6b51535f163b6020c7ea5dee90d3fd80891fcce8bd3372555817c8cb02c592,2014-08,Essex Police,Essex Police,0.898530,51.887615,On or near St John'S Street,E01021649,Colchester 007D,Burglary,Investigation complete; no suspect identified,
25fa2647aab00c56bcea0e6366ab999a5baf0a646ae47e54b33055e170297f55,2014-08,Essex Police,Essex Police,0.901388,51.886861,On or near Parking Area,E01021649,Colchester 007D,Criminal damage and arson,Under investigation,
0315faaa6004b7f97cff29e5e7205f23e8ad3abe6e8171a8add03405ddba38ba,2014-08,Essex Police,Essex Police,0.901710,51.891404,On or near Maidenburgh Street,E01021649,Colchester 007D,Criminal damage and arson,Under investigation,
3b2fd2bd15596ae8d52bf5b7d8c2a563bc9ff7b42ff212429ffce73e23508100,2014-08,Essex Police,Essex Police,0.901994,51.891307,On or near Ryegate Road,E01021649,Colchester 007D,Criminal damage and arson,Investigation complete; no suspect identified,
c2ae950bac567c89ddf849f076de2b1587fec71a5a35fc1f860d8d88bb245092,2014-08,Essex Police,Essex Police,0.900058,51.890581,On or near East Stockwell Street,E01021649,Colchester 007D,Criminal damage and arson,Under investigation,
9b1c29f845996b2a1ca962194be6b70798142c5663a13bb81264bf2467337726,2014-08,Essex Police,Essex Police,0.901710,51.891404,On or near Maidenburgh Street,E01021649,Colchester 007D,Criminal damage and arson,Investigation complete; no suspect identified,
72e3f91240a6d40ed407b3ce8ff385521bf2f9c63061fd9d07220d9978d710a0,2014-08,Essex Police,Essex Police,0.899399,51.886676,On or near Pedestrian Subway,E01021649,Colchester 007D,Criminal damage and arson,Investigation complete; no suspect identified,
33d4b1f81a556d54f5fa1bd59b9819a38a3b90534d2b1b879a4fdf0724f02ff4,2014-08,Essex Police,Essex Police,0.897532,51.892209,On or near Short Cut Road,E01021649,Colchester 007D,Criminal damage and arson,Investigation complete; no suspect identified,
5048fa42bfa93be353b991597b784a2483cd7ceb0258136c6a676f6021085089,2014-08,Essex Police,Essex Police,0.897554,51.891659,On or near Parking Area,E01021649,Colchester 007D,Criminal damage and arson,Investigation complete; no suspect identified,
f11680d6222e1bee00d3cc69237754d9999f8e1e260ff1fb50e7d4c743559105,2014-08,Essex Police,Essex Police,0.895674,51.887964,On or near Church Walk,E01021649,Colchester 007D,Drugs,Under investigation,
2ca532a3b161ab02bb497918b765862fcfea32e7b16a40283365e1d36f599721,2014-08,Essex Police,Essex Police,0.899875,51.890226,On or near Nightclub,E01021649,Colchester 007D,Drugs,Under investigation,
e41b7da18281144a6c65abb066753ea2598c7b727a32c3dcc09e2750a8e1644c,2014-08,Essex Police,Essex Police,0.899875,51.890226,On or near Nightclub,E01021649,Colchester 007D,Drugs,Under investigation,
c4d452fabf60365896182a360b4e40c28075312be833440802bbce287f59595c,2014-08,Essex Police,Essex Police,0.898501,51.890107,On or near St Runwald Street,E01021649,Colchester 007D,Drugs,Offender given a caution,
c8e639b35aa555c1ae61943e441690ffccfb675ba4ea30648accd1131a2dcb28,2014-08,Essex Police,Essex Police,0.903419,51.887036,On or near St Botolph'S Street,E01021649,Colchester 007D,Other theft,Investigation complete; no suspect identified,
69d6e260310366528f14eebf185c2db5cc82cb3589a1d109066ec3849837cea2,2014-08,Essex Police,Essex Police,0.900413,51.887074,On or near Whitewell Road,E01021649,Colchester 007D,Other theft,Under investigation,
bba0b7bea8f7fb98ea853a79029c6b4a228da6a2566eb6f25ea0c8a10182c4b3,2014-08,Essex Police,Essex Police,0.900435,51.889439,On or near Shopping Area,E01021649,Colchester 007D,Other theft,Investigation complete; no suspect identified,
ee31fcc7c013f6a95f423cd16029ec39727e45a157d28b135b5e10b6cb8e0be6,2014-08,Essex Police,Essex Police,0.895082,51.888923,On or near Church Street,E01021649,Colchester 007D,Other theft,Under investigation,
6e2d6f5388fc45de0d4ef1b475c9065481bcf2639242a7c12e0318dcd398ecf5,2014-08,Essex Police,Essex Police,0.893600,51.887800,On or near Pedestrian Subway,E01021649,Colchester 007D,Other theft,Investigation complete; no suspect identified,
b53fcb2244477ccbbdc41bfe23b02145dd96b7c0fd4e2866054f6694a14be788,2014-08,Essex Police,Essex Police,0.900116,51.889231,On or near Shopping Area,E01021649,Colchester 007D,Other theft,Investigation complete; no suspect identified,
69708fca3cf56023d7e1a6638056818c167347299bdb90b8ab893d192af39266,2014-08,Essex Police,Essex Police,0.896313,51.891114,On or near North Hill,E01021649,Colchester 007D,Other theft,Under investigation,
a3749934341bf438aaee39cbe18413bf9251851b3789974d6dcb8f568b2936d9,2014-08,Essex Police,Essex Police,0.893600,51.887800,On or near Pedestrian Subway,E01021649,Colchester 007D,Other theft,Investigation complete; no suspect identified,
e9143a638a6d6cb6e5e67d84819411bed96a31a49830bd65461d5c3bba34dac9,2014-08,Essex Police,Essex Police,0.898356,51.887395,On or near Parking Area,E01021649,Colchester 007D,Other theft,Investigation complete; no suspect identified,
ed0f5de50299da8f8f2a1ac01b86621c872f034ef5ac45ced0e69e382caf63d0,2014-08,Essex Police,Essex Police,0.897825,51.889081,On or near Culver Street West,E01021649,Colchester 007D,Other theft,Investigation complete; no suspect identified,
e8b7873f0d567af6f02b7046d70aeec528eebd5e788fd8fd3a6e2ab3bbe28eab,2014-08,Essex Police,Essex Police,0.898501,51.890107,On or near St Runwald Street,E01021649,Colchester 007D,Other theft,Investigation complete; no suspect identified,
59113166d924d168b75f5120cb315a339a09fbfd69ca2646030657d8d1ea6bc1,2014-08,Essex Police,Essex Police,0.896245,51.888706,On or near Head Street,E01021649,Colchester 007D,Other theft,Under investigation,
1a70967e357a491bac399e8c8535a422bd039842a3cb6e206f0e9d4472d85948,2014-08,Essex Police,Essex Police,0.895674,51.887964,On or near Church Walk,E01021649,Colchester 007D,Other theft,Investigation complete; no suspect identified,
a112f2f6218839ee7bec81888a4e93bbb08e83692ed0b2b7be3e1ccb1f0ecad8,2014-08,Essex Police,Essex Police,0.899199,51.888534,On or near Trinity Street,E01021649,Colchester 007D,Other theft,Under investigation,
d326872bce043bbced7afcd09b318ce9ac55a4efc093ca052cb615137a561094,2014-08,Essex Police,Essex Police,0.893600,51.887800,On or near Pedestrian Subway,E01021649,Colchester 007D,Other theft,Awaiting court outcome,
a8d275d6468e221bea3492af593f8f58de6180bcd95fc086e5824ba4eb8973a0,2014-08,Essex Police,Essex Police,0.902192,51.889423,On or near St Nicholas Street,E01021649,Colchester 007D,Other theft,Investigation complete; no suspect identified,
e6c49c736819fd3f2a874d6e6a5492274ffddf8ea37c55bd401139ab00697707,2014-08,Essex Police,Essex Police,0.899288,51.889233,On or near Shopping Area,E01021649,Colchester 007D,Other theft,Investigation complete; no suspect identified,
8df0055b296102b3514935bae905250e8d982fedd4c006bded7f47aaf3ff98e6,2014-08,Essex Police,Essex Police,0.899399,51.886676,On or near Pedestrian Subway,E01021649,Colchester 007D,Possession of weapons,Under investigation,
b10970f1814bee71a3812b2c3824fafe276b42b7da22a68ad1450db96c67fbe3,2014-08,Essex Police,Essex Police,0.897825,51.889081,On or near Culver Street West,E01021649,Colchester 007D,Public order,Under investigation,
8100aeb05a88fa1371a502e99d804c36ba4a7ec249ee8acbb8e231ab73cef917,2014-08,Essex Police,Essex Police,0.896245,51.888706,On or near Head Street,E01021649,Colchester 007D,Public order,Under investigation,
86e82a3668ceaef0da4e4e2efea900af6d61a53cf5d2e05a5f8a545156510b3c,2014-08,Essex Police,Essex Police,0.897825,51.889081,On or near Culver Street West,E01021649,Colchester 007D,Public order,Awaiting court outcome,
a14b83c89de512cae88b4354849cd4b880af3cd6a046fbecc8fa2fee53b46889,2014-08,Essex Police,Essex Police,0.905086,51.886734,On or near Parking Area,E01021649,Colchester 007D,Public order,Under investigation,
255bacda7334a22fe05ee9259418ab2b3d62ad8f6fb5bea67412357c77ae8996,2014-08,Essex Police,Essex Police,0.897825,51.889081,On or near Culver Street West,E01021649,Colchester 007D,Public order,Under investigation,
f949249a840f6540c50dedaf3443477f33fa3ecd5417b507798be0f391ba0cad,2014-08,Essex Police,Essex Police,0.898530,51.887615,On or near St John'S Street,E01021649,Colchester 007D,Public order,Under investigation,
1c76a328a1a6fed66400f0dffb3bd0802c4792b218bf4d50a9bbade135e3d50e,2014-08,Essex Police,Essex Police,0.898530,51.887615,On or near St John'S Street,E01021649,Colchester 007D,Public order,Under investigation,
3ceae213e038797b151d72c88984be9e39b8e6ff33ea6fef6cad2d81910bc39e,2014-08,Essex Police,Essex Police,0.893600,51.887800,On or near Pedestrian Subway,E01021649,Colchester 007D,Public order,Under investigation,
cb15e1faa8782f450b20329abc89447d0f9e12438e915f09131a659ef98c4a23,2014-08,Essex Police,Essex Police,0.897877,51.888090,On or near Shopping Area,E01021649,Colchester 007D,Shoplifting,Awaiting court outcome,
f92f1c0f6dae08679dea2be1f9f46885f307f06fcfc970ee87d843e30d8bc335,2014-08,Essex Police,Essex Police,0.899199,51.888534,On or near Trinity Street,E01021649,Colchester 007D,Shoplifting,Under investigation,
98ca03df59fdcc50137beba8ab9e4c78b66450491495522a5ee04448adebc82f,2014-08,Essex Police,Essex Police,0.898530,51.887615,On or near St John'S Street,E01021649,Colchester 007D,Shoplifting,Offender fined,
b4886fad88c3237ce1545bec2d99e67e1bbe06f452533dc8329c202fa98e85cb,2014-08,Essex Police,Essex Police,0.898356,51.887395,On or near Parking Area,E01021649,Colchester 007D,Shoplifting,Under investigation,
cbfe722ccfeb864189764855f39e0b77f1614d752ab7528691fe72fbf321c61c,2014-08,Essex Police,Essex Police,0.900116,51.889231,On or near Shopping Area,E01021649,Colchester 007D,Shoplifting,Under investigation,
3858dabacc02477a5911d04bd7a9274475472e2d80adcba3fc120b592b7c5361,2014-08,Essex Police,Essex Police,0.898501,51.890107,On or near St Runwald Street,E01021649,Colchester 007D,Shoplifting,Under investigation,
ecd65c24534f7467c52d6e26ba2a50cae2125d84ccd0ab7fa398619d57722331,2014-08,Essex Police,Essex Police,0.897825,51.889081,On or near Culver Street West,E01021649,Colchester 007D,Shoplifting,Awaiting court outcome,
dd5b2878b6aa772f2c69b954d25c49ec9aec2af266511fd718aea85396572585,2014-08,Essex Police,Essex Police,0.900116,51.889231,On or near Shopping Area,E01021649,Colchester 007D,Shoplifting,Offender given a caution,
b53ba7b7562820a5cd9fb6e15b0377141a2f63b5379286b5ccf2d57c2af6c5c5,2014-08,Essex Police,Essex Police,0.897934,51.888970,On or near Shopping Area,E01021649,Colchester 007D,Shoplifting,Awaiting court outcome,
ee7d0f01c0cd96b2caacf941872427499f19c9ccbbd5c082ea488fc4c468e99d,2014-08,Essex Police,Essex Police,0.899199,51.888534,On or near Trinity Street,E01021649,Colchester 007D,Shoplifting,Under investigation,
3e585ded0b713582647ae07caa06888e0c88beb5e0fafef841fa5171c5a4688a,2014-08,Essex Police,Essex Police,0.897877,51.888090,On or near Shopping Area,E01021649,Colchester 007D,Shoplifting,Offender fined,
7ef789b8338de92dfe8f1158399fda7045ee4237baec8d38116cc2ab8b1aff41,2014-08,Essex Police,Essex Police,0.897877,51.888090,On or near Shopping Area,E01021649,Colchester 007D,Shoplifting,Under investigation,
7cfd7be7d06e64984b76a0815fb986dbea6940eada0dabfb7992b5326de9b713,2014-08,Essex Police,Essex Police,0.902263,51.889844,On or near Museum Street,E01021649,Colchester 007D,Shoplifting,Investigation complete; no suspect identified,
9dee69af902e023ae5ec35ab24ebcab162e3fc413f5ba14070fd2981ae1b3d64,2014-08,Essex Police,Essex Police,0.902272,51.888620,On or near Long Wyre Street,E01021649,Colchester 007D,Shoplifting,Awaiting court outcome,
15f395284a0395cbd89a8bd6e8140a0cbee0236eb77cd10fec3cfcd97625c73a,2014-08,Essex Police,Essex Police,0.900116,51.889231,On or near Shopping Area,E01021649,Colchester 007D,Shoplifting,Awaiting court outcome,
b66ffc7e1b4d3271bf2eb76069fe2945e48876cddb029dd33047e10e77751e94,2014-08,Essex Police,Essex Police,0.898356,51.887395,On or near Parking Area,E01021649,Colchester 007D,Shoplifting,Under investigation,
d77b24cc3796e930d35835287f8d82045302aea57b353542a15baa346ea51613,2014-08,Essex Police,Essex Police,0.901325,51.890172,On or near George Street,E01021649,Colchester 007D,Shoplifting,Under investigation,
336da6302566a69fea182540c9dfea0821881c77633415e9f4c3f00b797d9b67,2014-08,Essex Police,Essex Police,0.902272,51.888620,On or near Long Wyre Street,E01021649,Colchester 007D,Shoplifting,Investigation complete; no suspect identified,
63f9b0e1fcb22b85e30ad43c51f88f8029e551b37d23238a3457fdf892f9888a,2014-08,Essex Police,Essex Police,0.899199,51.888534,On or near Trinity Street,E01021649,Colchester 007D,Shoplifting,Offender given penalty notice,
bf6a4981bf52ded033396f7d7298966cbffbb59a324c60781c6ea357b2af3f19,2014-08,Essex Police,Essex Police,0.897825,51.889081,On or near Culver Street West,E01021649,Colchester 007D,Shoplifting,Under investigation,
7dc293c6dab89710db6f02b32f08fd8b824a4aa75dc0fc8518aab48710caf41d,2014-08,Essex Police,Essex Police,0.899199,51.888534,On or near Trinity Street,E01021649,Colchester 007D,Shoplifting,Awaiting court outcome,
b9a6a30efd1129a5c0af22ded19eefeac710c425fbf8f0a377fbf519381d2a17,2014-08,Essex Police,Essex Police,0.897825,51.889081,On or near Culver Street West,E01021649,Colchester 007D,Shoplifting,Under investigation,
8c1ff833829e6ec66bba59aee22a4f203cfe2b16fafb35fb75ec6490a34e612b,2014-08,Essex Police,Essex Police,0.902272,51.888620,On or near Long Wyre Street,E01021649,Colchester 007D,Shoplifting,Investigation complete; no suspect identified,
d71c0815792b639e3001156dfc005f22100aaf04f292c002e838ac8f4a102df5,2014-08,Essex Police,Essex Police,0.901388,51.886861,On or near Parking Area,E01021649,Colchester 007D,Shoplifting,Under investigation,
80a9abdf735443b82343c78a06d119033b4dfde4f35f42dbd25c060eeaf7c5ee,2014-08,Essex Police,Essex Police,0.899415,51.887378,On or near Abbey Gate Street,E01021649,Colchester 007D,Shoplifting,Investigation complete; no suspect identified,
ec8683dd6c37bd52db4fda346e1fcec602ddb27f637d955edfa1a11d3f7e4dbf,2014-08,Essex Police,Essex Police,0.898356,51.887395,On or near Parking Area,E01021649,Colchester 007D,Shoplifting,Under investigation,
56843684cc826064c456222ce623a7835a9d9c64cc25a27fcbbbc71716d43633,2014-08,Essex Police,Essex Police,0.901994,51.891307,On or near Ryegate Road,E01021649,Colchester 007D,Theft from the person,Under investigation,
df2f9183effd34d599181deac8a9a0126fcf9678748757a3f05b3ab6431eb5c2,2014-08,Essex Police,Essex Police,0.901260,51.888708,On or near Shopping Area,E01021649,Colchester 007D,Theft from the person,Investigation complete; no suspect identified,
fed2a00da91c9bb18a04345a9c2c18789de005962dc0115fc7d185d841dcb2c8,2014-08,Essex Police,Essex Police,0.899199,51.888534,On or near Trinity Street,E01021649,Colchester 007D,Theft from the person,Investigation complete; no suspect identified,
7a986134979c684f8e8c4eeef38f948dd0af2a5d2c692506a7302c06635ba3ba,2014-08,Essex Police,Essex Police,0.896245,51.888706,On or near Head Street,E01021649,Colchester 007D,Theft from the person,Investigation complete; no suspect identified,
e5a48565680b33db11945c47d8f9266a6108c39f81b7d81132a727c09e83f89a,2014-08,Essex Police,Essex Police,0.896245,51.888706,On or near Head Street,E01021649,Colchester 007D,Theft from the person,Investigation complete; no suspect identified,
18a6492cafa7be2c6921d61daa8115272c8efb013f5ffdb78b90f374ca6880fb,2014-08,Essex Police,Essex Police,0.902706,51.887692,On or near Vineyard Street,E01021649,Colchester 007D,Vehicle crime,Investigation complete; no suspect identified,
790e745918e3507c5f7186457a6a603ff5f9e22d2788fbedddaea95bd0255719,2014-08,Essex Police,Essex Police,0.895674,51.887964,On or near Church Walk,E01021649,Colchester 007D,Violence and sexual offences,Unable to prosecute suspect,
5aee678dc706aea5f9f319f000afc2a5cbb3b38d34882dd0aba8514c9f2bab87,2014-08,Essex Police,Essex Police,0.902263,51.889844,On or near Museum Street,E01021649,Colchester 007D,Violence and sexual offences,Unable to prosecute suspect,
157ccacd512e929c43cedb8857a0a9baa7cf8122ed067740beda1388783198e9,2014-08,Essex Police,Essex Police,0.897778,51.887913,On or near Sir Isaac'S Walk,E01021649,Colchester 007D,Violence and sexual offences,Unable to prosecute suspect,
b2ae9d7482c6ef26f05087ada985c13b3215df472d9806c44790067da3914065,2014-08,Essex Police,Essex Police,0.901522,51.888045,On or near Supermarket,E01021649,Colchester 007D,Violence and sexual offences,Awaiting court outcome,
ef5315c27d9fc60e0cb8d381325b11a200b9c83178dce49e0d1cd5534d0b32f1,2014-08,Essex Police,Essex Police,0.897825,51.889081,On or near Culver Street West,E01021649,Colchester 007D,Violence and sexual offences,Offender given a caution,
58d9e7b068bd67676c09b34d7f7b6f89cd8030ead61ac958975c4320ed773302,2014-08,Essex Police,Essex Police,0.902706,51.887692,On or near Vineyard Street,E01021649,Colchester 007D,Violence and sexual offences,Under investigation,
cdfcc92ca122ae6d99a9aaf54e6113d7b96f9a7d10d2429d21c18c702254bf2d,2014-08,Essex Police,Essex Police,0.901522,51.888045,On or near Supermarket,E01021649,Colchester 007D,Violence and sexual offences,Unable to prosecute suspect,
e777fb088f1ff35b9d024b6efc9d491b37a26a07c49956f3609cc677b10b6bc8,2014-08,Essex Police,Essex Police,0.900413,51.887074,On or near Whitewell Road,E01021649,Colchester 007D,Violence and sexual offences,Under investigation,
b3da10d23147ea644e8f355c908ceeb17c0b12cce3f7de99735e8082116f1158,2014-08,Essex Police,Essex Police,0.899399,51.886676,On or near Pedestrian Subway,E01021649,Colchester 007D,Violence and sexual offences,Awaiting court outcome,
8b6898909e59095a3916342fd5dbd92aa6ab1060a52d1f546be973e425cdb933,2014-08,Essex Police,Essex Police,0.901710,51.891404,On or near Maidenburgh Street,E01021649,Colchester 007D,Violence and sexual offences,Unable to prosecute suspect,
22626e7e490933d0da244e2674a2422b3e380035f867c217d2fe4aff11e890f0,2014-08,Essex Police,Essex Police,0.903755,51.887064,On or near St Botolph'S Church Walk,E01021649,Colchester 007D,Violence and sexual offences,Under investigation,
f6efa9ebb0f9f293aee42dc68c63bf9d9d0611bb27ca19a660b5139f134919f6,2014-08,Essex Police,Essex Police,0.897825,51.889081,On or near Culver Street West,E01021649,Colchester 007D,Violence and sexual offences,Unable to prosecute suspect,
4761182a5aeeae725ccd5911968a02e1fab7e4e6281e2f06c81797fdba6c98a8,2014-08,Essex Police,Essex Police,0.901325,51.890172,On or near George Street,E01021649,Colchester 007D,Violence and sexual offences,Unable to prosecute suspect,
3e433a37013d590436a8bfee16d10622fbe68a19e52998a520a56533881db79e,2014-08,Essex Police,Essex Police,0.897825,51.889081,On or near Culver Street West,E01021649,Colchester 007D,Violence and sexual offences,Under investigation,
365abfa60314dac2c5a8a6620828b6a1d7354b6bb317d4b677cb0132949462d4,2014-08,Essex Police,Essex Police,0.898501,51.890107,On or near St Runwald Street,E01021649,Colchester 007D,Violence and sexual offences,Unable to prosecute suspect,
cb6f13203713b8cfbb56a3a528916af5d1e7d25e4626a294893cc83f494a3d50,2014-08,Essex Police,Essex Police,0.902885,51.887993,On or near Short Wyre Street,E01021649,Colchester 007D,Violence and sexual offences,Under investigation,
30b4e12b08ca7eb8d8984774143325d23c86d3e2d3bb706cf8c8c18ca660bbdc,2014-08,Essex Police,Essex Police,0.902706,51.887692,On or near Vineyard Street,E01021649,Colchester 007D,Violence and sexual offences,Local resolution,
b196d0a1f6df5bba859033a667a1b15b984a56d1b53afdd410fc44786e29e8cb,2014-08,Essex Police,Essex Police,0.896245,51.888706,On or near Head Street,E01021649,Colchester 007D,Violence and sexual offences,Unable to prosecute suspect,
3ed6e2a8a8dbdbf630c2e7519a594037ff170eb79cf72ff685000633670de86f,2014-08,Essex Police,Essex Police,0.905086,51.886734,On or near Parking Area,E01021649,Colchester 007D,Violence and sexual offences,Under investigation,
a139728badb73d380fa474d81858bd2985352fdb24ad6dbea05a028f5eda3b2c,2014-08,Essex Police,Essex Police,0.898530,51.887615,On or near St John'S Street,E01021649,Colchester 007D,Violence and sexual offences,Unable to prosecute suspect,
bafcd829afecb989cec607f7055df19843754c89498db4966ae1894ee3605351,2014-08,Essex Police,Essex Police,0.896444,51.887271,On or near Essex Street,E01021649,Colchester 007D,Violence and sexual offences,Offender given community sentence,
11250eb9c9d0825c5f5a2c7d4c9e2e1895beaf7f620a7973a702253be966ab08,2014-08,Essex Police,Essex Police,0.896245,51.888706,On or near Head Street,E01021649,Colchester 007D,Violence and sexual offences,Under investigation,
5a33959a68c0c20fed7c9179987f49b2e2be4e0473181c7bc49607cfc71439e3,2014-08,Essex Police,Essex Police,0.901325,51.890172,On or near George Street,E01021649,Colchester 007D,Violence and sexual offences,Under investigation,
713112e422f722b84ed07a644af76c8b61c6520c1b6298e0cf7e49c5604abf3c,2014-08,Essex Police,Essex Police,0.900116,51.889231,On or near Shopping Area,E01021649,Colchester 007D,Violence and sexual offences,Under investigation,
78bbc2e40a1bf2ec2212cbd7d00ca1ee42773ca8de1ee296718887cf555c0106,2014-08,Essex Police,Essex Police,0.896245,51.888706,On or near Head Street,E01021649,Colchester 007D,Violence and sexual offences,Under investigation,
0f31651d762f3f3b369391fb5530d91013c463d887db1256cdc5a52d7ab23b40,2014-08,Essex Police,Essex Police,0.903755,51.887064,On or near St Botolph'S Church Walk,E01021649,Colchester 007D,Violence and sexual offences,Under investigation,
fb7346ce94930909b0ec9597fbf2065e02eb9a884c835357e50f9e884344d1c7,2014-08,Essex Police,Essex Police,0.897825,51.889081,On or near Culver Street West,E01021649,Colchester 007D,Other crime,Offender given a caution,
,2014-08,Essex Police,Essex Police,0.892932,51.898896,On or near Chiltern Close,E01021650,Colchester 007E,Anti-social behaviour,,
,2014-08,Essex Police,Essex Police,0.895640,51.896024,On or near North Station Road,E01021650,Colchester 007E,Anti-social behaviour,,
,2014-08,Essex Police,Essex Police,0.894875,51.892490,On or near Middleborough,E01021650,Colchester 007E,Anti-social behaviour,,
,2014-08,Essex Police,Essex Police,0.895390,51.894168,On or near Market Close,E01021650,Colchester 007E,Anti-social behaviour,,
,2014-08,Essex Police,Essex Police,0.895640,51.896024,On or near North Station Road,E01021650,Colchester 007E,Anti-social behaviour,,
,2014-08,Essex Police,Essex Police,0.897692,51.894921,On or near Causton Road,E01021650,Colchester 007E,Anti-social behaviour,,
,2014-08,Essex Police,Essex Police,0.895640,51.896024,On or near North Station Road,E01021650,Colchester 007E,Anti-social behaviour,,
94f60e46ec2323a9f307b84306f62c6ba5de10aff2f8a64f2651668be4953abc,2014-08,Essex Police,Essex Police,0.897692,51.894921,On or near Causton Road,E01021650,Colchester 007E,Bicycle theft,Investigation complete; no suspect identified,
401e1ac6064a1715ffb2a10a99a41e619f0a75a4cd2b5c66ad39ea8b77a59fdd,2014-08,Essex Police,Essex Police,0.894903,51.899477,On or near A134,E01021650,Colchester 007E,Bicycle theft,Investigation complete; no suspect identified,
694368ae7e0fc807095f5646d84592ff123692d822fc42753ba354d4d178feb7,2014-08,Essex Police,Essex Police,0.895698,51.897371,On or near North Station Road,E01021650,Colchester 007E,Burglary,Under investigation,
29b1322148789c060cde3dc05b553d9eaa2784597345283f127705c1f1d59afd,2014-08,Essex Police,Essex Police,0.894875,51.892490,On or near Middleborough,E01021650,Colchester 007E,Criminal damage and arson,Investigation complete; no suspect identified,
c78aa744c4d02a67510f5c16af8ad66d2337950dfe78f3eee0dc7091b3da399c,2014-08,Essex Police,Essex Police,0.896616,51.895829,On or near Albert Street,E01021650,Colchester 007E,Drugs,Under investigation,
05820a2ea1cd3643b971c0cacc820c7cf11fed7e1bffa055aededce71fb13634,2014-08,Essex Police,Essex Police,0.895698,51.897371,On or near North Station Road,E01021650,Colchester 007E,Other theft,Investigation complete; no suspect identified,
fbe61792f5633eae7fb4bad8a7d7ddcf6d56b94c2776e548197a6efcda8a9f3a,2014-08,Essex Police,Essex Police,0.894875,51.892490,On or near Middleborough,E01021650,Colchester 007E,Vehicle crime,Investigation complete; no suspect identified,
510d74b6a8edafa22aea1d40e6209376a380d43f00c9ea80109143b19a0e001e,2014-08,Essex Police,Essex Police,0.894613,51.894745,On or near Victoria Chase,E01021650,Colchester 007E,Violence and sexual offences,Under investigation,
18cb5bd3dc3a063fdda2f3f73d6d8959a691ca48df9e6cf583375d23dd021f2a,2014-08,Essex Police,Essex Police,0.897692,51.894921,On or near Causton Road,E01021650,Colchester 007E,Violence and sexual offences,Under investigation,
b4f42ee25c50c6705aafd43f0573679c7e64cf4c265367ec367e7b0282b21742,2014-08,Essex Police,Essex Police,0.895640,51.896024,On or near North Station Road,E01021650,Colchester 007E,Violence and sexual offences,Unable to prosecute suspect,
92c97cea256d2743dede3e9f34b5076f710c8c29d28258b627987c2aabc47324,2014-08,Essex Police,Essex Police,0.893568,51.897702,On or near Belle Vue Road,E01021650,Colchester 007E,Violence and sexual offences,Unable to prosecute suspect,
a4dff0dc5c1ab516b6370ba6e6c95307ac61f0e87a1d3725df39f6ee13062496,2014-08,Essex Police,Essex Police,0.895390,51.894168,On or near Market Close,E01021650,Colchester 007E,Other crime,Under investigation,
,2014-08,Essex Police,Essex Police,0.944716,51.890227,On or near Macbeth Close,E01021696,Colchester 008A,Anti-social behaviour,,
,2014-08,Essex Police,Essex Police,0.941554,51.891673,On or near Marigold Close,E01021696,Colchester 008A,Anti-social behaviour,,
,2014-08,Essex Police,Essex Police,0.941554,51.891673,On or near Marigold Close,E01021696,Colchester 008A,Anti-social behaviour,,
,2014-08,Essex Police,Essex Police,0.941526,51.892789,On or near Cypress Grove,E01021696,Colchester 008A,Anti-social behaviour,,
,2014-08,Essex Police,Essex Police,0.941554,51.891673,On or near Marigold Close,E01021696,Colchester 008A,Anti-social behaviour,,
,2014-08,Essex Police,Essex Police,0.937226,51.888598,On or near Duffield Drive,E01021696,Colchester 008A,Anti-social behaviour,,
5f1587f884df2b2921f1588d325bcfdf92cebcbd89360440c988d1da06526298,2014-08,Essex Police,Essex Police,0.937354,51.891014,On or near Hawthorn Avenue,E01021696,Colchester 008A,Bicycle theft,Under investigation,
d591629a9e9fca624e89cb3a089289eb3f2520c13140ad946c447dd70568f5ec,2014-08,Essex Police,Essex Police,0.940362,51.893223,On or near Honeysuckle Way,E01021696,Colchester 008A,Burglary,Under investigation,
0e102a52a1c8c3c14d8ec8a3fefc0b55493a7c31464e479594e9edce6832db92,2014-08,Essex Police,Essex Police,0.937420,51.887783,On or near Cook Crescent,E01021696,Colchester 008A,Criminal damage and arson,Investigation complete; no suspect identified,
e88d195498e17477af72d859b60efe63583d1c34c236867c41f2e7e484ad7d8c,2014-08,Essex Police,Essex Police,0.936577,51.890907,On or near Parking Area,E01021696,Colchester 008A,Shoplifting,Under investigation,
9e33b4d6191efe48c0919cf37e214fdcd7e39b6dd350a0e97eb9df67d052814e,2014-08,Essex Police,Essex Police,0.936577,51.890907,On or near Parking Area,E01021696,Colchester 008A,Shoplifting,Under investigation,
82858c74fed05b309e6e5a17d977a07458f201093a6d3f1c64ab3dddf0c19efc,2014-08,Essex Police,Essex Police,0.936577,51.890907,On or near Parking Area,E01021696,Colchester 008A,Shoplifting,Under investigation,
da7bfcbbddc1a196cc2ce4adedfb16fe0fe4e875da044b7e10f4f54f88a374ec,2014-08,Essex Police,Essex Police,0.936577,51.890907,On or near Parking Area,E01021696,Colchester 008A,Shoplifting,Under investigation,
12d9492019430fc450764a2534921114706400f1e0319396c87068c8195656b5,2014-08,Essex Police,Essex Police,0.935388,51.890514,On or near Blackthorn Avenue,E01021696,Colchester 008A,Vehicle crime,Investigation complete; no suspect identified,
a6473bec07c7e7c4c02cfa48f439e7454793f344b16e4fc04bf9c2e0ed44a227,2014-08,Essex Police,Essex Police,0.935438,51.891493,On or near Tamarisk Way,E01021696,Colchester 008A,Violence and sexual offences,Unable to prosecute suspect,
eeedf3837d48b00625295fe8778fa050c0b434bca99c4c819957bc32162365ef,2014-08,Essex Police,Essex Police,0.937354,51.891014,On or near Hawthorn Avenue,E01021696,Colchester 008A,Violence and sexual offences,Awaiting court outcome,
3dd97cbb8ef8f98a00307a350f3591079d1c93aa416938ecce2e8dbef64228f9,2014-08,Essex Police,Essex Police,0.941314,51.889323,On or near Ariel Close,E01021696,Colchester 008A,Violence and sexual offences,Unable to prosecute suspect,
7236bd3365f761f30d5aa20bbc8cf2ca7d2b9fa657000027eadc283030bab764,2014-08,Essex Police,Essex Police,0.937354,51.891014,On or near Hawthorn Avenue,E01021696,Colchester 008A,Violence and sexual offences,Awaiting court outcome,
631fa99269c6c16a463d5295a2d2946e1989d851c7df9160fafbfc39d8dddfa2,2014-08,Essex Police,Essex Police,0.938604,51.888779,On or near Willingham Way,E01021696,Colchester 008A,Violence and sexual offences,Under investigation,
1b2845bca08c542a9cf00ec2c0a7cac45c836ea49761e2481e655fef15c400be,2014-08,Essex Police,Essex Police,0.941554,51.891673,On or near Marigold Close,E01021696,Colchester 008A,Violence and sexual offences,Awaiting court outcome,
de7dc5e964ad7477129bd317a1d70a44190918979c6d186676f8d912283e0bc5,2014-08,Essex Police,Essex Police,0.941554,51.891673,On or near Marigold Close,E01021696,Colchester 008A,Violence and sexual offences,Awaiting court outcome,
,2014-08,Essex Police,Essex Police,0.938384,51.893659,On or near Acacia Avenue,E01021697,Colchester 008B,Anti-social behaviour,,
ba6c23ef99d7db16c5f849e244d46d6cb85be882d23d79fbddcb44085c6a137f,2014-08,Essex Police,Essex Police,0.935198,51.895403,On or near Laburnum Grove,E01021697,Colchester 008B,Criminal damage and arson,Investigation complete; no suspect identified,
55b88bdcb221adb34c8164f9739065985860e3cdf1a5cd7b8f4a15282778a4e3,2014-08,Essex Police,Essex Police,0.933724,51.896869,On or near Harwich Road,E01021697,Colchester 008B,Criminal damage and arson,Investigation complete; no suspect identified,
f205810d97ec5aedff752772cdfcbb98f93e3d184977984f30215d0db0c8709e,2014-08,Essex Police,Essex Police,0.937149,51.892548,On or near Almond Way,E01021697,Colchester 008B,Criminal damage and arson,Under investigation,
13c67c10dcabdf03eb2460df5ae58f0e944b91d836a82dce332749cf81a0b9d0,2014-08,Essex Police,Essex Police,0.933115,51.894888,On or near Lime Avenue,E01021697,Colchester 008B,Other theft,Unable to prosecute suspect,
eb39dc9adb6073fd46e6d74d48af7e495c9c4f7cd8cf3371be73b7731ec40361,2014-08,Essex Police,Essex Police,0.934305,51.891962,On or near Conifer Close,E01021697,Colchester 008B,Public order,Under investigation,
b80eb68c0c75d342f2c935c7ca14d286846a11129f88dfcfa047f176ea175ecb,2014-08,Essex Police,Essex Police,0.935180,51.893775,On or near Spruce Avenue,E01021697,Colchester 008B,Vehicle crime,Investigation complete; no suspect identified,
a70254720fb255789b6f100900e2afd472f22c572286fb18fbc0403de7235dc9,2014-08,Essex Police,Essex Police,0.933986,51.894192,On or near Larch Close,E01021697,Colchester 008B,Vehicle crime,Investigation complete; no suspect identified,
48638326fc98e26fe2a47baa36bdfdccaa22563cc9606172ee1a88ac872661bf,2014-08,Essex Police,Essex Police,0.935198,51.895403,On or near Laburnum Grove,E01021697,Colchester 008B,Vehicle crime,Awaiting court outcome,
abcd19585cc9203c46fccfd6d8457b881ec442eafea3238eddc4fd4800006b8f,2014-08,Essex Police,Essex Police,0.937149,51.892548,On or near Almond Way,E01021697,Colchester 008B,Violence and sexual offences,Awaiting court outcome,
,2014-08,Essex Police,Essex Police,0.941187,51.886493,On or near Avon Way,E01021698,Colchester 008C,Anti-social behaviour,,
,2014-08,Essex Police,Essex Police,0.941187,51.886493,On or near Avon Way,E01021698,Colchester 008C,Anti-social behaviour,,
9fd36d50ec0ed9fa4ba3c44d5f515a352074df9ae309d0398c1ffb875d3c4a9a,2014-08,Essex Police,Essex Police,0.945359,51.891173,On or near Imogen Close,E01021698,Colchester 008C,Burglary,Under investigation,
dc31f080e642510d8c338cdf707d02981640b7363e68614024e40c8734bcb35a,2014-08,Essex Police,Essex Police,0.943393,51.888884,On or near Holborough Close,E01021698,Colchester 008C,Other theft,Under investigation,
ee64ba389c56ebf01849da9a9838abd58a2e53f396e1b84a2e465c6042cdcbf9,2014-08,Essex Police,Essex Police,0.945359,51.891173,On or near Imogen Close,E01021698,Colchester 008C,Other crime,Awaiting court outcome,
,2014-08,Essex Police,Essex Police,0.931567,51.890987,On or near Hickory Avenue,E01021699,Colchester 008D,Anti-social behaviour,,
,2014-08,Essex Police,Essex Police,0.931567,51.890987,On or near Hickory Avenue,E01021699,Colchester 008D,Anti-social behaviour,,
,2014-08,Essex Police,Essex Police,0.931567,51.890987,On or near Hickory Avenue,E01021699,Colchester 008D,Anti-social behaviour,,
,2014-08,Essex Police,Essex Police,0.934897,51.889888,On or near Veronica Walk,E01021699,Colchester 008D,Anti-social behaviour,,
,2014-08,Essex Police,Essex Police,0.931567,51.890987,On or near Hickory Avenue,E01021699,Colchester 008D,Anti-social behaviour,,
,2014-08,Essex Police,Essex Police,0.932822,51.891064,On or near Elm Crescent,E01021699,Colchester 008D,Anti-social behaviour,,
dd1e3f6c51c8f59218a84b1615f384b4cdae41ef0920ccb85e3bf6e4c27fdce7,2014-08,Essex Police,Essex Police,0.931567,51.890987,On or near Hickory Avenue,E01021699,Colchester 008D,Violence and sexual offences,Under investigation,
9afa29d5e154ff8c49efaa8631e2c4d2669c54ae1a62121a62edc78e72a17d6d,2014-08,Essex Police,Essex Police,0.931071,51.888940,On or near Ashdown Way,E01021699,Colchester 008D,Violence and sexual offences,Under investigation,
908b1d334637378c721b0e16e190690def958893307d54c08240b1624f7c2068,2014-08,Essex Police,Essex Police,0.931567,51.890987,On or near Hickory Avenue,E01021699,Colchester 008D,Violence and sexual offences,Under investigation,
,2014-08,Essex Police,Essex Police,0.938659,51.886961,On or near Hunwicke Road,E01021700,Colchester 008E,Anti-social behaviour,,
,2014-08,Essex Police,Essex Police,0.940422,51.886800,On or near Charles Pell Road,E01021700,Colchester 008E,Anti-social behaviour,,
,2014-08,Essex Police,Essex Police,0.938831,51.887577,On or near Stanley Wooster Way,E01021700,Colchester 008E,Anti-social behaviour,,
,2014-08,Essex Police,Essex Police,0.934089,51.887084,On or near Chase Court,E01021700,Colchester 008E,Anti-social behaviour,,
,2014-08,Essex Police,Essex Police,0.940422,51.886800,On or near Charles Pell Road,E01021700,Colchester 008E,Anti-social behaviour,,
,2014-08,Essex Police,Essex Police,0.936491,51.885136,On or near Bennet Court,E01021700,Colchester 008E,Anti-social behaviour,,
,2014-08,Essex Police,Essex Police,0.940586,51.885744,On or near Buffett Way,E01021700,Colchester 008E,Anti-social behaviour,,
,2014-08,Essex Police,Essex Police,0.936491,51.885136,On or near Bennet Court,E01021700,Colchester 008E,Anti-social behaviour,,
c74d66291120b7d4693da0ef3f728b961df42a8eaf6c132b60d411fe26eb437a,2014-08,Essex Police,Essex Police,0.940890,51.887292,On or near Cyril Child Close,E01021700,Colchester 008E,Burglary,Investigation complete; no suspect identified,
4743e9aa2e3e97f0ef7f14a18c81517d192e0c6e4f1df1687ed3eab96dd28e19,2014-08,Essex Police,Essex Police,0.938659,51.886961,On or near Hunwicke Road,E01021700,Colchester 008E,Criminal damage and arson,Under investigation,
4668fc2c5546a90c1ddb6f0f848bc22ace499fce5dbde95c8243d3a7b9c447b9,2014-08,Essex Police,Essex Police,0.936229,51.883568,On or near Britten Close,E01021700,Colchester 008E,Drugs,Under investigation,
34c271986e08192696ecff3cb979182ff5cdda3c85c3cb7501d2eca83ce1e451,2014-08,Essex Police,Essex Police,0.934089,51.887084,On or near Chase Court,E01021700,Colchester 008E,Vehicle crime,Investigation complete; no suspect identified,
f468bff1ac4d8bef14efccc505b03f76d2be1503755c6273ff47861c5f20829a,2014-08,Essex Police,Essex Police,0.938659,51.886961,On or near Hunwicke Road,E01021700,Colchester 008E,Violence and sexual offences,Investigation complete; no suspect identified,
,2014-08,Essex Police,Essex Police,0.931829,51.878938,On or near Ballantyne Drive,E01033719,Colchester 008G,Anti-social behaviour,,
,2014-08,Essex Police,Essex Police,0.931256,51.879726,On or near Quayside Drive,E01033719,Colchester 008G,Anti-social behaviour,,
,2014-08,Essex Police,Essex Police,0.928443,51.881388,On or near Caelum Drive,E01033719,Colchester 008G,Anti-social behaviour,,
,2014-08,Essex Police,Essex Police,0.928443,51.881388,On or near Caelum Drive,E01033719,Colchester 008G,Anti-social behaviour,,
a0d3fe0519c30ac97141e626172c4d8405b29cfe3dfa275c40433ce79534c8a9,2014-08,Essex Police,Essex Police,0.931829,51.878938,On or near Ballantyne Drive,E01033719,Colchester 008G,Criminal damage and arson,Under investigation,
517f76882dc3a51b5278808fe17e337eb0597ca0f85cb2f3181d93939a3e7f4b,2014-08,Essex Police,Essex Police,0.928443,51.881388,On or near Caelum Drive,E01033719,Colchester 008G,Drugs,Under investigation,
b222961257f6d86a7de16d93a8a5dc22f354fb297b88cb61caef3edfd392a677,2014-08,Essex Police,Essex Police,0.928443,51.881388,On or near Caelum Drive,E01033719,Colchester 008G,Violence and sexual offences,Under investigation,
,2014-08,Essex Police,Essex Police,0.936028,51.885831,On or near Balfe Court,E01033722,Colchester 008H,Anti-social behaviour,,
,2014-08,Essex Police,Essex Police,0.930487,51.886221,On or near Pedestrian Subway,E01033722,Colchester 008H,Anti-social behaviour,,
,2014-08,Essex Police,Essex Police,0.937856,51.886226,On or near Lugar Close,E01033722,Colchester 008H,Anti-social behaviour,,
,2014-08,Essex Police,Essex Police,0.935499,51.884180,On or near Arnold Drive,E01033722,Colchester 008H,Anti-social behaviour,,
,2014-08,Essex Police,Essex Police,0.931405,51.883365,On or near Petrol Station,E01033722,Colchester 008H,Anti-social behaviour,,
,2014-08,Essex Police,Essex Police,0.929648,51.885162,On or near Supermarket,E01033722,Colchester 008H,Anti-social behaviour,,
,2014-08,Essex Police,Essex Police,0.935893,51.884215,On or near Purcell Close,E01033722,Colchester 008H,Anti-social behaviour,,
,2014-08,Essex Police,Essex Police,0.937856,51.886226,On or near Lugar Close,E01033722,Colchester 008H,Anti-social behaviour,,
1e257961bf59a8394d96af66140b3d3614ab48a7662cf7d4563af57f3ee5cdda,2014-08,Essex Police,Essex Police,0.930776,51.887544,On or near Howe Close,E01033722,Colchester 008H,Burglary,Investigation complete; no suspect identified,
3d50e3d4c1d5c4f0b085da1512f6325f8edbe24b1b79005bcce29d0918addc25,2014-08,Essex Police,Essex Police,0.930487,51.886221,On or near Pedestrian Subway,E01033722,Colchester 008H,Burglary,Under investigation,
4eb22b156c5e53ec85bbbd350d1bca0dedd03063c305d620bdd92e9cf83b57d6,2014-08,Essex Police,Essex Police,0.932325,51.887002,On or near Whitethorn Close,E01033722,Colchester 008H,Criminal damage and arson,Investigation complete; no suspect identified,
c32c41a65741cfd402524204059b70fa5347947887be6eb1a9a7fcf869da6762,2014-08,Essex Police,Essex Police,0.930776,51.887544,On or near Howe Close,E01033722,Colchester 008H,Criminal damage and arson,Under investigation,
8239ace4cbdc6f20055b41bfba9bc75ad0a2d071c0b7cfd81b61660c5f5607f4,2014-08,Essex Police,Essex Police,0.935893,51.884215,On or near Purcell Close,E01033722,Colchester 008H,Other theft,Investigation complete; no suspect identified,
5a08e57bab93fd9e7d35a76d20cc797205c2ffd630280d5a70fb0361610d0fd0,2014-08,Essex Police,Essex Police,0.929648,51.885162,On or near Supermarket,E01033722,Colchester 008H,Other theft,Under investigation,
f4b8681e0bfa8f433b576308c65663b2544daf279452a84cd953cbc37e6a7b26,2014-08,Essex Police,Essex Police,0.929648,51.885162,On or near Supermarket,E01033722,Colchester 008H,Other theft,Under investigation,
fd58481ef8cf6ebcba6f627f4a313ce11f4a169552a29e631ee6a54798deb2ea,2014-08,Essex Police,Essex Police,0.934660,51.884246,On or near Tippett Close,E01033722,Colchester 008H,Public order,Under investigation,
87108292774622e7b0eeb5d596fea0aad227dee0b60e46d59df3d67163548a47,2014-08,Essex Police,Essex Police,0.929648,51.885162,On or near Supermarket,E01033722,Colchester 008H,Shoplifting,Under investigation,
bf08e67f79b24055ecb97e71c7acb00cb8ec4645b91bac20b7cd5ce96c08a367,2014-08,Essex Police,Essex Police,0.929648,51.885162,On or near Supermarket,E01033722,Colchester 008H,Shoplifting,Under investigation,
8e51037c022805056abe6be3b7ced5ff502cd05d57e38cef62ecf8670299230a,2014-08,Essex Police,Essex Police,0.930697,51.885208,On or near Greenstead Road,E01033722,Colchester 008H,Violence and sexual offences,Unable to prosecute suspect,
18cea2a6fc38154fe57b702159417d692362d4675a05c514a5c7b550cdabd4d4,2014-08,Essex Police,Essex Police,0.937856,51.886226,On or near Lugar Close,E01033722,Colchester 008H,Violence and sexual offences,Under investigation,
0dac339bd87261d1632f6eb7179d09e51a7859ed1fc03684efa8fcc0fd5c6830,2014-08,Essex Police,Essex Police,0.931405,51.883365,On or near Petrol Station,E01033722,Colchester 008H,Violence and sexual offences,Under investigation,
ef5c48f0efa09a5e7eaa1fecab59475510b38bd0d46413a5748f930a12609714,2014-08,Essex Police,Essex Police,0.932424,51.887396,On or near Forest Road,E01033722,Colchester 008H,Violence and sexual offences,Under investigation,
1dedf1bf5c13a31f22f05b449e59c2627f40755416229675813669a4b3b13d9b,2014-08,Essex Police,Essex Police,0.936028,51.885831,On or near Balfe Court,E01033722,Colchester 008H,Violence and sexual offences,Investigation complete; no suspect identified,
aa4d0a333116084633b7d26b1bc9170181faa7fa9a86ce051722a122d660686d,2014-08,Essex Police,Essex Police,0.937856,51.886226,On or near Lugar Close,E01033722,Colchester 008H,Violence and sexual offences,Under investigation,
eb89a3460be8d541bc247e5c2b7507a717bb12e14a9ca1bb46c28741a068a461,2014-08,Essex Police,Essex Police,0.929648,51.885162,On or near Supermarket,E01033722,Colchester 008H,Violence and sexual offences,Unable to prosecute suspect,
4bce592f2a07d4c252415530e8b955b6ebf7c65fb3e8d162ee26744be495467f,2014-08,Essex Police,Essex Police,0.936028,51.885831,On or near Balfe Court,E01033722,Colchester 008H,Violence and sexual offences,Unable to prosecute suspect,
,2014-08,Essex Police,Essex Police,0.865543,51.890897,On or near Tapwoods,E01021673,Colchester 009A,Anti-social behaviour,,
82a3112b145edc5fac58bd81a3f31e226522a86b9b9ef116f033c804fcf74fcd,2014-08,Essex Police,Essex Police,0.865543,51.890897,On or near Tapwoods,E01021673,Colchester 009A,Burglary,Under investigation,
329af1d044d4cac9b6b29cb3c367920d3b6896962bbce66932db2399dfd97196,2014-08,Essex Police,Essex Police,0.871283,51.887240,On or near Fitzwalter Road,E01021673,Colchester 009A,Burglary,Investigation complete; no suspect identified,
969d15938657a5e9601907abc1215c40ec73a4519bebbc2358946c915d8cda63,2014-08,Essex Police,Essex Police,0.870993,51.888156,On or near Alton Drive,E01021673,Colchester 009A,Other theft,Investigation complete; no suspect identified,
b6370ce44a99d58a52f6154ad799dfe017ada355aae418bf67b1506ef0c8d4e8,2014-08,Essex Police,Essex Police,0.865543,51.890897,On or near Tapwoods,E01021673,Colchester 009A,Vehicle crime,Investigation complete; no suspect identified,
2f790fd0b3f1f1cbfaa56af46466e7b61e560f0feac873138be35944b3c5b77f,2014-08,Essex Police,Essex Police,0.870993,51.888156,On or near Alton Drive,E01021673,Colchester 009A,Violence and sexual offences,Under investigation,
,2014-08,Essex Police,Essex Police,0.846808,51.890219,On or near King Coel Road,E01021674,Colchester 009B,Anti-social behaviour,,
,2014-08,Essex Police,Essex Police,0.850909,51.884750,On or near Ratcliffe Road,E01021674,Colchester 009B,Anti-social behaviour,,
,2014-08,Essex Police,Essex Police,0.851844,51.883909,On or near Clairmont Road,E01021674,Colchester 009B,Anti-social behaviour,,
,2014-08,Essex Police,Essex Police,0.849654,51.890636,On or near Halstead Road,E01021674,Colchester 009B,Anti-social behaviour,,
,2014-08,Essex Police,Essex Police,0.846808,51.890219,On or near King Coel Road,E01021674,Colchester 009B,Anti-social behaviour,,
,2014-08,Essex Police,Essex Police,0.851844,51.883909,On or near Clairmont Road,E01021674,Colchester 009B,Anti-social behaviour,,
ebcabbf895f25218e95eba0de4b8377fd0c2b54ea6376f6d813cfab07ecb0990,2014-08,Essex Police,Essex Police,0.849654,51.890636,On or near Halstead Road,E01021674,Colchester 009B,Burglary,Under investigation,
7060301409ce03153ba44738e4fe3b96731747dc06fa896b34f04e6d15ee381c,2014-08,Essex Police,Essex Police,0.846808,51.890219,On or near King Coel Road,E01021674,Colchester 009B,Other theft,Investigation complete; no suspect identified,
f41e2898a710226b65babd2663a9718f7ad837b72f8819242a5f06a8ab2a0c8e,2014-08,Essex Police,Essex Police,0.849654,51.890636,On or near Halstead Road,E01021674,Colchester 009B,Other theft,Under investigation,
f501e26d7e40c8e9b52104af4a344ab95048a3ef262b8ca611b7c4c12e0e7399,2014-08,Essex Police,Essex Police,0.853298,51.886680,On or near Straight Road,E01021674,Colchester 009B,Other theft,Investigation complete; no suspect identified,
d9d9f502812ee59a1caa4fbbe57bb6eae2e89c3eaef4a08ed797b56c39e94965,2014-08,Essex Police,Essex Police,0.852605,51.883990,On or near Clairmont Road,E01021674,Colchester 009B,Vehicle crime,Investigation complete; no suspect identified,
43c2d07d4eed2ed30b493fac33bdd05deba2adcc2e76256d24dcbfca6b2e3a57,2014-08,Essex Police,Essex Police,0.846808,51.890219,On or near King Coel Road,E01021674,Colchester 009B,Violence and sexual offences,Awaiting court outcome,
492c27367216165c12782e615b6cf05480e834ca412030c7cde4f3925dbc0768,2014-08,Essex Police,Essex Police,0.846808,51.890219,On or near King Coel Road,E01021674,Colchester 009B,Violence and sexual offences,Unable to prosecute suspect,
7b68805ea63c80f52fdc5426f0bf3760c7044f9b16b0689ceada25d58912cd39,2014-08,Essex Police,Essex Police,0.846808,51.890219,On or near King Coel Road,E01021674,Colchester 009B,Violence and sexual offences,Awaiting court outcome,
3986951d4d2baccd8d78b9a691709843077e2f409e5cf5eee07b141b6abd6998,2014-08,Essex Police,Essex Police,0.846808,51.890219,On or near King Coel Road,E01021674,Colchester 009B,Violence and sexual offences,Under investigation,
9d09d0c1e2fbf11e8068515d39b1d87acdaa8c03c50709fbdca76bec565aeca1,2014-08,Essex Police,Essex Police,0.850194,51.885631,On or near De Burgh Road,E01021674,Colchester 009B,Violence and sexual offences,Under investigation,
,2014-08,Essex Police,Essex Police,0.851585,51.889689,On or near London Road,E01021675,Colchester 009C,Anti-social behaviour,,
ea4aa085b571844f5225f55586db74a48d5521cdc14f0dfe44b90ca3efe572d6,2014-08,Essex Police,Essex Police,0.851585,51.889689,On or near London Road,E01021675,Colchester 009C,Bicycle theft,Investigation complete; no suspect identified,
c755c6b93cd01610ebac79e6a12c656f42dea26861c207a50a8c93c7e56157b0,2014-08,Essex Police,Essex Police,0.851585,51.889689,On or near London Road,E01021675,Colchester 009C,Bicycle theft,Investigation complete; no suspect identified,
59aa6f6c750c38330d7a4018a201ff5d1b5975e016f59d044416af8fe81033f3,2014-08,Essex Police,Essex Police,0.845774,51.894327,On or near Chitts Hill,E01021675,Colchester 009C,Burglary,Investigation complete; no suspect identified,
20f34ceca1fa42af537caa4439850664b5666ba74560b32bd1add700078cc692,2014-08,Essex Police,Essex Police,0.851585,51.889689,On or near London Road,E01021675,Colchester 009C,Other theft,Under investigation,
efca5f8adcb4448c7fa3fbdee5154859691080924051a0647306cea412b42c59,2014-08,Essex Police,Essex Police,0.856115,51.890533,On or near Orchard View,E01021675,Colchester 009C,Violence and sexual offences,Under investigation,
45355a2fe0ea892e54fa57adea93d0ce38f5723f17bf2af17c9ca3759d9091cd,2014-08,Essex Police,Essex Police,0.856115,51.890533,On or near Orchard View,E01021675,Colchester 009C,Violence and sexual offences,Under investigation,
20138ea260a3e872617cde4fed17184fdab86aefe308f2c2d788c891ef213c71,2014-08,Essex Police,Essex Police,0.877199,51.889299,On or near Lexden Court,E01021676,Colchester 009D,Burglary,Under investigation,
ea9b701cbb863e4eb3aa098236f68b70a2ea005a4016818457af0d2936f2eb14,2014-08,Essex Police,Essex Police,0.882666,51.890236,On or near New Kiln Road,E01021676,Colchester 009D,Criminal damage and arson,Under investigation,
00a8e69ce58a9504847d6acd1d0599f11d2214ce47ca9759886f59f8a3ad6758,2014-08,Essex Police,Essex Police,0.867749,51.891761,On or near Hurnard Drive,E01021676,Colchester 009D,Drugs,Offender given a drugs possession warning,
0608bbb27db95e089cf69a5022b321fa58928b415e68c5e1997100eb127fe959,2014-08,Essex Police,Essex Police,0.882666,51.890236,On or near New Kiln Road,E01021676,Colchester 009D,Violence and sexual offences,Under investigation,
,2014-08,Essex Police,Essex Police,0.835563,51.883386,On or near Tollgate Road,E01021654,Colchester 010A,Anti-social behaviour,,
,2014-08,Essex Police,Essex Police,0.800851,51.882545,On or near Copingford End,E01021654,Colchester 010A,Anti-social behaviour,,
c05200e103ee75371ae128bd55fd4c1af07b2675464c4afc77412a8f9b4c967b,2014-08,Essex Police,Essex Police,0.811843,51.862146,On or near Fountain Lane,E01021654,Colchester 010A,Burglary,Under investigation,
1f56664fd6cbfe91997ce8c6d3b3ae4e4634df19a3127d4c86e4f531278e75c6,2014-08,Essex Police,Essex Police,0.791902,51.864303,On or near Rectory Road,E01021654,Colchester 010A,Burglary,Investigation complete; no suspect identified,
d8b491865ed6ee1b42e0ea03f4dfa2289485e53bf376b631cc81bcab8e911035,2014-08,Essex Police,Essex Police,0.821345,51.884465,On or near London Road,E01021654,Colchester 010A,Burglary,Investigation complete; no suspect identified,
6904f7aea705f5084e96243734de3758fcbe3f97beb627b890d0206c63a9c1cb,2014-08,Essex Police,Essex Police,0.800851,51.882545,On or near Copingford End,E01021654,Colchester 010A,Criminal damage and arson,Investigation complete; no suspect identified,
84e4c72b8e00408cecbc1417a31f835d965ec79b03c51e60939016e9206bd5ec,2014-08,Essex Police,Essex Police,0.808924,51.884996,On or near Turkey Cock Lane,E01021654,Colchester 010A,Criminal damage and arson,Investigation complete; no suspect identified,
6478c7def70aaa06386b9cff50d7481317e29bbe1056ba1911acffc1bde34416,2014-08,Essex Police,Essex Police,0.811843,51.862146,On or near Fountain Lane,E01021654,Colchester 010A,Other theft,Investigation complete; no suspect identified,
476943e81932eebce754bbaff1a72581b9e7f4245e57c74fb2454fe33c944267,2014-08,Essex Police,Essex Police,0.808924,51.884996,On or near Turkey Cock Lane,E01021654,Colchester 010A,Vehicle crime,Under investigation,
3648c4f78ed65fdc8585b3cb43a9a6e5a2d38239485f5b954021a6ccc35ba126,2014-08,Essex Police,Essex Police,0.808924,51.884996,On or near Turkey Cock Lane,E01021654,Colchester 010A,Vehicle crime,Under investigation,
4c19bd2562578d80327c66562f3ea149516be392d5be593819c4e9e00e908101,2014-08,Essex Police,Essex Police,0.821345,51.884465,On or near London Road,E01021654,Colchester 010A,Vehicle crime,Investigation complete; no suspect identified,
fe9e679b385da150573c94fa9d3dff38cdd8fb54c5cb6b2a198e75d74dc2c6b8,2014-08,Essex Police,Essex Police,0.821345,51.884465,On or near London Road,E01021654,Colchester 010A,Violence and sexual offences,Under investigation,
,2014-08,Essex Police,Essex Police,0.753975,51.919931,On or near Swan Grove,E01021662,Colchester 010B,Anti-social behaviour,,
,2014-08,Essex Police,Essex Police,0.756883,51.925609,On or near Station Road,E01021662,Colchester 010B,Anti-social behaviour,,
,2014-08,Essex Police,Essex Police,0.754598,51.937219,On or near Lower Green,E01021662,Colchester 010B,Anti-social behaviour,,
b316a674dc43b0bd7df99862675c6d78543f23bc1d6d3590e4212c145ce319c5,2014-08,Essex Police,Essex Police,0.734050,51.905107,On or near Earls Colne Road,E01021662,Colchester 010B,Burglary,Investigation complete; no suspect identified,
aaf9da0f1a0f699661b3e07cb1e6d2bd597e4f1e788be94eae883d28323d0a47,2014-08,Essex Police,Essex Police,0.753975,51.919931,On or near Swan Grove,E01021662,Colchester 010B,Burglary,Investigation complete; no suspect identified,
80cadcc4e2e3fcec6261fbcad6e395039f66bfef833f02ba963e6f1f1314bc73,2014-08,Essex Police,Essex Police,0.756883,51.925609,On or near Station Road,E01021662,Colchester 010B,Burglary,Investigation complete; no suspect identified,
84cef5e644bd95eae7bffd7c7495a986d094ac994e74b7940555340b086b7877,2014-08,Essex Police,Essex Police,0.756883,51.925609,On or near Station Road,E01021662,Colchester 010B,Burglary,Investigation complete; no suspect identified,
a139f8addedb0fd4031811cea0100435c7d6dee42e388745e1241ac630681384,2014-08,Essex Police,Essex Police,0.754598,51.937219,On or near Lower Green,E01021662,Colchester 010B,Other theft,Under investigation,
067993cb3140c2833c42a37b60dad2d92c2f3e1f55e8c492e8cb62c4d9ad71bb,2014-08,Essex Police,Essex Police,0.723180,51.909280,On or near Tey Road,E01021662,Colchester 010B,Violence and sexual offences,Under investigation,
0fc9e67772eda7fc57989efcbef1f9e298d926dd4785e2e85ea7304bcad892d4,2014-08,Essex Police,Essex Police,0.790385,51.908299,On or near Ford Street,E01021663,Colchester 010C,Other theft,Investigation complete; no suspect identified,
1d5915659ade97a14c1d79a9779062bd93c6ae7dad77afd29644c75e31a49f00,2014-08,Essex Police,Essex Police,0.741305,51.875494,On or near Elm Lane,E01021663,Colchester 010C,Vehicle crime,Investigation complete; no suspect identified,
9a1049935d8aa6493f5b8da806841c38ca16098596d577d528c0327cbe68ada2,2014-08,Essex Police,Essex Police,0.746994,51.903492,On or near Chappel Road,E01021663,Colchester 010C,Violence and sexual offences,Under investigation,
e457407139102fd435ffb2432a33e4015a9869313bc5b31edb67a0cd1292df92,2014-08,Essex Police,Essex Police,0.747319,51.902622,On or near Lower Langley,E01021663,Colchester 010C,Violence and sexual offences,Unable to prosecute suspect,
1958054d3ef919bbd67ea0ddc4ac373819a78bd8f370864dfcb2480b4625cd65,2014-08,Essex Police,Essex Police,0.760241,51.877452,On or near Coggeshall Road,E01021677,Colchester 010D,Criminal damage and arson,Investigation complete; no suspect identified,
9cdfce357d8411a6a3b10f3045cd7c80b18953c5eca54818c9e3b08038d0e9f0,2014-08,Essex Police,Essex Police,0.767343,51.875037,On or near Steele Close,E01021677,Colchester 010D,Criminal damage and arson,Investigation complete; no suspect identified,
73ffcc975fad17bc9aa4d2c606c52cf0160c6ed6a92f18a30dfa09a8bb73ea8e,2014-08,Essex Police,Essex Police,0.760241,51.877452,On or near Coggeshall Road,E01021677,Colchester 010D,Criminal damage and arson,Under investigation,
06142abc1acbe8c5ec82bfca1770172a10b5348d41ec3f76e381f2901a84e3d4,2014-08,Essex Police,Essex Police,0.760241,51.877452,On or near Coggeshall Road,E01021677,Colchester 010D,Other theft,Unable to prosecute suspect,
,2014-08,Essex Police,Essex Police,0.760006,51.874796,On or near Honywood Close,E01021678,Colchester 010E,Anti-social behaviour,,
dc5a649e0cfc60cd08789461ffcd89623a359ab677a80b5daf8a67bfcf0815a9,2014-08,Essex Police,Essex Police,0.790894,51.880155,On or near London Road,E01021678,Colchester 010E,Burglary,Investigation complete; no suspect identified,
749f89a8f0fc92183c7c013df0d59eab63aef9dce349f42555cd875923ccb1e4,2014-08,Essex Police,Essex Police,0.790894,51.880155,On or near London Road,E01021678,Colchester 010E,Burglary,Under investigation,
e026a7c12c242f5f5a9d5b19468762876f97100a068144a783af56aab39b02b7,2014-08,Essex Police,Essex Police,0.790894,51.880155,On or near London Road,E01021678,Colchester 010E,Criminal damage and arson,Investigation complete; no suspect identified,
fe6512a56fc1b49487e389489ade4fe332c586ae1e99fcd9b09fa0a8fcb4ccff,2014-08,Essex Police,Essex Police,0.788096,51.880267,On or near The Rookeries,E01021678,Colchester 010E,Criminal damage and arson,Under investigation,
dd878116955c4110dfdba4280165bb1a6b47a898c656ef5c9a68814b08941ac7,2014-08,Essex Police,Essex Police,0.772477,51.872758,On or near Petrol Station,E01021678,Colchester 010E,Vehicle crime,Investigation complete; no suspect identified,
fa910d98243ba1abf85f4d97203e9761c1e31385f1d9912f926831424acf2566,2014-08,Essex Police,Essex Police,0.761917,51.867107,On or near Parking Area,E01021678,Colchester 010E,Vehicle crime,Investigation complete; no suspect identified,
1cb3467b5128fe67d200de317d1b479fa4bcacda9869a87aad911689a7b3270c,2014-08,Essex Police,Essex Police,0.788434,51.878919,On or near Mill Road,E01021678,Colchester 010E,Violence and sexual offences,Unable to prosecute suspect,
fb240dbdfd478c6b9521a59e3265d55f4a08f7593a3d80f8dfc646458340ca7a,2014-08,Essex Police,Essex Police,0.760006,51.874796,On or near Honywood Close,E01021678,Colchester 010E,Violence and sexual offences,Under investigation,
,2014-08,Essex Police,Essex Police,0.904233,51.885226,On or near Portland Road,E01021683,Colchester 011A,Anti-social behaviour,,
,2014-08,Essex Police,Essex Police,0.894346,51.885164,On or near Parking Area,E01021683,Colchester 011A,Anti-social behaviour,,
,2014-08,Essex Police,Essex Police,0.903944,51.886600,On or near Britannia Way,E01021683,Colchester 011A,Anti-social behaviour,,
,2014-08,Essex Police,Essex Police,0.904307,51.884802,On or near Cromwell Road,E01021683,Colchester 011A,Anti-social behaviour,,
,2014-08,Essex Police,Essex Police,0.904307,51.884802,On or near Cromwell Road,E01021683,Colchester 011A,Anti-social behaviour,,
,2014-08,Essex Police,Essex Police,0.904292,51.884343,On or near Fairfax Road,E01021683,Colchester 011A,Anti-social behaviour,,
,2014-08,Essex Police,Essex Police,0.902477,51.881213,On or near Sports/Recreation Area,E01021683,Colchester 011A,Anti-social behaviour,,
,2014-08,Essex Police,Essex Police,0.896932,51.885595,On or near South Street,E01021683,Colchester 011A,Anti-social behaviour,,
,2014-08,Essex Police,Essex Police,0.904233,51.885226,On or near Portland Road,E01021683,Colchester 011A,Anti-social behaviour,,
a2df0b397cd9e9cbbde14e10429a1abe2c3d12cd5151d9b2f96d70d6e624ebec,2014-08,Essex Police,Essex Police,0.904233,51.885226,On or near Portland Road,E01021683,Colchester 011A,Burglary,Investigation complete; no suspect identified,
3afb5e7f022858d6af51b2d3e14b0b606075887a814d917c1377a82841f01957,2014-08,Essex Police,Essex Police,0.904233,51.885226,On or near Portland Road,E01021683,Colchester 011A,Criminal damage and arson,Under investigation,
4f72c0c9191485d69c0e7ac1478d7a4d99d9e657fcf9ea08fcd587b2c174b5cb,2014-08,Essex Police,Essex Police,0.904307,51.884802,On or near Cromwell Road,E01021683,Colchester 011A,Criminal damage and arson,Under investigation,
147d2a3d5b730a406768f7a55d2bab0c0ee10bc43bf44761a6c50fe02a342956,2014-08,Essex Police,Essex Police,0.904307,51.884802,On or near Cromwell Road,E01021683,Colchester 011A,Criminal damage and arson,Under investigation,
8beb69615bbcdf03b9ce69ed57b7f1777971aabfc1d10fb50532e5f5d76af7c4,2014-08,Essex Police,Essex Police,0.904307,51.884802,On or near Cromwell Road,E01021683,Colchester 011A,Criminal damage and arson,Under investigation,
17882f105cf0f473a13b691d4bdcc733d426194266e7631679b6d262863343a6,2014-08,Essex Police,Essex Police,0.904233,51.885226,On or near Portland Road,E01021683,Colchester 011A,Criminal damage and arson,Investigation complete; no suspect identified,
8bbce07becf287b72a629ca3a5eebad53ac5d36c850a25793a4bff4b717dc0b2,2014-08,Essex Police,Essex Police,0.904307,51.884802,On or near Cromwell Road,E01021683,Colchester 011A,Criminal damage and arson,Under investigation,
9afa9c6a332a589653ce9f127a51e0b2ef09e1eefaf7f319c18c99367e50a3ec,2014-08,Essex Police,Essex Police,0.904233,51.885226,On or near Portland Road,E01021683,Colchester 011A,Criminal damage and arson,Under investigation,
ee1df4be54987dac9af7b413cefe4588bf45a08aa05e0bf5d240c8f0a4bea620,2014-08,Essex Police,Essex Police,0.895984,51.886230,On or near Wellington Street,E01021683,Colchester 011A,Criminal damage and arson,Unable to prosecute suspect,
cd158df83d8a7c9862c92585cfafa4907e3d7f1006df0622370360d08b7d0f17,2014-08,Essex Police,Essex Police,0.904307,51.884802,On or near Cromwell Road,E01021683,Colchester 011A,Criminal damage and arson,Investigation complete; no suspect identified,
dc6163e6321f31874e3a972a708d4500fa97c74dee290b0c40ebfae96e65d3a2,2014-08,Essex Police,Essex Police,0.904307,51.884802,On or near Cromwell Road,E01021683,Colchester 011A,Criminal damage and arson,Under investigation,
fdb18b58ea1575d73cb0f0e932c8542596f659f5fff4aad18a3b0d758323c6b8,2014-08,Essex Police,Essex Police,0.904307,51.884802,On or near Cromwell Road,E01021683,Colchester 011A,Criminal damage and arson,Under investigation,
35181d6705610ca8d5ca001d66f39774bdf2c0bf7dec9c6e9753e4fe795b50f0,2014-08,Essex Police,Essex Police,0.895004,51.886362,On or near Butt Road,E01021683,Colchester 011A,Drugs,Offender given a drugs possession warning,
f89e8a8a91db5403393cd91eee31b5e228f74628280cf83efa465aa1b5fe5817,2014-08,Essex Police,Essex Police,0.895004,51.886362,On or near Butt Road,E01021683,Colchester 011A,Drugs,Awaiting court outcome,
478b4d80c417bc74d7e5abc507fe346603080a4a8733a4fdd49f7583553a4705,2014-08,Essex Police,Essex Police,0.895004,51.886362,On or near Butt Road,E01021683,Colchester 011A,Drugs,Offender given a drugs possession warning,
d46d19037a5aef2983c0738360b6325788fed40658372e08f11aac1ce9154367,2014-08,Essex Police,Essex Police,0.894346,51.885164,On or near Parking Area,E01021683,Colchester 011A,Other theft,Under investigation,
14f27e056fb2b8fa1754084c6d2b479fb0d2870363568e0747a4a32cae60f491,2014-08,Essex Police,Essex Police,0.904233,51.885226,On or near Portland Road,E01021683,Colchester 011A,Other theft,Investigation complete; no suspect identified,
8a998d7a8f6df41524665093e9865a8e8e548230a8e82300dff60de55cfa9dce,2014-08,Essex Police,Essex Police,0.895004,51.886362,On or near Butt Road,E01021683,Colchester 011A,Other theft,Under investigation,
b0e4379e6c21a66f26176a5ca669d023a2c7a3bd6034027a3a85127c7182f7ce,2014-08,Essex Police,Essex Police,0.903719,51.884699,On or near Petrol Station,E01021683,Colchester 011A,Shoplifting,Under investigation,
08e190d14a66d794e49a579909918dc746e60e0cd38ea69119037e5ac3941014,2014-08,Essex Police,Essex Police,0.903944,51.886600,On or near Britannia Way,E01021683,Colchester 011A,Vehicle crime,Investigation complete; no suspect identified,
f584f64e9d03dcde9e4b9da1d841ad81134767281538a2baf561596ea6f5c1fe,2014-08,Essex Police,Essex Police,0.895004,51.886362,On or near Butt Road,E01021683,Colchester 011A,Violence and sexual offences,Under investigation,
a5de19b8425f7b687a8e44a2177807dd5c6b92b8b6e60245f77f129cb2bbc17e,2014-08,Essex Police,Essex Police,0.895004,51.886362,On or near Butt Road,E01021683,Colchester 011A,Violence and sexual offences,Under investigation,
fd949689ce0b072412d40ff00fe197cb370f1968025dbfdc3df07535db1cdbee,2014-08,Essex Police,Essex Police,0.903944,51.886600,On or near Britannia Way,E01021683,Colchester 011A,Violence and sexual offences,Under investigation,
a9608808c4e84653485ac8e21d3fe2f483065ffc3bc607489d420f1f8f4fa2ff,2014-08,Essex Police,Essex Police,0.904233,51.885226,On or near Portland Road,E01021683,Colchester 011A,Violence and sexual offences,Unable to prosecute suspect,
,2014-08,Essex Police,Essex Police,0.913033,51.878830,On or near Bourne Road,E01021684,Colchester 011B,Anti-social behaviour,,
9b0fbf5050e2a57a83d7bf8db03f6ac0c21d88c8bab5af7ad38c12eb48cfff2c,2014-08,Essex Police,Essex Police,0.907553,51.879253,On or near Claudius Road,E01021684,Colchester 011B,Bicycle theft,Investigation complete; no suspect identified,
c4f10a9b88b54db5ec9b83adff2f6322909516ff4512a19962ddb729837f59d0,2014-08,Essex Police,Essex Police,0.908040,51.877559,On or near Mersea Road,E01021684,Colchester 011B,Burglary,Awaiting court outcome,
a7f37484162d60b52e664914e26e3e345328645b44330092a3ad54553f023f98,2014-08,Essex Police,Essex Police,0.905583,51.879797,On or near Supermarket,E01021684,Colchester 011B,Shoplifting,Under investigation,
73b57355e3bf1bb00ea0474cac9f35cc0af8cbf9de94c6783b7507322ca03433,2014-08,Essex Police,Essex Police,0.910040,51.879956,On or near Canterbury Road,E01021684,Colchester 011B,Violence and sexual offences,Investigation complete; no suspect identified,
199813eb3bd4d36774714e292d7518d9f71c83cc5b9bf338d029604f16bb89f3,2014-08,Essex Police,Essex Police,0.906614,51.879789,On or near Campion Road,E01021684,Colchester 011B,Violence and sexual offences,Unable to prosecute suspect,
2afd70e24e72f4a8f06f151e1acbf7517c4a3832c1f6fe17d5dc47d51c8d217b,2014-08,Essex Police,Essex Police,0.910040,51.879956,On or near Canterbury Road,E01021684,Colchester 011B,Violence and sexual offences,Unable to prosecute suspect,
,2014-08,Essex Police,Essex Police,0.921385,51.884819,On or near Connaught Close,E01021685,Colchester 011C,Anti-social behaviour,,
,2014-08,Essex Police,Essex Police,0.923825,51.883230,On or near Valenta Close,E01021685,Colchester 011C,Anti-social behaviour,,
,2014-08,Essex Police,Essex Police,0.919551,51.879397,On or near Recreation Road,E01021685,Colchester 011C,Anti-social behaviour,,
,2014-08,Essex Police,Essex Police,0.920449,51.885175,On or near Tarrett Drive,E01021685,Colchester 011C,Anti-social behaviour,,
,2014-08,Essex Police,Essex Police,0.923410,51.883330,On or near Ventura Drive,E01021685,Colchester 011C,Anti-social behaviour,,
,2014-08,Essex Police,Essex Police,0.918959,51.882154,On or near Port Lane,E01021685,Colchester 011C,Anti-social behaviour,,
,2014-08,Essex Police,Essex Police,0.919551,51.879397,On or near Recreation Road,E01021685,Colchester 011C,Anti-social behaviour,,
,2014-08,Essex Police,Essex Police,0.923825,51.883230,On or near Valenta Close,E01021685,Colchester 011C,Anti-social behaviour,,
,2014-08,Essex Police,Essex Police,0.923482,51.883985,On or near Vega Close,E01021685,Colchester 011C,Anti-social behaviour,,
,2014-08,Essex Police,Essex Police,0.921385,51.884819,On or near Connaught Close,E01021685,Colchester 011C,Anti-social behaviour,,
,2014-08,Essex Police,Essex Police,0.920263,51.885000,On or near Edward Paxman Gardens,E01021685,Colchester 011C,Anti-social behaviour,,
,2014-08,Essex Police,Essex Police,0.923825,51.883230,On or near Valenta Close,E01021685,Colchester 011C,Anti-social behaviour,,
,2014-08,Essex Police,Essex Police,0.917396,51.884037,On or near Victor Road,E01021685,Colchester 011C,Anti-social behaviour,,
,2014-08,Essex Police,Essex Police,0.923410,51.883330,On or near Ventura Drive,E01021685,Colchester 011C,Anti-social behaviour,,
,2014-08,Essex Police,Essex Police,0.921385,51.884603,On or near Hythe Hill,E01021685,Colchester 011C,Anti-social behaviour,,
03adc4f3d35be0d352089b897f3fc899097b33d75ed94d985ca42d7cf42106a4,2014-08,Essex Police,Essex Police,0.923482,51.883985,On or near Vega Close,E01021685,Colchester 011C,Bicycle theft,Investigation complete; no suspect identified,
2e961f9489bbc0c1047c0066a12400dfdca2788d2000bbb025a9e6a955fdafab,2014-08,Essex Police,Essex Police,0.920942,51.884039,On or near St Leonard'S Road,E01021685,Colchester 011C,Burglary,Under investigation,
e0945c407927e76382bc6a9ce879dfda2488c16f947a021924309c6aa280b9f9,2014-08,Essex Police,Essex Police,0.928291,51.879728,On or near King Edward Quay,E01021685,Colchester 011C,Criminal damage and arson,Investigation complete; no suspect identified,
fb526abec3193f704f3631643de126a6b72dd15e0fc7e4f98181b46169a0ed08,2014-08,Essex Police,Essex Police,0.920942,51.884039,On or near St Leonard'S Road,E01021685,Colchester 011C,Criminal damage and arson,Under investigation,
c4559380cc83aed0a609b35fda8d03708b6ee41a2afca5c34b029ae7bc2d430e,2014-08,Essex Police,Essex Police,0.928291,51.879728,On or near King Edward Quay,E01021685,Colchester 011C,Criminal damage and arson,Under investigation,
e85b1f25a51bc77db1da4c472c7bd19b809e96c4e1e39cdc4ebdb41757960cdb,2014-08,Essex Police,Essex Police,0.918959,51.882154,On or near Port Lane,E01021685,Colchester 011C,Criminal damage and arson,Under investigation,
f83952f7efa02d127b10b52b2153da3e50c7406479e04d2ed96a300d37169334,2014-08,Essex Police,Essex Police,0.920449,51.885175,On or near Tarrett Drive,E01021685,Colchester 011C,Criminal damage and arson,Under investigation,
041001f42f2d7d5ea3a16c1e268381eb78417e406ff9f01f25315ec208b006b1,2014-08,Essex Police,Essex Police,0.928291,51.879728,On or near King Edward Quay,E01021685,Colchester 011C,Drugs,Under investigation,
f82632397bdef967cc34ad266ce9a8d550196f923acfe899b591e8fdf0350d9a,2014-08,Essex Police,Essex Police,0.920449,51.885175,On or near Tarrett Drive,E01021685,Colchester 011C,Other theft,Under investigation,
b9eae99b08531fb9ee4cc34d66dea7f7191882271c0db24569147783b7f6a27b,2014-08,Essex Police,Essex Police,0.923295,51.885581,On or near Geoff Seaden Close,E01021685,Colchester 011C,Public order,Under investigation,
a7a84e9e5da466ee9bf86e25a29614a2ff09bde386afa75620f456e73cb7b3f8,2014-08,Essex Police,Essex Police,0.926549,51.884889,On or near Hythe Station Road,E01021685,Colchester 011C,Robbery,Under investigation,
1ddbae886acd1f0faef373f3704131452f19f1fb5c8a59caac74afc79dee6c7b,2014-08,Essex Police,Essex Police,0.918481,51.885080,On or near Challenge Way,E01021685,Colchester 011C,Vehicle crime,Under investigation,
3a590802c4a3d10904efcfc878440d1065786bed8f7034bb850e3415f7027372,2014-08,Essex Police,Essex Police,0.928291,51.879728,On or near King Edward Quay,E01021685,Colchester 011C,Vehicle crime,Under investigation,
21bfca6304cacf0b76c9fdf8e9aec962699726d8596a7a9cd35cab1f771f2fe8,2014-08,Essex Police,Essex Police,0.925134,51.884366,On or near Hythe Hill,E01021685,Colchester 011C,Vehicle crime,Investigation complete; no suspect identified,
9bd2ba29669ac1603b00fa6e93da67ac5de2c33c83be86b0b49019646c01957c,2014-08,Essex Police,Essex Police,0.923295,51.885581,On or near Geoff Seaden Close,E01021685,Colchester 011C,Violence and sexual offences,Under investigation,
55b9b42f14ea218561784f2acbbe2b45b0f7c8c19895a4646cdef90c714387d8,2014-08,Essex Police,Essex Police,0.923410,51.883330,On or near Ventura Drive,E01021685,Colchester 011C,Violence and sexual offences,Under investigation,
d21cf287e811f6219e3d2ebbee6c508a8b8cd7452295caa6901de744837427f5,2014-08,Essex Police,Essex Police,0.926316,51.881972,On or near Hythe Quay,E01021685,Colchester 011C,Violence and sexual offences,Unable to prosecute suspect,
a15683ccf10c50864af5826bba861d4f6d81c929346fd3e22cab7bfa156f385d,2014-08,Essex Police,Essex Police,0.925456,51.881498,On or near Meachen Road,E01021685,Colchester 011C,Violence and sexual offences,Unable to prosecute suspect,
f8d6dd5df613e9fbca5c4d029a81738ca2ea08af27889c717c356130ffa47c4f,2014-08,Essex Police,Essex Police,0.920449,51.885175,On or near Tarrett Drive,E01021685,Colchester 011C,Violence and sexual offences,Under investigation,
281c9d9e6efcfcfdb5b63dbde0f98e8703b139329e1b2afcf43fe55e167d156d,2014-08,Essex Police,Essex Police,0.920449,51.885175,On or near Tarrett Drive,E01021685,Colchester 011C,Violence and sexual offences,Unable to prosecute suspect,
376b975ce32c4e9aa3a4845897ff29fe5b0de02d7ca79796bb546ba80b39f2f2,2014-08,Essex Police,Essex Police,0.918959,51.882154,On or near Port Lane,E01021685,Colchester 011C,Violence and sexual offences,Awaiting court outcome,
76f079d1132f27cde2e0b24ab978364d80400e445d72a05850d80e9827002cfc,2014-08,Essex Police,Essex Police,0.926199,51.884196,On or near Hythe Quay,E01021685,Colchester 011C,Violence and sexual offences,Unable to prosecute suspect,
,2014-08,Essex Police,Essex Police,0.909651,51.884966,On or near Petrol Station,E01021686,Colchester 011D,Anti-social behaviour,,
,2014-08,Essex Police,Essex Police,0.910815,51.884533,On or near Kendall Road,E01021686,Colchester 011D,Anti-social behaviour,,
,2014-08,Essex Police,Essex Police,0.908437,51.885959,On or near Childwell Alley,E01021686,Colchester 011D,Anti-social behaviour,,
,2014-08,Essex Police,Essex Police,0.909651,51.884966,On or near Petrol Station,E01021686,Colchester 011D,Anti-social behaviour,,
,2014-08,Essex Police,Essex Police,0.908727,51.885511,On or near Magdalen Street,E01021686,Colchester 011D,Anti-social behaviour,,
,2014-08,Essex Police,Essex Police,0.913179,51.885796,On or near Simons Lane Magdalen Green,E01021686,Colchester 011D,Anti-social behaviour,,
,2014-08,Essex Police,Essex Police,0.906419,51.884417,On or near Golden Noble Hill,E01021686,Colchester 011D,Anti-social behaviour,,
,2014-08,Essex Police,Essex Police,0.908437,51.885959,On or near Childwell Alley,E01021686,Colchester 011D,Anti-social behaviour,,
,2014-08,Essex Police,Essex Police,0.909651,51.884966,On or near Petrol Station,E01021686,Colchester 011D,Anti-social behaviour,,
,2014-08,Essex Police,Essex Police,0.910367,51.885911,On or near George Williams Way,E01021686,Colchester 011D,Anti-social behaviour,,
,2014-08,Essex Police,Essex Police,0.913179,51.885796,On or near Simons Lane Magdalen Green,E01021686,Colchester 011D,Anti-social behaviour,,
,2014-08,Essex Police,Essex Police,0.913179,51.885796,On or near Simons Lane Magdalen Green,E01021686,Colchester 011D,Anti-social behaviour,,
,2014-08,Essex Police,Essex Police,0.908727,51.885511,On or near Magdalen Street,E01021686,Colchester 011D,Anti-social behaviour,,
,2014-08,Essex Police,Essex Police,0.907243,51.883911,On or near Mill Street,E01021686,Colchester 011D,Anti-social behaviour,,
,2014-08,Essex Police,Essex Police,0.904812,51.885194,On or near Shrubland Road,E01021686,Colchester 011D,Anti-social behaviour,,
,2014-08,Essex Police,Essex Police,0.907243,51.883911,On or near Mill Street,E01021686,Colchester 011D,Anti-social behaviour,,
,2014-08,Essex Police,Essex Police,0.909651,51.884966,On or near Petrol Station,E01021686,Colchester 011D,Anti-social behaviour,,
a756c6207d35183af32c0654ac430c264b2e3be4092490d6322fc110c7e1ddc2,2014-08,Essex Police,Essex Police,0.908437,51.885959,On or near Childwell Alley,E01021686,Colchester 011D,Bicycle theft,Under investigation,
1ed583ef66d39c473c8ab7c45a8efbd1cb762c060c3ca85eeb5928f4b0406ab2,2014-08,Essex Police,Essex Police,0.913179,51.885796,On or near Simons Lane Magdalen Green,E01021686,Colchester 011D,Bicycle theft,Investigation complete; no suspect identified,
bc87800c5a1e29cabc4b37ebacd8d5bf41526ce0248a7a9620a7f1ca034fa572,2014-08,Essex Police,Essex Police,0.908973,51.883238,On or near Military Road,E01021686,Colchester 011D,Bicycle theft,Under investigation,
2afaf2a09e073d7f6afacaa4fdaea4c1115589d727662d05e89147036d8451b0,2014-08,Essex Police,Essex Police,0.910367,51.885911,On or near George Williams Way,E01021686,Colchester 011D,Bicycle theft,Investigation complete; no suspect identified,
3b3fe06d96a34263aad259a49b5d3a924ee06f97828f31fef3d22ff2a685df85,2014-08,Essex Police,Essex Police,0.910367,51.885911,On or near George Williams Way,E01021686,Colchester 011D,Burglary,Investigation complete; no suspect identified,
b96b96b18255b1d7ce45a22e6646a480ab38ca2f156badb058bdfe416b2e8b8f,2014-08,Essex Police,Essex Police,0.909651,51.884966,On or near Petrol Station,E01021686,Colchester 011D,Burglary,Investigation complete; no suspect identified,
d62a0c132fd5a29c3d58c9bf7b53116e07736c8cd4ed922ef1c111a4a0fe6998,2014-08,Essex Police,Essex Police,0.904812,51.885194,On or near Shrubland Road,E01021686,Colchester 011D,Criminal damage and arson,Under investigation,
40099c9f95e718d6eb85cea130c06367a8fb76e45d04a456fd12f17ed71c2f5f,2014-08,Essex Police,Essex Police,0.908437,51.885959,On or near Childwell Alley,E01021686,Colchester 011D,Criminal damage and arson,Under investigation,
dd2ff1c69fb34be62516e2e013cdcec603887511e0bd47ed24351db314e4bfb9,2014-08,Essex Police,Essex Police,0.904812,51.885194,On or near Shrubland Road,E01021686,Colchester 011D,Criminal damage and arson,Under investigation,
485fcabbffc2dadc499e05aeb9efc2ae65208498ed9c7930ee83535664d010e4,2014-08,Essex Police,Essex Police,0.907243,51.883911,On or near Mill Street,E01021686,Colchester 011D,Criminal damage and arson,Investigation complete; no suspect identified,
73a049e7de677782bf12aac4d0665fb3f2d410e603494a533c28833477f23638,2014-08,Essex Police,Essex Police,0.904812,51.885194,On or near Shrubland Road,E01021686,Colchester 011D,Criminal damage and arson,Under investigation,
3ec4c5cf435996f2af01fcbe6e1e84de4a736578ea38fca83f0ccfdf98a40971,2014-08,Essex Police,Essex Police,0.907243,51.883911,On or near Mill Street,E01021686,Colchester 011D,Criminal damage and arson,Investigation complete; no suspect identified,
52995b2492428abae4701c35d2496cec9fa5f40603ae819ff35bf6268a5fc929,2014-08,Essex Police,Essex Police,0.904812,51.885194,On or near Shrubland Road,E01021686,Colchester 011D,Criminal damage and arson,Under investigation,
c7f18aab0555402f6deded5f70f1ee1b0aa4cfc83417fd4d699fc182f2d0c939,2014-08,Essex Police,Essex Police,0.904812,51.885194,On or near Shrubland Road,E01021686,Colchester 011D,Criminal damage and arson,Under investigation,
a2ec05f004f093f14b9995d84bef721d7a918f785e406e984531d69c4d5d4b0d,2014-08,Essex Police,Essex Police,0.909402,51.884262,On or near James Street,E01021686,Colchester 011D,Criminal damage and arson,Investigation complete; no suspect identified,
46f66b68eed555c99b8e088ef3b662f12e7de6b256c3644abc9f19289288b2e4,2014-08,Essex Police,Essex Police,0.908437,51.885959,On or near Childwell Alley,E01021686,Colchester 011D,Criminal damage and arson,Offender given community sentence,
4daa0c3822f4ae86eee6ba8833494dcf853dc0e14e39ea21dff81740c5dbb5f4,2014-08,Essex Police,Essex Police,0.908973,51.883238,On or near Military Road,E01021686,Colchester 011D,Criminal damage and arson,Under investigation,
8c53dd44b2ce54e02d9e501e6c349fc3b60a1d4929143ccf8c9fb29ca2b67e4f,2014-08,Essex Police,Essex Police,0.908437,51.885959,On or near Childwell Alley,E01021686,Colchester 011D,Criminal damage and arson,Offender given community sentence,
a9d074b1b1fec99812a7466edb4eb6f50515bbc59c98b2370f9f340f64a91fcc,2014-08,Essex Police,Essex Police,0.910367,51.885911,On or near George Williams Way,E01021686,Colchester 011D,Criminal damage and arson,Under investigation,
96e6121f18d585b399707021c4544feb39d7fffccb5f7e6bff4bdaf0e6c6e210,2014-08,Essex Police,Essex Police,0.904812,51.885194,On or near Shrubland Road,E01021686,Colchester 011D,Criminal damage and arson,Under investigation,
dd48f93738b7ec230491ffb47df02c00a93a2ad3833d581985e450ed287eb1fb,2014-08,Essex Police,Essex Police,0.906419,51.884417,On or near Golden Noble Hill,E01021686,Colchester 011D,Criminal damage and arson,Under investigation,
5d40c9850ba3894067e6d51d911124d64459c1d4780e31c254e3a8f5d6ed4696,2014-08,Essex Police,Essex Police,0.910815,51.884533,On or near Kendall Road,E01021686,Colchester 011D,Criminal damage and arson,Under investigation,
5e510e5323425912f3c5f9b4af4798d237f45af90f083b55f78d8a78388dc47f,2014-08,Essex Police,Essex Police,0.913705,51.886287,On or near Brook Street,E01021686,Colchester 011D,Other theft,Under investigation,
23c23abb3ae8c7a38a6b76a84434d6c2bc98387ef6337cf7b51a6b4df6c9ceee,2014-08,Essex Police,Essex Police,0.910815,51.884533,On or near Kendall Road,E01021686,Colchester 011D,Other theft,Under investigation,
eb5ead20b539f56899ae413515617756fa4e2c32f1b571ee8ddd2a389f80d9d0,2014-08,Essex Police,Essex Police,0.913179,51.885796,On or near Simons Lane Magdalen Green,E01021686,Colchester 011D,Other theft,Investigation complete; no suspect identified,
4957ab0aaea5985c8e17d86608c2c88a5f34b24807c844371a56036da491c838,2014-08,Essex Police,Essex Police,0.908437,51.885959,On or near Childwell Alley,E01021686,Colchester 011D,Public order,Under investigation,
082d7f5e74ecf18ef05fdb7515cddd78d67fb73188677847a5f3b3c1d75f3a30,2014-08,Essex Police,Essex Police,0.909651,51.884966,On or near Petrol Station,E01021686,Colchester 011D,Shoplifting,Awaiting court outcome,
6700e428440078233519dd05ddd5e54123f06fa233196b6ecbfc9e9133f81974,2014-08,Essex Police,Essex Police,0.909651,51.884966,On or near Petrol Station,E01021686,Colchester 011D,Vehicle crime,Awaiting court outcome,
afeaa31f63681d334af32ca5ac46498f98b65b48f77814a34816a5501d432762,2014-08,Essex Police,Essex Police,0.910815,51.884533,On or near Kendall Road,E01021686,Colchester 011D,Vehicle crime,Investigation complete; no suspect identified,
c9bbdd03ae2f53512d73281e2176932136ee001c12574508494f593e2e9eb7fd,2014-08,Essex Police,Essex Police,0.906006,51.886361,On or near Parking Area,E01021686,Colchester 011D,Vehicle crime,Under investigation,
4499827ad188e2229ce45a2aaf540d8cf64e93dec76b96be218fa987e84266e1,2014-08,Essex Police,Essex Police,0.909651,51.884966,On or near Petrol Station,E01021686,Colchester 011D,Violence and sexual offences,Unable to prosecute suspect,
9f6c0997d41d917b07c0c5ca7028bd738c1818297e142efb4851fc7cb69ce832,2014-08,Essex Police,Essex Police,0.907243,51.883911,On or near Mill Street,E01021686,Colchester 011D,Violence and sexual offences,Under investigation,
2a9049ae243bb930a06302606896c0abc77a9b1b35307f33b6815899cc5f7c10,2014-08,Essex Police,Essex Police,0.909402,51.884262,On or near James Street,E01021686,Colchester 011D,Violence and sexual offences,Under investigation,
784f9983af74003be8c8a22b6acd49ce6d78b317fa4bbd7042122ebacfe8a46d,2014-08,Essex Police,Essex Police,0.907243,51.883911,On or near Mill Street,E01021686,Colchester 011D,Violence and sexual offences,Under investigation,
1697c1004bc6666ddc450b52355449029c276ebdd342bc3309aba0f81c7250cb,2014-08,Essex Police,Essex Police,0.910144,51.883362,On or near Goodey Close,E01021686,Colchester 011D,Violence and sexual offences,Awaiting court outcome,
311861eb4b935cffa8244a5c72d04e8edd19e2606d37552692c030ce69d709d3,2014-08,Essex Police,Essex Police,0.906722,51.884841,On or near Sports/Recreation Area,E01021686,Colchester 011D,Violence and sexual offences,Under investigation,
,2014-08,Essex Police,Essex Police,0.912379,51.883999,On or near Winsley Road,E01021687,Colchester 011E,Anti-social behaviour,,
,2014-08,Essex Police,Essex Police,0.916151,51.885012,On or near Barrack Street,E01021687,Colchester 011E,Anti-social behaviour,,
,2014-08,Essex Police,Essex Police,0.916151,51.885012,On or near Barrack Street,E01021687,Colchester 011E,Anti-social behaviour,,
,2014-08,Essex Police,Essex Police,0.916151,51.885012,On or near Barrack Street,E01021687,Colchester 011E,Anti-social behaviour,,
,2014-08,Essex Police,Essex Police,0.916151,51.885012,On or near Barrack Street,E01021687,Colchester 011E,Anti-social behaviour,,
,2014-08,Essex Police,Essex Police,0.915143,51.884704,On or near Victoria Place,E01021687,Colchester 011E,Anti-social behaviour,,
ebac8c1b567c391ee4d50a1fa9942f2ec18ee137874b0428a1c6acfea09146d0,2014-08,Essex Police,Essex Police,0.916151,51.885012,On or near Barrack Street,E01021687,Colchester 011E,Bicycle theft,Investigation complete; no suspect identified,
58a8c735e07e9abf52964ec797bacf115e6b355111e25259c5483dc5edbe35c1,2014-08,Essex Police,Essex Police,0.911199,51.883048,On or near New Town Road,E01021687,Colchester 011E,Criminal damage and arson,Investigation complete; no suspect identified,
40038a0e15ada7561546ab6f313d49f77f21dc7a458af9aa817d47cd073fd491,2014-08,Essex Police,Essex Police,0.916151,51.885012,On or near Barrack Street,E01021687,Colchester 011E,Public order,Under investigation,
4ca866a62ab711d40629d9f059f41326c800af18ef667ea0a88c8b95876edfb3,2014-08,Essex Police,Essex Police,0.912379,51.883999,On or near Winsley Road,E01021687,Colchester 011E,Shoplifting,Offender given community sentence,
7c86d081b8ebf96ef5c93742e5112539a699607ec2df6c29b497bd337e6da1c0,2014-08,Essex Police,Essex Police,0.915055,51.883582,On or near Rebow Street,E01021687,Colchester 011E,Shoplifting,Under investigation,
3889aa9c8e5e99b0fad276d8f891f2f030ef4b0ea3b79f4ba7f93fd7aa593605,2014-08,Essex Police,Essex Police,0.915055,51.883582,On or near Rebow Street,E01021687,Colchester 011E,Shoplifting,Under investigation,
47ed69ebef558e4a68f02029b91805183ac26a157a8fe43dfe2d68b084746c1d,2014-08,Essex Police,Essex Police,0.914949,51.883063,On or near King Stephen Road,E01021687,Colchester 011E,Vehicle crime,Offender given community sentence,
6a1ac2c72719fd15c5c43342fe3a1854b40c44b05302c6ad05beca98d58fe3cd,2014-08,Essex Police,Essex Police,0.912379,51.883999,On or near Winsley Road,E01021687,Colchester 011E,Vehicle crime,Investigation complete; no suspect identified,
b3e065e38abb2452c28f7cda349080a2f87b1ac41926965f6e3f2c681b4dfb0b,2014-08,Essex Police,Essex Police,0.915055,51.883582,On or near Rebow Street,E01021687,Colchester 011E,Vehicle crime,Investigation complete; no suspect identified,
4d04bc85c90835d79349cf25fc408088e0d8c7bc813fb476ec069b02ef3c35a2,2014-08,Essex Police,Essex Police,0.913692,51.882942,On or near Wimpole Road,E01021687,Colchester 011E,Vehicle crime,Under investigation,
,2014-08,Essex Police,Essex Police,0.911734,51.880985,On or near Myrtle Grove,E01021688,Colchester 011F,Anti-social behaviour,,
,2014-08,Essex Police,Essex Police,0.908299,51.880449,On or near Lisle Road,E01021688,Colchester 011F,Anti-social behaviour,,
,2014-08,Essex Police,Essex Police,0.916412,51.881867,On or near Harsnett Road,E01021688,Colchester 011F,Anti-social behaviour,,
,2014-08,Essex Police,Essex Police,0.911734,51.880985,On or near Myrtle Grove,E01021688,Colchester 011F,Anti-social behaviour,,
,2014-08,Essex Police,Essex Police,0.908299,51.880449,On or near Lisle Road,E01021688,Colchester 011F,Anti-social behaviour,,
,2014-08,Essex Police,Essex Police,0.910389,51.880415,On or near Albion Grove,E01021688,Colchester 011F,Anti-social behaviour,,
,2014-08,Essex Police,Essex Police,0.911734,51.880985,On or near Myrtle Grove,E01021688,Colchester 011F,Anti-social behaviour,,
,2014-08,Essex Police,Essex Police,0.911696,51.880626,On or near Winchester Road,E01021688,Colchester 011F,Anti-social behaviour,,
,2014-08,Essex Police,Essex Police,0.916412,51.881867,On or near Harsnett Road,E01021688,Colchester 011F,Anti-social behaviour,,
,2014-08,Essex Police,Essex Police,0.911734,51.880985,On or near Myrtle Grove,E01021688,Colchester 011F,Anti-social behaviour,,
aa9229fe7326e8f6fe3e9ffb159261e5480061b88efacac3a4851b8569343b22,2014-08,Essex Police,Essex Police,0.910389,51.880415,On or near Albion Grove,E01021688,Colchester 011F,Bicycle theft,Investigation complete; no suspect identified,
262bb32667de990966bee9882db764d9ae1d20f28e81e91e2664b118f5e8ea3b,2014-08,Essex Police,Essex Police,0.911734,51.880985,On or near Myrtle Grove,E01021688,Colchester 011F,Criminal damage and arson,Offender given community sentence,
8c034cce919a6e7dc514546b4f7b2fd50d7fcc08641bf6f18a7fdd31288f884a,2014-08,Essex Police,Essex Police,0.911696,51.880626,On or near Winchester Road,E01021688,Colchester 011F,Criminal damage and arson,Under investigation,
a73d96656d0e6027c01f3be3eec816a3637023c30f3324d073a7ed1be9773780,2014-08,Essex Police,Essex Police,0.911734,51.880985,On or near Myrtle Grove,E01021688,Colchester 011F,Violence and sexual offences,Under investigation,
,2014-08,Essex Police,Essex Police,0.830150,51.888121,On or near Essex Yeomanry Way,E01021718,Colchester 012A,Anti-social behaviour,,
,2014-08,Essex Police,Essex Police,0.829575,51.891930,On or near Dale Close,E01021718,Colchester 012A,Anti-social behaviour,,
9451542de2cf565f4f6a7488f814ab530d25235ee4603c1b3ff5134ea953e9ec,2014-08,Essex Police,Essex Police,0.838096,51.892210,On or near Tudor Rose Close,E01021718,Colchester 012A,Burglary,Investigation complete; no suspect identified,
ba8c44d1e7274435a4eb8b9e293a3d8dbca363efc2b3bc696e38188091c50f67,2014-08,Essex Police,Essex Police,0.828663,51.885503,On or near Hospital,E01021718,Colchester 012A,Criminal damage and arson,Investigation complete; no suspect identified,
575b27bd9502b43393157e96a8d977778993bb7bb8b09c54be8c8f7b419f33ec,2014-08,Essex Police,Essex Police,0.832037,51.884847,On or near Petrol Station,E01021718,Colchester 012A,Criminal damage and arson,Under investigation,
b13f7167355544d3642b61dac95577ab14ca53ab0d8343d8cf449b4fd6661058,2014-08,Essex Police,Essex Police,0.828663,51.885503,On or near Hospital,E01021718,Colchester 012A,Other theft,Under investigation,
60ec772cc9102109e8081c1341e13cb33245c0f389bd553c7f57c3b47a043809,2014-08,Essex Police,Essex Police,0.828663,51.885503,On or near Hospital,E01021718,Colchester 012A,Other theft,Under investigation,
96bf7a14dc07649d7bfbb802087b3d69bff6024556ab9759fc192771825831f4,2014-08,Essex Police,Essex Police,0.827316,51.890437,On or near A1124,E01021718,Colchester 012A,Other theft,Investigation complete; no suspect identified,
dc0db6d1bb0f979808cc3b7ab2e75c86f4c3e3d724dfc4f6ba8239e9933ade55,2014-08,Essex Police,Essex Police,0.832037,51.884847,On or near Petrol Station,E01021718,Colchester 012A,Other theft,Investigation complete; no suspect identified,
86a287d4bd2ac2b167b35269760ac2b6d5045afe0820ebd0472f88f432317314,2014-08,Essex Police,Essex Police,0.830150,51.888121,On or near Essex Yeomanry Way,E01021718,Colchester 012A,Other theft,Under investigation,
e61ecfa2697301aab137b2074bcd776b60046bc2e3503562061fa66a5c2299c3,2014-08,Essex Police,Essex Police,0.830150,51.888121,On or near Essex Yeomanry Way,E01021718,Colchester 012A,Shoplifting,Offender given penalty notice,
369d8bd6a76b9bcc6cb526ee2caaa79318b14b5a7f03a4065f8b8606f8c4a999,2014-08,Essex Police,Essex Police,0.830150,51.888121,On or near Essex Yeomanry Way,E01021718,Colchester 012A,Shoplifting,Under investigation,
42090746676061357f984588ba8db502e253a6c60e45e8a64339291ceb7e331a,2014-08,Essex Police,Essex Police,0.832037,51.884847,On or near Petrol Station,E01021718,Colchester 012A,Shoplifting,Under investigation,
8e40ab3139873418369a2da7cd356055096fb0617ae14341963c0f7d7eb140a5,2014-08,Essex Police,Essex Police,0.831247,51.883849,On or near Supermarket,E01021718,Colchester 012A,Shoplifting,Under investigation,
4aef8230eda7923c51ca58184f445b92ca8d6f014585a79a93b38fbdad405b70,2014-08,Essex Police,Essex Police,0.830150,51.888121,On or near Essex Yeomanry Way,E01021718,Colchester 012A,Shoplifting,Offender given penalty notice,
da80076f74d5ad53a83a1e3f79005fde422fe67bfd1fefb0e0ef744dda1038c5,2014-08,Essex Police,Essex Police,0.832037,51.884847,On or near Petrol Station,E01021718,Colchester 012A,Shoplifting,Under investigation,
ff971b5f7d9501bca429d4c7c890ef574284f127521befdeac0347cf99fe6d16,2014-08,Essex Police,Essex Police,0.830150,51.888121,On or near Essex Yeomanry Way,E01021718,Colchester 012A,Shoplifting,Offender given penalty notice,
a0cd96b42be0b25be85b69df397cce9d092b22b1b5fc9b77d8e1c57b5da149aa,2014-08,Essex Police,Essex Police,0.828663,51.885503,On or near Hospital,E01021718,Colchester 012A,Shoplifting,Under investigation,
90454062ec966151505284452429169e575b8e5d79431f7d84a3ca6cbe8dc35b,2014-08,Essex Police,Essex Police,0.830150,51.888121,On or near Essex Yeomanry Way,E01021718,Colchester 012A,Shoplifting,Offender given penalty notice,
90b9e622b8d9c67e12573c69429ad56aae2fea9e07ff00a4746c7d0c2dd0245c,2014-08,Essex Police,Essex Police,0.830150,51.888121,On or near Essex Yeomanry Way,E01021718,Colchester 012A,Shoplifting,Offender given penalty notice,
6305a18ada2a33ee1bea5cb303682fb777a0ab07cefb9d47564ee72fd031d92c,2014-08,Essex Police,Essex Police,0.830150,51.888121,On or near Essex Yeomanry Way,E01021718,Colchester 012A,Shoplifting,Under investigation,
0e7ff315eb5c6f18c942f5af48ae9f451265522bc06c6f209a32601ee60f70c1,2014-08,Essex Police,Essex Police,0.831247,51.883849,On or near Supermarket,E01021718,Colchester 012A,Shoplifting,Under investigation,
21036c1a090995c1075289a53db513027c27b9ba8f444cd81044c100043bacce,2014-08,Essex Police,Essex Police,0.831180,51.888321,On or near Woodrush End,E01021718,Colchester 012A,Theft from the person,Investigation complete; no suspect identified,
adbe829514d2746dd126a3a787b922d84bdc3db1a9beec8f04d6fdb5f64f71e4,2014-08,Essex Police,Essex Police,0.828663,51.885503,On or near Hospital,E01021718,Colchester 012A,Vehicle crime,Investigation complete; no suspect identified,
b73ccbc4b19ea2138c6541d8850d1f3a3a4d5fbdcbf458f429531f8d79c1d9be,2014-08,Essex Police,Essex Police,0.828663,51.885503,On or near Hospital,E01021718,Colchester 012A,Vehicle crime,Investigation complete; no suspect identified,
70cb8dd71e1efa81eaa6da2d32118aa0a2e03fd3bf7b156e4810e32eff09309e,2014-08,Essex Police,Essex Police,0.830150,51.888121,On or near Essex Yeomanry Way,E01021718,Colchester 012A,Vehicle crime,Under investigation,
aef3cdb07df33da192c8d497652680298fd50fcb5fa458b78b59fc02a2abaf0d,2014-08,Essex Police,Essex Police,0.834384,51.892120,On or near Cornflower Close,E01021718,Colchester 012A,Violence and sexual offences,Under investigation,
74a04aca2c92c9fdbfe37108a41464b8a13c97073804fe5a846ca9beb21d8154,2014-08,Essex Police,Essex Police,0.831222,51.884381,On or near Tollgate West,E01021718,Colchester 012A,Violence and sexual offences,Under investigation,
64246b67ae28d91cd8f7264bf81e8d7d3d39690201e008ffc02f38321d9cd948,2014-08,Essex Police,Essex Police,0.833463,51.889498,On or near Dawnford Close,E01021718,Colchester 012A,Violence and sexual offences,Under investigation,
,2014-08,Essex Police,Essex Police,0.835371,51.886106,On or near Tollgate East,E01021719,Colchester 012B,Anti-social behaviour,,
,2014-08,Essex Police,Essex Police,0.835371,51.886106,On or near Tollgate East,E01021719,Colchester 012B,Anti-social behaviour,,
,2014-08,Essex Police,Essex Police,0.835371,51.886106,On or near Tollgate East,E01021719,Colchester 012B,Anti-social behaviour,,
cb16c9fdeb48204f70c221236b8a7c8e1a6f9169c309c740fbd5bb7d3099a933,2014-08,Essex Police,Essex Police,0.835896,51.890060,On or near Provence Close,E01021719,Colchester 012B,Burglary,Investigation complete; no suspect identified,
1ceae843f68ae056d6c3d81f894b218a4247ccdd919fc7457ab1f50113392d72,2014-08,Essex Police,Essex Police,0.835371,51.886106,On or near Tollgate East,E01021719,Colchester 012B,Burglary,Investigation complete; no suspect identified,
f7e00392fc233983f1c8525743a850dd38f04226bf8831f8dad9a31c88aea96e,2014-08,Essex Police,Essex Police,0.845996,51.887271,On or near Hedgerows,E01021719,Colchester 012B,Other theft,Investigation complete; no suspect identified,
689ad6064967f32b995f403e7c0baff318cb5478d052bad965b7e14b7299bced,2014-08,Essex Police,Essex Police,0.834766,51.889412,On or near Ewan Way,E01021719,Colchester 012B,Other theft,Investigation complete; no suspect identified,
afce34d6a051a02653433befbcf2d68c8769f1a96db4c0dbe82ca774091e62f7,2014-08,Essex Police,Essex Police,0.841355,51.888111,On or near Petrol Station,E01021719,Colchester 012B,Other theft,Under investigation,
2df40bda6ba6a39f5eac3eef209614c1b7db4890680876836ebc6bd7efe53672,2014-08,Essex Police,Essex Police,0.841355,51.888111,On or near Petrol Station,E01021719,Colchester 012B,Public order,Unable to prosecute suspect,
0eb14118c296d15924451d9b1759018e4de0440909ec3261c824e5a5eadc718b,2014-08,Essex Police,Essex Police,0.835371,51.886106,On or near Tollgate East,E01021719,Colchester 012B,Violence and sexual offences,Under investigation,
d7a8da6e628ad9d178d9f547dfa7c9cb5dc1ac2e66cf484eef0f6190397edf15,2014-08,Essex Police,Essex Police,0.836479,51.886853,On or near Tollgate Court,E01021719,Colchester 012B,Violence and sexual offences,Unable to prosecute suspect,
,2014-08,Essex Police,Essex Police,0.847066,51.886498,On or near Stable Close,E01021720,Colchester 012C,Anti-social behaviour,,
,2014-08,Essex Police,Essex Police,0.842274,51.885634,On or near Osier Close,E01021720,Colchester 012C,Anti-social behaviour,,
,2014-08,Essex Police,Essex Police,0.843976,51.886348,On or near New Farm Road,E01021720,Colchester 012C,Anti-social behaviour,,
,2014-08,Essex Police,Essex Police,0.841585,51.881630,On or near Winstree Road,E01021720,Colchester 012C,Anti-social behaviour,,
,2014-08,Essex Police,Essex Police,0.844602,51.885218,On or near Longstraw Close,E01021720,Colchester 012C,Anti-social behaviour,,
,2014-08,Essex Police,Essex Police,0.841762,51.882813,On or near Threshers End,E01021720,Colchester 012C,Anti-social behaviour,,
,2014-08,Essex Police,Essex Police,0.843976,51.886348,On or near New Farm Road,E01021720,Colchester 012C,Anti-social behaviour,,
ab5033f290d2ce9579182c9d2f7257c3d35d66587343a93611e973ba244e27d5,2014-08,Essex Police,Essex Police,0.841762,51.882813,On or near Threshers End,E01021720,Colchester 012C,Bicycle theft,Investigation complete; no suspect identified,
e4a8e58dc4a9b3deaaba5d66feb8df06bb0e411ef8fac4da73b6fa16efb67472,2014-08,Essex Police,Essex Police,0.843976,51.886348,On or near New Farm Road,E01021720,Colchester 012C,Violence and sexual offences,Under investigation,
,2014-08,Essex Police,Essex Police,0.867236,51.857004,On or near Layer Road,E01021721,Colchester 012D,Anti-social behaviour,,
,2014-08,Essex Police,Essex Police,0.846638,51.884089,On or near Rye Close,E01021721,Colchester 012D,Anti-social behaviour,,
,2014-08,Essex Police,Essex Police,0.848180,51.879294,On or near Radveld Chase,E01021721,Colchester 012D,Anti-social behaviour,,
,2014-08,Essex Police,Essex Police,0.846638,51.884089,On or near Rye Close,E01021721,Colchester 012D,Anti-social behaviour,,
,2014-08,Essex Police,Essex Police,0.841312,51.878219,On or near Rowan Close,E01021721,Colchester 012D,Anti-social behaviour,,
,2014-08,Essex Police,Essex Police,0.848180,51.879294,On or near Radveld Chase,E01021721,Colchester 012D,Anti-social behaviour,,
,2014-08,Essex Police,Essex Police,0.844215,51.879085,On or near Weyland Drive,E01021721,Colchester 012D,Anti-social behaviour,,
,2014-08,Essex Police,Essex Police,0.844033,51.879422,On or near Sports/Recreation Area,E01021721,Colchester 012D,Anti-social behaviour,,
,2014-08,Essex Police,Essex Police,0.846638,51.884089,On or near Rye Close,E01021721,Colchester 012D,Anti-social behaviour,,
4ee8b5975ee44604a91b8b4129574fa7059fdc85ecad99fbe045c3365eb4e700,2014-08,Essex Police,Essex Police,0.822947,51.866188,On or near Park/Open Space,E01021721,Colchester 012D,Bicycle theft,Investigation complete; no suspect identified,
83ccd0a63e1f20e4ff8065234caab3adc97f88a1529c624ae326a949753a0dc1,2014-08,Essex Police,Essex Police,0.846294,51.877721,On or near Peartree Road,E01021721,Colchester 012D,Burglary,Under investigation,
a6d00c6a573be75a5539e02a4c2e4e31cafaa634a6bee87c58f5ee51ca4d91fc,2014-08,Essex Police,Essex Police,0.856822,51.859056,On or near Olivers Lane,E01021721,Colchester 012D,Burglary,Under investigation,
abf459578b07bdb14ac90c5e9c39bf357d05225add5fb35f5d89068e98924129,2014-08,Essex Police,Essex Police,0.846294,51.877721,On or near Peartree Road,E01021721,Colchester 012D,Burglary,Under investigation,
b0cf8c6635c08689071a186695aed461714bfeef671c75b11c529dd8f77b3565,2014-08,Essex Police,Essex Police,0.867236,51.857004,On or near Layer Road,E01021721,Colchester 012D,Burglary,Investigation complete; no suspect identified,
d7c0d55ddefa3892abd2368a4fb9d0ee35b2cb51e2827ab526b2964820edec6c,2014-08,Essex Police,Essex Police,0.846294,51.877721,On or near Peartree Road,E01021721,Colchester 012D,Burglary,Under investigation,
4e5d650b8bf276d84dffa6510f1edf03779e5c3dc1b7361a1f61bdda78d13d49,2014-08,Essex Police,Essex Police,0.840039,51.864715,On or near Maldon Road,E01021721,Colchester 012D,Burglary,Under investigation,
8a0ccd24b0411c1ee00ea8d58fe6cca75e8f86fc0c7436f02d16b9601838c373,2014-08,Essex Police,Essex Police,0.846294,51.877721,On or near Peartree Road,E01021721,Colchester 012D,Burglary,Under investigation,
391c4df3ac419878636aef1398a81959ba06e03f3247cc3de3c596fe8caa8790,2014-08,Essex Police,Essex Police,0.846638,51.884089,On or near Rye Close,E01021721,Colchester 012D,Criminal damage and arson,Investigation complete; no suspect identified,
38c3afd3818d5175624865937ee44e8533b23d70e1532411955783e948b7545e,2014-08,Essex Police,Essex Police,0.822947,51.866188,On or near Park/Open Space,E01021721,Colchester 012D,Other theft,Under investigation,
959e1a9ab2a14547f1faab6687b27db8a7393891b12228b6a89ba22cf14f464a,2014-08,Essex Police,Essex Police,0.846394,51.881379,On or near Ploughmans Headland,E01021721,Colchester 012D,Other theft,Investigation complete; no suspect identified,
32c0a04f5e9d597bd7c66db561ddab017268b4896675d305fc104078b1076f1a,2014-08,Essex Police,Essex Police,0.848180,51.879294,On or near Radveld Chase,E01021721,Colchester 012D,Other theft,Investigation complete; no suspect identified,
647b077ca1cb06f70a6a52de62c6b0b386ef5d9cc13c77ddda4f4e7587488423,2014-08,Essex Police,Essex Police,0.840039,51.864715,On or near Maldon Road,E01021721,Colchester 012D,Violence and sexual offences,Under investigation,
,2014-08,Essex Police,Essex Police,0.837614,51.883417,On or near Nursery Close,E01021722,Colchester 012E,Anti-social behaviour,,
ba5990c520894750c59781d159fdf02621a89dc877976a1f63cd164255688b9a,2014-08,Essex Police,Essex Police,0.839606,51.876975,On or near Lambourne Close,E01021722,Colchester 012E,Criminal damage and arson,Investigation complete; no suspect identified,
f22bf58257d5268401cc8b5de4d3b067b08cd8dc212ee818d2821e96113dd688,2014-08,Essex Police,Essex Police,0.832444,51.877921,On or near Sandmartin Crescent,E01021722,Colchester 012E,Criminal damage and arson,Investigation complete; no suspect identified,
6ac7c5b5008b7fc8e3d2e60ac8a37c59d71d29b6faef1bacf38f2e22f862557c,2014-08,Essex Police,Essex Police,0.828379,51.878900,On or near Osprey Close,E01021722,Colchester 012E,Drugs,Offender given a drugs possession warning,
1f754e2d90378412174ac0d049898f393fd2345d9eb23e78bebc48bc05674f41,2014-08,Essex Police,Essex Police,0.838373,51.879307,On or near Holly Road,E01021722,Colchester 012E,Other theft,Under investigation,
354dbe8020c59f19b7c46c02cb8b74391ddb21184915481815e0dabf24c25475,2014-08,Essex Police,Essex Police,0.833461,51.877222,On or near Wren Close,E01021722,Colchester 012E,Other theft,Investigation complete; no suspect identified,
b7b294ec8139d3a3fab07a1212a52a8429f99e717327787c56207c8a0a9b29d9,2014-08,Essex Police,Essex Police,0.828379,51.878900,On or near Osprey Close,E01021722,Colchester 012E,Other theft,Investigation complete; no suspect identified,
c7c61cdf39f7826361c99607326b188c190af1f67218abc2e469a73d5815ad31,2014-08,Essex Police,Essex Police,0.838373,51.879307,On or near Holly Road,E01021722,Colchester 012E,Public order,Unable to prosecute suspect,
6f85cecab6a20a56a10bbbab951652d37068d8cf70970021ec03df75e5f7d093,2014-08,Essex Police,Essex Police,0.837954,51.876583,On or near Egremont Way,E01021722,Colchester 012E,Violence and sexual offences,Local resolution,
,2014-08,Essex Police,Essex Police,0.894589,51.886462,On or near Police Station,E01021651,Colchester 013A,Anti-social behaviour,,
,2014-08,Essex Police,Essex Police,0.891201,51.883263,On or near Butt Road,E01021651,Colchester 013A,Anti-social behaviour,,
,2014-08,Essex Police,Essex Police,0.893409,51.882336,On or near Cavalry Road,E01021651,Colchester 013A,Anti-social behaviour,,
,2014-08,Essex Police,Essex Police,0.891999,51.884826,On or near Beaconsfield Avenue,E01021651,Colchester 013A,Anti-social behaviour,,
,2014-08,Essex Police,Essex Police,0.895044,51.882224,On or near Circular Road North,E01021651,Colchester 013A,Anti-social behaviour,,
,2014-08,Essex Police,Essex Police,0.893409,51.882336,On or near Cavalry Road,E01021651,Colchester 013A,Anti-social behaviour,,
,2014-08,Essex Police,Essex Police,0.893409,51.882336,On or near Cavalry Road,E01021651,Colchester 013A,Anti-social behaviour,,
,2014-08,Essex Police,Essex Police,0.894589,51.886462,On or near Police Station,E01021651,Colchester 013A,Anti-social behaviour,,
,2014-08,Essex Police,Essex Police,0.893086,51.885690,On or near Alexandra Road,E01021651,Colchester 013A,Anti-social behaviour,,
,2014-08,Essex Police,Essex Police,0.893409,51.882336,On or near Cavalry Road,E01021651,Colchester 013A,Anti-social behaviour,,
,2014-08,Essex Police,Essex Police,0.895044,51.882224,On or near Circular Road North,E01021651,Colchester 013A,Anti-social behaviour,,
,2014-08,Essex Police,Essex Police,0.894589,51.886462,On or near Police Station,E01021651,Colchester 013A,Anti-social behaviour,,
4e12363a0c71d247c7413fefa4f3046e4ccc91fecc46dcc8a33ec00693392734,2014-08,Essex Police,Essex Police,0.894626,51.882963,On or near Stable Road,E01021651,Colchester 013A,Bicycle theft,Under investigation,
3923a5a16eee8f0a535f659b7ade71c3a89f89822e09d936e178310f103d8e56,2014-08,Essex Police,Essex Police,0.893409,51.882336,On or near Cavalry Road,E01021651,Colchester 013A,Bicycle theft,Investigation complete; no suspect identified,
5d32367f0d395d3191ca09f823607719426fad7f585b6473eef09c2e9ab1236f,2014-08,Essex Police,Essex Police,0.890006,51.886377,On or near Hospital Road,E01021651,Colchester 013A,Burglary,Under investigation,
df9e1bc0f3b70a1d28d6be0fbfe99317439e44077040aa5781807502b291c72d,2014-08,Essex Police,Essex Police,0.894589,51.886462,On or near Police Station,E01021651,Colchester 013A,Criminal damage and arson,Awaiting court outcome,
afd608ec6f9967699b3fb05526403ddb6f1e36595fe5d6d409e5061402f622f4,2014-08,Essex Police,Essex Police,0.894589,51.886462,On or near Police Station,E01021651,Colchester 013A,Criminal damage and arson,Awaiting court outcome,
9babd299a900a9c8d4010ae2485fc2a62057599a622f04bfdd84bc897482092f,2014-08,Essex Police,Essex Police,0.894589,51.886462,On or near Police Station,E01021651,Colchester 013A,Criminal damage and arson,Awaiting court outcome,
1a6500f37ae7055b1a7920780e306ba37c8440cbe65bcf7f1ae849822e8a4a09,2014-08,Essex Police,Essex Police,0.893041,51.886347,On or near Burlington Road,E01021651,Colchester 013A,Criminal damage and arson,Investigation complete; no suspect identified,
1f3c7f9ce76b38e09207c48af932f0a92db88e00a6f7371bef1543ef6ab0f816,2014-08,Essex Police,Essex Police,0.894589,51.886462,On or near Police Station,E01021651,Colchester 013A,Criminal damage and arson,Under investigation,
eee7741a370642702d06bb8502c64290c7e0460c424b95882641135e72dc140d,2014-08,Essex Police,Essex Police,0.893041,51.886347,On or near Burlington Road,E01021651,Colchester 013A,Criminal damage and arson,Investigation complete; no suspect identified,
d8f1f5ecc4ec3ba67f6be4968ef2346304f6a322020316bf6ffd4bdfc1e642f5,2014-08,Essex Police,Essex Police,0.890006,51.886377,On or near Hospital Road,E01021651,Colchester 013A,Criminal damage and arson,Investigation complete; no suspect identified,
2e7e3b339fbb3807ac37daf77c9f6909bdddd5afae4bd05d7c3564285a023d7f,2014-08,Essex Police,Essex Police,0.894589,51.886462,On or near Police Station,E01021651,Colchester 013A,Public order,Offender given penalty notice,
2070bc83bd94a5c346a3fd740d3775298753da7115c7ab37e73cf9e36364d61c,2014-08,Essex Police,Essex Police,0.894589,51.886462,On or near Police Station,E01021651,Colchester 013A,Public order,Offender sent to prison,
570fae8309da2852f767dec1271d858f452d3925a8d8b40b73809a1e65db2412,2014-08,Essex Police,Essex Police,0.893409,51.882336,On or near Cavalry Road,E01021651,Colchester 013A,Vehicle crime,Investigation complete; no suspect identified,
b4e16f463d15c24acfc72992058aadb2464e12b7420263e76ebb3534bb535417,2014-08,Essex Police,Essex Police,0.893409,51.882336,On or near Cavalry Road,E01021651,Colchester 013A,Vehicle crime,Under investigation,
0124d56829dbf6e9b8da2f9f3bd2dc386ccc048fb1c7a5820533f3397b265a50,2014-08,Essex Police,Essex Police,0.895044,51.882224,On or near Circular Road North,E01021651,Colchester 013A,Violence and sexual offences,Investigation complete; no suspect identified,
67c365c38f180d460ccee44c7c9f13501fef5619002195e0a792f4d13c2f78be,2014-08,Essex Police,Essex Police,0.894589,51.886462,On or near Police Station,E01021651,Colchester 013A,Violence and sexual offences,Under investigation,
b024316605993b9ca46b9559fb2855637c72830b5380ec017b5fb590c1fe5281,2014-08,Essex Police,Essex Police,0.894589,51.886462,On or near Police Station,E01021651,Colchester 013A,Violence and sexual offences,Offender given community sentence,
5dc5778c578da520ca43ec25d6fea36bd601ca48f64b47a00fc3fe485fca19e4,2014-08,Essex Police,Essex Police,0.894589,51.886462,On or near Police Station,E01021651,Colchester 013A,Violence and sexual offences,Under investigation,
8a383895b8c5968f04be42acc02e8b0a7a66c12b8191fbea12b3b74344eebaec,2014-08,Essex Police,Essex Police,0.894589,51.886462,On or near Police Station,E01021651,Colchester 013A,Violence and sexual offences,Offender given community sentence,
db522596115d8cd337145ed4de5a5c2599760cd5a9c83b3b3257510725d2ea08,2014-08,Essex Police,Essex Police,0.895423,51.877961,On or near Circular Road South,E01021651,Colchester 013A,Violence and sexual offences,Under investigation,
dd160e024f6ba80a5b7f3f0038c05c3adc3ada3d0e1c83d0a51cd907cb804413,2014-08,Essex Police,Essex Police,0.894589,51.886462,On or near Police Station,E01021651,Colchester 013A,Violence and sexual offences,Under investigation,
,2014-08,Essex Police,Essex Police,0.886384,51.884748,On or near Inglis Road,E01021652,Colchester 013B,Anti-social behaviour,,
,2014-08,Essex Police,Essex Police,0.886007,51.883858,On or near Honywood Road,E01021652,Colchester 013B,Anti-social behaviour,,
,2014-08,Essex Police,Essex Police,0.886007,51.883858,On or near Honywood Road,E01021652,Colchester 013B,Anti-social behaviour,,
36f36914981c25e5ebcadffc8dadb5d6e53c5bfedd581d1e18862ea69ef69d01,2014-08,Essex Police,Essex Police,0.883822,51.886943,On or near Silvanus Close,E01021652,Colchester 013B,Other theft,Investigation complete; no suspect identified,
39be8ccfd7f88d076d0b6fc5751f04f919b6ab08204d0cb3931b01fb9510683b,2014-08,Essex Police,Essex Police,0.887203,51.882111,On or near Hamilton Road,E01021652,Colchester 013B,Vehicle crime,Investigation complete; no suspect identified,
60ef4d5f0f07e1876a88359996b8523a6956c31346789473f8848d8ef6259062,2014-08,Essex Police,Essex Police,0.884856,51.886531,On or near Beverley Road,E01021652,Colchester 013B,Vehicle crime,Investigation complete; no suspect identified,
,2014-08,Essex Police,Essex Police,0.882277,51.879840,On or near Drury Road,E01021653,Colchester 013C,Anti-social behaviour,,
53e64fb2e596752f2d507642a5327eef15f7a19aea087a8a90d4167f15584352,2014-08,Essex Police,Essex Police,0.876501,51.880647,On or near Irvine Road,E01021653,Colchester 013C,Burglary,Investigation complete; no suspect identified,
88d803d3f18dc7b11990c78a2d11d902bb0eddbbbd1319c4f8b8ff4ee7989d1f,2014-08,Essex Police,Essex Police,0.878844,51.881156,On or near Audley Road,E01021653,Colchester 013C,Criminal damage and arson,Investigation complete; no suspect identified,
aff0c01129db63b5b452c43ffcf1426a8de7867b9af75d668d17a4ee6a485526,2014-08,Essex Police,Essex Police,0.886400,51.880008,On or near Butt Road,E01021653,Colchester 013C,Other theft,Investigation complete; no suspect identified,
1fca69dfd4c50631856f571d28552a4ec57f96efac2581e6d972c5445db290bf,2014-08,Essex Police,Essex Police,0.886400,51.880008,On or near Butt Road,E01021653,Colchester 013C,Public order,Under investigation,
e90897f6f5453cd98298e9a376049d600b6c2e5b3df64360f6b64caca63e5504,2014-08,Essex Police,Essex Police,0.886172,51.881435,On or near Constantine Road,E01021653,Colchester 013C,Vehicle crime,Under investigation,
a48caf47cfbf0107c6e23279ff5379475410a390b55570c1ce99cbd44da95d4d,2014-08,Essex Police,Essex Police,0.886400,51.880008,On or near Butt Road,E01021653,Colchester 013C,Violence and sexual offences,Investigation complete; no suspect identified,
,2014-08,Essex Police,Essex Police,0.891566,51.877624,On or near Circular Road West,E01021717,Colchester 013D,Anti-social behaviour,,
,2014-08,Essex Police,Essex Police,0.889354,51.879612,On or near Goojerat Road,E01021717,Colchester 013D,Anti-social behaviour,,
,2014-08,Essex Police,Essex Police,0.895056,51.877439,On or near Little Foxburrows,E01021717,Colchester 013D,Anti-social behaviour,,
,2014-08,Essex Police,Essex Police,0.883172,51.878846,On or near Gladwin Road,E01021717,Colchester 013D,Anti-social behaviour,,
,2014-08,Essex Police,Essex Police,0.881136,51.878581,On or near Wavell Avenue,E01021717,Colchester 013D,Anti-social behaviour,,
,2014-08,Essex Police,Essex Police,0.895056,51.877439,On or near Little Foxburrows,E01021717,Colchester 013D,Anti-social behaviour,,
809589d20de0d69d63b496dedcb1cd0af207e3f9d186069963e2bea12ce2d39e,2014-08,Essex Police,Essex Police,0.897887,51.877181,On or near Dapifer Close,E01021717,Colchester 013D,Drugs,Offender given a drugs possession warning,
45517904a0066024e5cf47b634b9299dd3978bd7191a777f134fe3630b05b7ee,2014-08,Essex Police,Essex Police,0.881136,51.878581,On or near Wavell Avenue,E01021717,Colchester 013D,Other theft,Investigation complete; no suspect identified,
e10b48d8e97ea357aa23d6d43672e538ecaac0b216e3404ad4d4e7382a5b567f,2014-08,Essex Police,Essex Police,0.891566,51.877624,On or near Circular Road West,E01021717,Colchester 013D,Violence and sexual offences,Under investigation,
,2014-08,Essex Police,Essex Police,0.865615,51.879249,On or near Holman Crescent,E01021689,Colchester 014A,Anti-social behaviour,,
49c39431c71bf2f69206a510f04d4566920851d31589ac27eadebee7f3340456,2014-08,Essex Police,Essex Police,0.865615,51.879249,On or near Holman Crescent,E01021689,Colchester 014A,Criminal damage and arson,Under investigation,
,2014-08,Essex Police,Essex Police,0.850780,51.876057,On or near Becker Road,E01021690,Colchester 014B,Anti-social behaviour,,
12bad5581660f2550873201d0190e6663f0ecafe81a7a64de6b514f22aadf716,2014-08,Essex Police,Essex Police,0.850699,51.874080,On or near Ladell Close,E01021690,Colchester 014B,Burglary,Awaiting court outcome,
701fcec1d8e334f37fb75d00a028d713f2b970e6c863874b0d47eb101d343c12,2014-08,Essex Police,Essex Police,0.854180,51.877431,On or near Salmon Close,E01021690,Colchester 014B,Burglary,Under investigation,
6948d622bed73a81ad89dd14760fbda7ddaf7d0fb4bc722181140f9da5b66423,2014-08,Essex Police,Essex Police,0.855753,51.877951,On or near Straight Road,E01021690,Colchester 014B,Criminal damage and arson,Under investigation,
d1b8c2e7ff6b0227ab014a650b0025311ba59520c4266f56fbead38766d1fe08,2014-08,Essex Police,Essex Police,0.853387,51.876614,On or near Keymer Way,E01021690,Colchester 014B,Criminal damage and arson,Under investigation,
b088cfc7555cecf20937164ba54ea1ebdbfb5c181d8599a42739ccdbb4501f46,2014-08,Essex Police,Essex Police,0.855753,51.877951,On or near Straight Road,E01021690,Colchester 014B,Possession of weapons,Under investigation,
,2014-08,Essex Police,Essex Police,0.852757,51.878140,On or near Dugard Avenue,E01021691,Colchester 014C,Anti-social behaviour,,
,2014-08,Essex Police,Essex Police,0.857819,51.883252,On or near Christine Chase,E01021691,Colchester 014C,Anti-social behaviour,,
,2014-08,Essex Police,Essex Police,0.859481,51.883112,On or near Heather Drive,E01021691,Colchester 014C,Anti-social behaviour,,
916839c12625b2110e032c42234192005d9d713b5396dd0c59d30f2a2f8b0f68,2014-08,Essex Police,Essex Police,0.859481,51.883112,On or near Heather Drive,E01021691,Colchester 014C,Other theft,Under investigation,
037ce59e9ec610e1742c1ee3c74f0ea41250435687f3eada6f2d7a0d81333a6b,2014-08,Essex Police,Essex Police,0.858351,51.879506,On or near Saxon Close,E01021691,Colchester 014C,Violence and sexual offences,Offender given a caution,
,2014-08,Essex Police,Essex Police,0.857138,51.878484,On or near Worthington Way,E01021692,Colchester 014D,Anti-social behaviour,,
,2014-08,Essex Police,Essex Police,0.865458,51.880655,On or near Supermarket,E01021693,Colchester 014E,Anti-social behaviour,,
4a5da34949420cf5542bb11045821a44a07df8a0c08f8df2b9deb2b87df2e627,2014-08,Essex Police,Essex Police,0.861021,51.883336,On or near Baines Close,E01021693,Colchester 014E,Burglary,Under investigation,
1cc3988ad0defaedd1a5a7e2defe823c60bdb6e37b34c7b529129d8300cfccf9,2014-08,Essex Police,Essex Police,0.862254,51.885347,On or near Parson'S Hill,E01021693,Colchester 014E,Criminal damage and arson,Investigation complete; no suspect identified,
c2d559104f9d80edd663aded2e04b20f13e481dd0e7a284cac8171d2039581d4,2014-08,Essex Police,Essex Police,0.866891,51.881718,On or near Crome Close,E01021693,Colchester 014E,Criminal damage and arson,Under investigation,
05684a8c5a55198992b84b1d3532e79e02fd7b12c9a93b132ac9de1760230deb,2014-08,Essex Police,Essex Police,0.860703,51.884503,On or near Church Lane,E01021693,Colchester 014E,Drugs,Offender given a caution,
239f4a004b0e20f491ca91a9fb13ce0150427704d47c52fad35bf658ba48f830,2014-08,Essex Police,Essex Police,0.865458,51.880655,On or near Supermarket,E01021693,Colchester 014E,Other theft,Under investigation,
2484e0137bc621bc25dacdd5a7c376faf373d6680b76d83873ab73b447de7af2,2014-08,Essex Police,Essex Police,0.865458,51.880655,On or near Supermarket,E01021693,Colchester 014E,Other theft,Investigation complete; no suspect identified,
7cbf999adcfdd42cf02de2d57b3ee98540a3250c19b403505a295aa75fff9bbe,2014-08,Essex Police,Essex Police,0.861991,51.882808,On or near De Vere Road,E01021693,Colchester 014E,Other theft,Under investigation,
2dbe1087480864e2bec071b0cb474d8cd8a6c93580d1cd7e19e8234033498947,2014-08,Essex Police,Essex Police,0.865458,51.880655,On or near Supermarket,E01021693,Colchester 014E,Shoplifting,Under investigation,
,2014-08,Essex Police,Essex Police,0.874158,51.872619,On or near Devon Road,E01021711,Colchester 015A,Anti-social behaviour,,
,2014-08,Essex Police,Essex Police,0.874653,51.869908,On or near Sparling Close,E01021711,Colchester 015A,Anti-social behaviour,,
,2014-08,Essex Police,Essex Police,0.872165,51.869385,On or near John Kent Avenue,E01021711,Colchester 015A,Anti-social behaviour,,
,2014-08,Essex Police,Essex Police,0.873191,51.871356,On or near Iceni Way,E01021711,Colchester 015A,Anti-social behaviour,,
,2014-08,Essex Police,Essex Police,0.875866,51.872973,On or near Gloucester Avenue,E01021711,Colchester 015A,Anti-social behaviour,,
,2014-08,Essex Police,Essex Police,0.873707,51.870552,On or near Police Station,E01021711,Colchester 015A,Anti-social behaviour,,
b6b1232696b72aa8e2f08a75694105c2fdc25e135d4841890c7e5f0e0ecebc3e,2014-08,Essex Police,Essex Police,0.871978,51.872384,On or near Anglia Close,E01021711,Colchester 015A,Bicycle theft,Investigation complete; no suspect identified,
63dd991555bb0fb96fcfeb649e491d15ad53ea39037e07b94ef2e0a456495268,2014-08,Essex Police,Essex Police,0.868739,51.871024,On or near Hedge Drive,E01021711,Colchester 015A,Criminal damage and arson,Investigation complete; no suspect identified,
0af81e021d1ad92a17ada33742ca1c6a4a8e99d3572876631b2b6e2e63da185d,2014-08,Essex Police,Essex Police,0.871994,51.871493,On or near Supermarket,E01021711,Colchester 015A,Other theft,Under investigation,
828e28f3af4de692f96597e4c16976f8c0fdfff59947be5fef6eeb41f4c5d263,2014-08,Essex Police,Essex Police,0.873707,51.870552,On or near Police Station,E01021711,Colchester 015A,Public order,Under investigation,
d2299ffa053e46b334ca94db4bcb82a1e61852e0c243d25093e9e77705977c8c,2014-08,Essex Police,Essex Police,0.871994,51.871493,On or near Supermarket,E01021711,Colchester 015A,Shoplifting,Investigation complete; no suspect identified,
3bb1c0a110d2746da46b4fc68bbc5e8dc69001e6cd6ae3cbd74e724b654dc0f6,2014-08,Essex Police,Essex Police,0.873191,51.871356,On or near Iceni Way,E01021711,Colchester 015A,Violence and sexual offences,Unable to prosecute suspect,
b4648cecfd67ba53d3fc9b674d59ae86d911512a2b1609307b3aabf54f1474e3,2014-08,Essex Police,Essex Police,0.873210,51.872102,On or near Rutland Avenue,E01021711,Colchester 015A,Violence and sexual offences,Awaiting court outcome,
abd977d0862bf215df40ffdad9f8a075cf6b8771c56e1aefaa73234d785e6f2c,2014-08,Essex Police,Essex Police,0.873707,51.870552,On or near Police Station,E01021711,Colchester 015A,Violence and sexual offences,Under investigation,
45e4167e56efe9c5c0fa63fc74f479987de9cf7eab8bec854e0390ca1db3b729,2014-08,Essex Police,Essex Police,0.873210,51.872102,On or near Rutland Avenue,E01021711,Colchester 015A,Violence and sexual offences,Under investigation,
5854b174734a02f4521c67445e3350e7cc376c5c6bf0829be5bdae2e17d29654,2014-08,Essex Police,Essex Police,0.873210,51.872102,On or near Rutland Avenue,E01021711,Colchester 015A,Violence and sexual offences,Awaiting court outcome,
537b0a4397e65c6c2c0514121eb5929e87b6ab2504c26a02333165172e45615d,2014-08,Essex Police,Essex Police,0.873707,51.870552,On or near Police Station,E01021711,Colchester 015A,Other crime,Under investigation,
,2014-08,Essex Police,Essex Police,0.868293,51.875883,On or near Shrub End Road,E01021713,Colchester 015C,Anti-social behaviour,,
,2014-08,Essex Police,Essex Police,0.871889,51.875993,On or near Wilbye Close,E01021713,Colchester 015C,Anti-social behaviour,,
6f77ea000c0de108e3c4ea70f84de7447490a89d98ee6fa87504e96824a58fc1,2014-08,Essex Police,Essex Police,0.868293,51.875883,On or near Shrub End Road,E01021713,Colchester 015C,Bicycle theft,Under investigation,
68621cb7abb85976050033d0480ac5a4fdfa5de3bbb92679f6087084b6bacce6,2014-08,Essex Police,Essex Police,0.871266,51.874425,On or near Willett Road,E01021713,Colchester 015C,Burglary,Investigation complete; no suspect identified,
1ed6840fe4e28f2fd60ac73c71dbce4a5d52c5c62caa633c33bc117196b05591,2014-08,Essex Police,Essex Police,0.868293,51.875883,On or near Shrub End Road,E01021713,Colchester 015C,Other theft,Investigation complete; no suspect identified,
90cbaf1117a556567889a0b70b1c3d4998085cdb573be790d4b261fbcbd3b479,2014-08,Essex Police,Essex Police,0.863805,51.873402,On or near Egerton-Green Road,E01021713,Colchester 015C,Violence and sexual offences,Awaiting court outcome,
,2014-08,Essex Police,Essex Police,0.880296,51.868178,On or near Midway Road,E01021714,Colchester 015D,Anti-social behaviour,,
,2014-08,Essex Police,Essex Police,0.879031,51.867706,On or near Eight Acre Lane,E01021714,Colchester 015D,Anti-social behaviour,,
,2014-08,Essex Police,Essex Police,0.876583,51.868503,On or near Salamanca Way,E01021714,Colchester 015D,Anti-social behaviour,,
,2014-08,Essex Police,Essex Police,0.875877,51.864716,On or near Sittang Close,E01021714,Colchester 015D,Anti-social behaviour,,
,2014-08,Essex Police,Essex Police,0.882645,51.854711,On or near Bounstead Road,E01021714,Colchester 015D,Anti-social behaviour,,
,2014-08,Essex Police,Essex Police,0.878899,51.868366,On or near Glebe Road,E01021714,Colchester 015D,Anti-social behaviour,,
,2014-08,Essex Police,Essex Police,0.873753,51.864678,On or near Arakan Close,E01021714,Colchester 015D,Anti-social behaviour,,
,2014-08,Essex Police,Essex Police,0.874364,51.866732,On or near Elmwood Avenue,E01021714,Colchester 015D,Anti-social behaviour,,
,2014-08,Essex Police,Essex Police,0.873753,51.864678,On or near Arakan Close,E01021714,Colchester 015D,Anti-social behaviour,,
78bbcf5716f47655edc823f0ce88d223126106209f49dc46351a0454dd3ce4bb,2014-08,Essex Police,Essex Police,0.875877,51.864716,On or near Sittang Close,E01021714,Colchester 015D,Bicycle theft,Investigation complete; no suspect identified,
9b6214180002da93951d9f4f5e602e77ffeeaff8d216408d0538d8b7e34d1a34,2014-08,Essex Police,Essex Police,0.873753,51.864678,On or near Arakan Close,E01021714,Colchester 015D,Burglary,Investigation complete; no suspect identified,
95a195717b401657183c77f1a96155dd96d8a412e83f0d7409abacc0438fddb5,2014-08,Essex Police,Essex Police,0.874364,51.866732,On or near Elmwood Avenue,E01021714,Colchester 015D,Criminal damage and arson,Investigation complete; no suspect identified,
33b59f9f5b551f632982629ecabc4c82ec73323af628e6c1e974deb619b2a370,2014-08,Essex Police,Essex Police,0.874364,51.866732,On or near Elmwood Avenue,E01021714,Colchester 015D,Shoplifting,Investigation complete; no suspect identified,
20f17e8c3ffa607100e9c663b4723ca6a3dfa66e58aea01a136745de07946bb9,2014-08,Essex Police,Essex Police,0.873979,51.863890,On or near Kohima Road,E01021714,Colchester 015D,Violence and sexual offences,Under investigation,
,2014-08,Essex Police,Essex Police,0.863430,51.870704,On or near Thracian Close,E01021715,Colchester 015E,Anti-social behaviour,,
,2014-08,Essex Police,Essex Police,0.866472,51.872851,On or near Bishop Road,E01021715,Colchester 015E,Anti-social behaviour,,
,2014-08,Essex Police,Essex Police,0.863111,51.871170,On or near Coriolanus Close,E01021715,Colchester 015E,Anti-social behaviour,,
,2014-08,Essex Police,Essex Police,0.861876,51.870715,On or near Mercury Close,E01021715,Colchester 015E,Anti-social behaviour,,
,2014-08,Essex Police,Essex Police,0.862552,51.871517,On or near Springfields Drive,E01021715,Colchester 015E,Anti-social behaviour,,
,2014-08,Essex Police,Essex Police,0.862552,51.871517,On or near Springfields Drive,E01021715,Colchester 015E,Anti-social behaviour,,
,2014-08,Essex Police,Essex Police,0.861876,51.870715,On or near Mercury Close,E01021715,Colchester 015E,Anti-social behaviour,,
b668bf01c1269a7b5dbcb665b6e6c522db01d59322197024f76e1784c89dcb3c,2014-08,Essex Police,Essex Police,0.864827,51.869366,On or near Gosbecks View,E01021715,Colchester 015E,Burglary,Investigation complete; no suspect identified,
0720c94e5c513d919c953f066f300a071f603f4bef72a31b429bb0b61e21e2f4,2014-08,Essex Police,Essex Police,0.867522,51.871764,On or near Paxman Avenue,E01021715,Colchester 015E,Other theft,Under investigation,
4dd4d6f7626b3b0a9f2b02a3ab7ee61130af6f6a7fa6e6c86de6d7749b09fbb5,2014-08,Essex Police,Essex Police,0.868435,51.869907,On or near Hazell Avenue,E01021715,Colchester 015E,Other theft,Investigation complete; no suspect identified,
4ea209e8f2e58a747e04c2ca2ca5d62be5e8257723f248edac211ebc2035b6d0,2014-08,Essex Police,Essex Police,0.867522,51.871764,On or near Paxman Avenue,E01021715,Colchester 015E,Possession of weapons,Under investigation,
9203721ee5ecc2c7ce8e282f6ff5f83eb6d930a958a6812a037d8a66d0d4968c,2014-08,Essex Police,Essex Police,0.867522,51.871764,On or near Paxman Avenue,E01021715,Colchester 015E,Violence and sexual offences,Unable to prosecute suspect,
,2014-08,Essex Police,Essex Police,0.881071,51.873484,On or near Hollytree Court,E01033723,Colchester 015G,Anti-social behaviour,,
,2014-08,Essex Police,Essex Police,0.876563,51.868648,On or near Duoro Mews,E01033723,Colchester 015G,Anti-social behaviour,,
,2014-08,Essex Police,Essex Police,0.883214,51.863826,On or near Meadow Road,E01033723,Colchester 015G,Anti-social behaviour,,
,2014-08,Essex Police,Essex Police,0.889018,51.866445,On or near Berechurch Road,E01033723,Colchester 015G,Anti-social behaviour,,
,2014-08,Essex Police,Essex Police,0.887497,51.867201,On or near Ilex Close,E01033723,Colchester 015G,Anti-social behaviour,,
,2014-08,Essex Police,Essex Police,0.889018,51.866445,On or near Berechurch Road,E01033723,Colchester 015G,Anti-social behaviour,,
,2014-08,Essex Police,Essex Police,0.879098,51.864664,On or near Homefield Road,E01033723,Colchester 015G,Anti-social behaviour,,
,2014-08,Essex Police,Essex Police,0.878884,51.864040,On or near Minerva End,E01033723,Colchester 015G,Anti-social behaviour,,
,2014-08,Essex Police,Essex Police,0.887497,51.867201,On or near Ilex Close,E01033723,Colchester 015G,Anti-social behaviour,,
,2014-08,Essex Police,Essex Police,0.885120,51.867053,On or near Hornbeam Close,E01033723,Colchester 015G,Anti-social behaviour,,
,2014-08,Essex Police,Essex Police,0.887497,51.867201,On or near Ilex Close,E01033723,Colchester 015G,Anti-social behaviour,,
3153664025d42d61dedba8dea2eed24825d370f817772fd3fc6a3047cd22940c,2014-08,Essex Police,Essex Police,0.885570,51.868634,On or near Beechwood Close,E01033723,Colchester 015G,Bicycle theft,Investigation complete; no suspect identified,
e53c5c0798824819e14698dcffd9c27a1262f94d79ae17071645c0621c343a46,2014-08,Essex Police,Essex Police,0.881539,51.866709,On or near Pedestrian Subway,E01033723,Colchester 015G,Criminal damage and arson,Investigation complete; no suspect identified,
d7965dbafa92b62cdd1bd5590c730246cdb3b03385078e8911162cace861c3e2,2014-08,Essex Police,Essex Police,0.887497,51.867201,On or near Ilex Close,E01033723,Colchester 015G,Criminal damage and arson,Under investigation,
882f5b5c6b8728996f51f3d08beb20225b0aff8d8957b28b070ef5fb91d0d236,2014-08,Essex Police,Essex Police,0.880285,51.870508,On or near Rimini Close,E01033723,Colchester 015G,Other theft,Investigation complete; no suspect identified,
286cb46af3ce9b512b9d9cd6e6572340d4a394f12979d21f8540328298150073,2014-08,Essex Police,Essex Police,0.887444,51.865233,On or near Selby Close,E01033723,Colchester 015G,Other theft,Unable to prosecute suspect,
489b27e7ccf0a6f5bf67b2a8169c5903bedfde6131d629cc6b051d1707a8a022,2014-08,Essex Police,Essex Police,0.884495,51.866367,On or near Baronswood Way,E01033723,Colchester 015G,Public order,Under investigation,
ab35097b56554ee8edf10283d2caa5b47c41f166417e264037b16588842ad9e4,2014-08,Essex Police,Essex Police,0.884495,51.866367,On or near Baronswood Way,E01033723,Colchester 015G,Public order,Local resolution,
79aecf5f118398e1bc4dae76b7d1c103cf16bcd5069d18f44926e0dcc85713ff,2014-08,Essex Police,Essex Police,0.884495,51.866367,On or near Baronswood Way,E01033723,Colchester 015G,Violence and sexual offences,Under investigation,
1c7d0c498731c0eb251c9f60b30c6a4fb2e0794cc686174a8f46b714e0f4c534,2014-08,Essex Police,Essex Police,0.880462,51.872599,On or near Dereham Close,E01033723,Colchester 015G,Violence and sexual offences,Under investigation,
efad3620fa6af5b5b9250e10cd076695235775d5d02170db768b17d1bcff51f3,2014-08,Essex Police,Essex Police,0.885120,51.867053,On or near Hornbeam Close,E01033723,Colchester 015G,Violence and sexual offences,Under investigation,
893f791627849d82bf158ea30ba348e1faf7532bd41303eafb6c0161cbb74f45,2014-08,Essex Police,Essex Police,0.889018,51.866445,On or near Berechurch Road,E01033723,Colchester 015G,Violence and sexual offences,Under investigation,
,2014-08,Essex Police,Essex Police,0.947695,51.858917,On or near Oxton Close,E01021657,Colchester 016A,Anti-social behaviour,,
b85ca8d277415974f3d52e21539c76d0af062b40aaddcd023884449926148168,2014-08,Essex Police,Essex Police,0.948932,51.856062,On or near High Street,E01021657,Colchester 016A,Criminal damage and arson,Investigation complete; no suspect identified,
ff218486b9ddae131964e23e2081c2b3eda0837cf7655fab4dbc74fe1a86f92a,2014-08,Essex Police,Essex Police,0.947461,51.856882,On or near Supermarket,E01021657,Colchester 016A,Criminal damage and arson,Investigation complete; no suspect identified,
65615a1fbe81d6cd6886054df0f126ff8074781046bf7f81f69be1afda072335,2014-08,Essex Police,Essex Police,0.945041,51.856753,On or near Colne Rise,E01021657,Colchester 016A,Other theft,Under investigation,
1a482bd0eeddf579e34db387443340baf3a7bd88c3524acfe3fce4e56579e302,2014-08,Essex Police,Essex Police,0.947134,51.858778,On or near Marsh Crescent,E01021657,Colchester 016A,Other theft,Investigation complete; no suspect identified,
,2014-08,Essex Police,Essex Police,0.909856,51.854842,On or near Marasca End,E01021658,Colchester 016B,Anti-social behaviour,,
,2014-08,Essex Police,Essex Police,0.912317,51.854493,On or near Boyles Court,E01021658,Colchester 016B,Anti-social behaviour,,
,2014-08,Essex Police,Essex Police,0.912317,51.854493,On or near Boyles Court,E01021658,Colchester 016B,Anti-social behaviour,,
,2014-08,Essex Police,Essex Police,0.912317,51.854493,On or near Boyles Court,E01021658,Colchester 016B,Anti-social behaviour,,
,2014-08,Essex Police,Essex Police,0.939160,51.856541,On or near Rectory Road,E01021658,Colchester 016B,Anti-social behaviour,,
,2014-08,Essex Police,Essex Police,0.909856,51.854842,On or near Marasca End,E01021658,Colchester 016B,Anti-social behaviour,,
,2014-08,Essex Police,Essex Police,0.909856,51.854842,On or near Marasca End,E01021658,Colchester 016B,Anti-social behaviour,,
,2014-08,Essex Police,Essex Police,0.910661,51.856279,On or near Sexton Close,E01021658,Colchester 016B,Anti-social behaviour,,
28a3a67ffdbff06005d9f894095fb9abf997d1834f5842feb88617cbf0ff1803,2014-08,Essex Police,Essex Police,0.939160,51.856541,On or near Rectory Road,E01021658,Colchester 016B,Burglary,Investigation complete; no suspect identified,
b37266efe414b96468ec6df9a2dde4943a0f00355266c6d6de5ddcb6c15a326d,2014-08,Essex Police,Essex Police,0.910698,51.857312,On or near Blackheath,E01021658,Colchester 016B,Burglary,Under investigation,
de8437e99f2363b0b7e576268aab006fcc4e666f59931858bdb2c5498ab5aa86,2014-08,Essex Police,Essex Police,0.940347,51.856259,On or near Heath Road,E01021658,Colchester 016B,Criminal damage and arson,Under investigation,
b7bcddf451a701ae2d0f89a95f335829ae3dcfb0ae9236114f74a569469a8b5f,2014-08,Essex Police,Essex Police,0.912317,51.854493,On or near Boyles Court,E01021658,Colchester 016B,Other theft,Unable to prosecute suspect,
dfcc5fcd7e06c4b9acf5c9c225fba6049db9dcc8a0b00f283853e87561190320,2014-08,Essex Police,Essex Police,0.940347,51.856259,On or near Heath Road,E01021658,Colchester 016B,Vehicle crime,Investigation complete; no suspect identified,
be2fbe7ec41de7483ee0dbc035887e83fbfbf599db78f5e440f3fc3c56826b89,2014-08,Essex Police,Essex Police,0.911037,51.854228,On or near Garrod Court,E01021658,Colchester 016B,Vehicle crime,Investigation complete; no suspect identified,
1009ab27675f493e6d95da0d4b32fae712c545b87f4eb8e542b066df46a1a6b0,2014-08,Essex Police,Essex Police,0.934085,51.857342,On or near Fingringhoe Road,E01021658,Colchester 016B,Violence and sexual offences,Awaiting court outcome,
f09f9ae01b0da468296c6039cc8a04acf76b00d945654da93ae0e98481c65b4b,2014-08,Essex Police,Essex Police,0.934085,51.857342,On or near Fingringhoe Road,E01021658,Colchester 016B,Other crime,Awaiting court outcome,
,2014-08,Essex Police,Essex Police,0.927131,51.877302,On or near Waterside Lane,E01021664,Colchester 016C,Anti-social behaviour,,
,2014-08,Essex Police,Essex Police,0.929057,51.877424,On or near Albany Gardens,E01021664,Colchester 016C,Anti-social behaviour,,
,2014-08,Essex Police,Essex Police,0.920991,51.874486,On or near Canwick Grove,E01021664,Colchester 016C,Anti-social behaviour,,
,2014-08,Essex Police,Essex Police,0.921916,51.873519,On or near Cavendish Avenue,E01021664,Colchester 016C,Anti-social behaviour,,
,2014-08,Essex Police,Essex Police,0.932614,51.876931,On or near Haven Road,E01021664,Colchester 016C,Anti-social behaviour,,
,2014-08,Essex Police,Essex Police,0.920090,51.878295,On or near Scarletts Road,E01021664,Colchester 016C,Anti-social behaviour,,
,2014-08,Essex Police,Essex Police,0.920090,51.878295,On or near Scarletts Road,E01021664,Colchester 016C,Anti-social behaviour,,
,2014-08,Essex Police,Essex Police,0.929057,51.877424,On or near Albany Gardens,E01021664,Colchester 016C,Anti-social behaviour,,
,2014-08,Essex Police,Essex Police,0.929057,51.877424,On or near Albany Gardens,E01021664,Colchester 016C,Anti-social behaviour,,
122592f340ee381892d6bea0d7b8c1e9803dd62558cb87310a8d0d9fcb2544e8,2014-08,Essex Police,Essex Police,0.919311,51.878827,On or near Belmont Place,E01021664,Colchester 016C,Criminal damage and arson,Under investigation,
25a3858bb6b65c0e9966b279cbc34504fbe603d5ae46870ce50ffcad13d9abf2,2014-08,Essex Police,Essex Police,0.929057,51.877424,On or near Albany Gardens,E01021664,Colchester 016C,Drugs,Under investigation,
32c1a0ffff4cc40eaa2c4df9cbf3b59a9e7e6f584eadbe354228cafe61d700f1,2014-08,Essex Police,Essex Police,0.929057,51.877424,On or near Albany Gardens,E01021664,Colchester 016C,Other theft,Under investigation,
54bfda13b8a4ee3e9543f06e64ad0ce31cbe352acbfe115e81db9f44cf5fafea,2014-08,Essex Police,Essex Police,0.927700,51.874652,On or near Grange Farm Road,E01021664,Colchester 016C,Vehicle crime,Under investigation,
cf20fa7e64b3e36423ca210716bbd8e711825368aa2461a9ac5e65c9def08746,2014-08,Essex Police,Essex Police,0.930684,51.874956,On or near Commerce Park,E01021664,Colchester 016C,Vehicle crime,Investigation complete; no suspect identified,
ad83aca76754585c0cc7b11ddd4717e749197c14636a9a8569a66d80dba86700,2014-08,Essex Police,Essex Police,0.923650,51.874043,On or near Supermarket,E01021664,Colchester 016C,Violence and sexual offences,Under investigation,
,2014-08,Essex Police,Essex Police,0.909931,51.873771,On or near Normandy Avenue,E01021665,Colchester 016D,Anti-social behaviour,,
,2014-08,Essex Police,Essex Police,0.914424,51.875621,On or near Roosevelt Way,E01021665,Colchester 016D,Anti-social behaviour,,
,2014-08,Essex Police,Essex Police,0.915219,51.873982,On or near Tarragona Mews,E01021665,Colchester 016D,Anti-social behaviour,,
,2014-08,Essex Police,Essex Police,0.910565,51.873009,On or near Ladbrook Drive,E01021665,Colchester 016D,Anti-social behaviour,,
,2014-08,Essex Police,Essex Police,0.910565,51.873009,On or near Ladbrook Drive,E01021665,Colchester 016D,Anti-social behaviour,,
,2014-08,Essex Police,Essex Police,0.914424,51.875621,On or near Roosevelt Way,E01021665,Colchester 016D,Anti-social behaviour,,
cc7f6070131e441a929a27ae26674a4db74544b250d842489e6dc862e177face,2014-08,Essex Police,Essex Police,0.911453,51.875739,On or near Montgomery Close,E01021665,Colchester 016D,Burglary,Under investigation,
8e7bae773074a3795033b9de11dffc5a441c4432a177f4db75e9fe534c22e1fe,2014-08,Essex Police,Essex Police,0.910565,51.873009,On or near Ladbrook Drive,E01021665,Colchester 016D,Criminal damage and arson,Investigation complete; no suspect identified,
967da7b48c40301477efadc9939490f44ddd16e9eeed82325f0375d38ca81861,2014-08,Essex Police,Essex Police,0.917256,51.875371,On or near Unity Close,E01021665,Colchester 016D,Criminal damage and arson,Unable to prosecute suspect,
3dccd56bb8017031f65fa58377d4b8fcb6e7e6730d7da881f125b8b04211f5e9,2014-08,Essex Police,Essex Police,0.912593,51.875387,On or near Stalin Road,E01021665,Colchester 016D,Public order,Under investigation,
95f46e05ed122b94e43bdafbd647de74a7327011381a17095dee9a7ad4179945,2014-08,Essex Police,Essex Police,0.910350,51.877331,On or near Bourne Road,E01021665,Colchester 016D,Vehicle crime,Investigation complete; no suspect identified,
220723b5d3544fb240f871c4e12bfccbaacd9122627c635b4d62e622959b1c51,2014-08,Essex Police,Essex Police,0.917256,51.875371,On or near Unity Close,E01021665,Colchester 016D,Violence and sexual offences,Under investigation,
02e14e1604b98d838293e80a8d9a9f013ea12b3cb50f70e2ea6e6e1ec61f7801,2014-08,Essex Police,Essex Police,0.912593,51.875387,On or near Stalin Road,E01021665,Colchester 016D,Violence and sexual offences,Offender given a caution,
d9f4e1526724194bf1a3e72201974480f96710074777244745da70aac5863922,2014-08,Essex Police,Essex Police,0.910565,51.873009,On or near Ladbrook Drive,E01021665,Colchester 016D,Violence and sexual offences,Under investigation,
,2014-08,Essex Police,Essex Police,0.917473,51.872226,On or near Flanders Field,E01021666,Colchester 016E,Anti-social behaviour,,
,2014-08,Essex Police,Essex Police,0.917473,51.872226,On or near Flanders Field,E01021666,Colchester 016E,Anti-social behaviour,,
234c3033a2adbfc6775b00805c5289a4476ba512defe738bc56f72db595870b6,2014-08,Essex Police,Essex Police,0.917575,51.872665,On or near Ranger Walk,E01021666,Colchester 016E,Burglary,Investigation complete; no suspect identified,
bc19baa79d7d78b36dad87617b0637583209903e3db94a4b6e40b89f90a52214,2014-08,Essex Police,Essex Police,0.924197,51.873957,On or near Old Heath Road,E01021666,Colchester 016E,Other theft,Under investigation,
563c7c50eeb9b43a0e44c275a5fe3b0d7fa79e2cf2b447e4e0c82b98b9e44539,2014-08,Essex Police,Essex Police,0.925842,51.874456,On or near Conder Way,E01021666,Colchester 016E,Vehicle crime,Investigation complete; no suspect identified,
9825fb1d6aa92beb1dd12e170bf66dddd0a679df3e619c964a715eb5db345c29,2014-08,Essex Police,Essex Police,0.919154,51.871933,On or near Poppy Gardens,E01021666,Colchester 016E,Violence and sexual offences,Investigation complete; no suspect identified,
,2014-08,Essex Police,Essex Police,0.928464,51.865397,On or near Foresight Road,E01021667,Colchester 016F,Anti-social behaviour,,
,2014-08,Essex Police,Essex Police,0.926542,51.866452,On or near Speedwell Road,E01021667,Colchester 016F,Anti-social behaviour,,
,2014-08,Essex Police,Essex Police,0.928464,51.865397,On or near Foresight Road,E01021667,Colchester 016F,Anti-social behaviour,,
,2014-08,Essex Police,Essex Police,0.928464,51.865397,On or near Foresight Road,E01021667,Colchester 016F,Anti-social behaviour,,
,2014-08,Essex Police,Essex Police,0.927377,51.866557,On or near Wick Road,E01021667,Colchester 016F,Anti-social behaviour,,
,2014-08,Essex Police,Essex Police,0.928464,51.865397,On or near Foresight Road,E01021667,Colchester 016F,Anti-social behaviour,,
,2014-08,Essex Police,Essex Police,0.927887,51.867920,On or near Petrol Station,E01021667,Colchester 016F,Anti-social behaviour,,
2f204ffcd4cab8f754688c4f3f8d841e9874da7ed273ef3dd5d80203e2badba1,2014-08,Essex Police,Essex Police,0.929766,51.866210,On or near Fullers Road,E01021667,Colchester 016F,Burglary,Investigation complete; no suspect identified,
0ca01fcd922d787811c2b9593e8939ad0b7bd8c8a5a5b356c16f02e3f61fabe0,2014-08,Essex Police,Essex Police,0.915602,51.872264,On or near Supermarket,E01021667,Colchester 016F,Shoplifting,Under investigation,
65fb41f347a98dfa44a7b4a8e5ba4d471232a2f6b0451eb52de9aa28bb5b09de,2014-08,Essex Police,Essex Police,0.915602,51.872264,On or near Supermarket,E01021667,Colchester 016F,Shoplifting,Under investigation,
1997878b0b6f6fc97d2dc9ed2c7b33ca8784355b12c075fbc58eb5e230bf3ca0,2014-08,Essex Police,Essex Police,0.915602,51.872264,On or near Supermarket,E01021667,Colchester 016F,Shoplifting,Under investigation,
da81b5bfa33db23991d8cdfc0b383c08a9bd8e904fce1ea7a706fab6ce0fdba1,2014-08,Essex Police,Essex Police,0.915602,51.872264,On or near Supermarket,E01021667,Colchester 016F,Shoplifting,Under investigation,
30d69881dd7845cceef07026676460f682c1084d75843a2b3ea22c3c15df52fb,2014-08,Essex Police,Essex Police,0.927377,51.866557,On or near Wick Road,E01021667,Colchester 016F,Violence and sexual offences,Unable to prosecute suspect,
d82b357d447850437751decb3fa1c299bf1bce6f18be11f61db1892c388d9eda,2014-08,Essex Police,Essex Police,0.928877,51.872204,On or near Grange Way,E01021667,Colchester 016F,Violence and sexual offences,Awaiting court outcome,
825e483b74aedae858e6424890102748330262b7ca6ec7e3966f04d580550153,2014-08,Essex Police,Essex Police,0.924702,51.868314,On or near Savill Road,E01021667,Colchester 016F,Violence and sexual offences,Awaiting court outcome,
c07ef18469582455a4ebdce75c6f60a44b36c07af9eeb4ac289529118e210e9c,2014-08,Essex Police,Essex Police,0.924702,51.868314,On or near Savill Road,E01021667,Colchester 016F,Violence and sexual offences,Unable to prosecute suspect,
e00769540b5e05b10675d3c099e29c0939a0fec6291d53ef0aef22d0376e8ee3,2014-08,Essex Police,Essex Police,0.927887,51.867920,On or near Petrol Station,E01021667,Colchester 016F,Violence and sexual offences,Unable to prosecute suspect,
,2014-08,Essex Police,Essex Police,0.952035,51.868405,On or near Dixon Way,E01021736,Colchester 017A,Anti-social behaviour,,
,2014-08,Essex Police,Essex Police,0.953470,51.867020,On or near Buddleia Court,E01021736,Colchester 017A,Anti-social behaviour,,
6f9e813314a28998fe370f974bf4fd5e7db2a5c1281355593be5f45b8a95526f,2014-08,Essex Police,Essex Police,0.942969,51.875728,On or near Valley Road,E01021736,Colchester 017A,Other theft,Investigation complete; no suspect identified,
8d0f4dda3b08f3a093d874f15586687af1e7015a58d8b3306d6b03c636033126,2014-08,Essex Police,Essex Police,0.942969,51.875728,On or near Valley Road,E01021736,Colchester 017A,Other theft,Under investigation,
63d0b90ec6f2085c7cad70eddcbd03fc87a0189b0d8d66ece5b5df7a50608c13,2014-08,Essex Police,Essex Police,0.942969,51.875728,On or near Valley Road,E01021736,Colchester 017A,Other theft,Under investigation,
edbfa471b09640fa4ce145638d7d481676caf34b0e717eb92a1b11197919f1e2,2014-08,Essex Police,Essex Police,0.942969,51.875728,On or near Valley Road,E01021736,Colchester 017A,Violence and sexual offences,Under investigation,
74386866605cff6a73a0efa72904a93112e97e961da3cf39dfdca4abefb43217,2014-08,Essex Police,Essex Police,0.950745,51.874652,On or near Parking Area,E01021736,Colchester 017A,Violence and sexual offences,Unable to prosecute suspect,
,2014-08,Essex Police,Essex Police,0.966462,51.869517,On or near Mede Way,E01021737,Colchester 017B,Anti-social behaviour,,
,2014-08,Essex Police,Essex Police,0.967784,51.871048,On or near Caroline Close,E01021737,Colchester 017B,Anti-social behaviour,,
c60795215a40b3dc2ab2ceb044da77497b120b6f7139b487d78ad932d0eecd1f,2014-08,Essex Police,Essex Police,0.964005,51.866611,On or near Almond Close,E01021737,Colchester 017B,Violence and sexual offences,Under investigation,
,2014-08,Essex Police,Essex Police,0.954764,51.855952,On or near Admirals Walk,E01021738,Colchester 017C,Anti-social behaviour,,
,2014-08,Essex Police,Essex Police,0.961306,51.856498,On or near Queen'S Road,E01021738,Colchester 017C,Anti-social behaviour,,
,2014-08,Essex Police,Essex Police,0.960458,51.858624,On or near Rebow Road,E01021738,Colchester 017C,Anti-social behaviour,,
e32eff3a9396769d5862f4a0136fb552bfbc10dfe98dc0a1bb227459a0ddc207,2014-08,Essex Police,Essex Police,0.954551,51.855148,On or near Old Ferry Road,E01021738,Colchester 017C,Criminal damage and arson,Investigation complete; no suspect identified,
9c61e971a2eefb4ba100b8b9ce913f842930b84a901b825225272d2a6e2a2a3b,2014-08,Essex Police,Essex Police,0.954551,51.855148,On or near Old Ferry Road,E01021738,Colchester 017C,Criminal damage and arson,Investigation complete; no suspect identified,
c318a4ce3bed3f9bc29c768461716b999c885a53d6b715f35da3e9ac40d3a014,2014-08,Essex Police,Essex Police,0.956918,51.861780,On or near Parkwood Avenue,E01021738,Colchester 017C,Criminal damage and arson,Investigation complete; no suspect identified,
9d8454324bc074d4fd1dea21d9571dd1be0f1df68da395bc968b8e17bfc6279d,2014-08,Essex Police,Essex Police,0.960128,51.862445,On or near The Avenue,E01021739,Colchester 017D,Burglary,Investigation complete; no suspect identified,
00afaaa5762f1db1142bb79f791b50c2d9ff450aa58a6bfa6aaff916fa3235d4,2014-08,Essex Police,Essex Police,0.966537,51.858075,On or near Claremont Road,E01021739,Colchester 017D,Violence and sexual offences,Unable to prosecute suspect,
14f787216d9a2c0942bb2dc88d9a28dd02515f0922392cca0ce3fdf701cc57d6,2014-08,Essex Police,Essex Police,0.966537,51.858075,On or near Claremont Road,E01021739,Colchester 017D,Violence and sexual offences,Unable to prosecute suspect,
,2014-08,Essex Police,Essex Police,0.956880,51.864524,On or near Spring Chase,E01021740,Colchester 017E,Anti-social behaviour,,
,2014-08,Essex Police,Essex Police,0.963519,51.864527,On or near Rectory Road,E01021740,Colchester 017E,Anti-social behaviour,,
,2014-08,Essex Police,Essex Police,0.961772,51.866244,On or near Wivenhoe Cross,E01021740,Colchester 017E,Anti-social behaviour,,
,2014-08,Essex Police,Essex Police,0.963325,51.861357,On or near Stanley Road,E01021740,Colchester 017E,Anti-social behaviour,,
,2014-08,Essex Police,Essex Police,0.908856,51.871972,On or near Petrol Station,E01021637,Colchester 018A,Anti-social behaviour,,
,2014-08,Essex Police,Essex Police,0.908856,51.871972,On or near Petrol Station,E01021637,Colchester 018A,Anti-social behaviour,,
,2014-08,Essex Police,Essex Police,0.908856,51.871972,On or near Petrol Station,E01021637,Colchester 018A,Anti-social behaviour,,
,2014-08,Essex Police,Essex Police,0.908856,51.871972,On or near Petrol Station,E01021637,Colchester 018A,Anti-social behaviour,,
,2014-08,Essex Police,Essex Police,0.908856,51.871972,On or near Petrol Station,E01021637,Colchester 018A,Anti-social behaviour,,
7409d7497aaab338dd037ab6971f425ad4102a01cda061178c0e696c49860e6a,2014-08,Essex Police,Essex Police,0.909743,51.871312,On or near Mersea Road,E01021637,Colchester 018A,Criminal damage and arson,Under investigation,
,2014-08,Essex Police,Essex Police,0.894673,51.861314,On or near Fowler Road,E01021638,Colchester 018B,Anti-social behaviour,,
,2014-08,Essex Police,Essex Police,0.894673,51.861314,On or near Fowler Road,E01021638,Colchester 018B,Anti-social behaviour,,
,2014-08,Essex Police,Essex Police,0.894191,51.861272,On or near Spencer Road,E01021638,Colchester 018B,Anti-social behaviour,,
ec4300a6f2e14face2a547e7511a4d300c39b79b52fedd1ab931af441999fe25,2014-08,Essex Police,Essex Police,0.902256,51.864473,On or near Ridgewell Way,E01021638,Colchester 018B,Bicycle theft,Under investigation,
2603d66176156e9ca07b0d2e73c3f9ba2412edb9cf47322c79591d9b2f311ae8,2014-08,Essex Police,Essex Police,0.906415,51.865215,On or near Parnell Close,E01021638,Colchester 018B,Criminal damage and arson,Unable to prosecute suspect,
4253dc19a6db030eae1d2103d8b369fe7e062515bad9eb87dca7731a86a9898c,2014-08,Essex Police,Essex Police,0.894191,51.861272,On or near Spencer Road,E01021638,Colchester 018B,Other theft,Investigation complete; no suspect identified,
351fb0c04b8fdb1762f535658953f213562bf722de172fb528fed25f2efade08,2014-08,Essex Police,Essex Police,0.894191,51.861272,On or near Spencer Road,E01021638,Colchester 018B,Other theft,Investigation complete; no suspect identified,
7ea2804c15ca91156fd3d20753e02c263ef0814ae6414f81099fd6054df7301e,2014-08,Essex Police,Essex Police,0.903191,51.863433,On or near Monkwick Avenue,E01021638,Colchester 018B,Other theft,Investigation complete; no suspect identified,
9437cd94270d49e2b81180579df64a45c441f232774b02ad70011e345d6d15ff,2014-08,Essex Police,Essex Police,0.894191,51.861272,On or near Spencer Road,E01021638,Colchester 018B,Other theft,Investigation complete; no suspect identified,
23e01a30c3b545a6a8b8bf290102ae4e5a707a271c1893e0f58a43d53c1d1ec1,2014-08,Essex Police,Essex Police,0.906415,51.865215,On or near Parnell Close,E01021638,Colchester 018B,Public order,Under investigation,
73b1af4fb555fe48c33bb310a521c41f6104d9b4e6bd6453588d52a943b69969,2014-08,Essex Police,Essex Police,0.894191,51.861272,On or near Spencer Road,E01021638,Colchester 018B,Vehicle crime,Under investigation,
3c04d4100eb2a4940ec6585210c1646ee9c709b6d164f25819a740a1bd366838,2014-08,Essex Police,Essex Police,0.894673,51.861314,On or near Fowler Road,E01021638,Colchester 018B,Vehicle crime,Investigation complete; no suspect identified,
,2014-08,Essex Police,Essex Police,0.901567,51.857385,On or near Friday Wood Green,E01021639,Colchester 018C,Anti-social behaviour,,
d14c8dcf8021b68b4d73c1340383d33334cb49156b37510c04a4489f7a368af2,2014-08,Essex Police,Essex Police,0.904848,51.859390,On or near Felstead Close,E01021639,Colchester 018C,Other theft,Under investigation,
dde25c00d3c75cdb648f5dd38c2b7a391fa60af87a356c3b6f2227a528c6a9fb,2014-08,Essex Police,Essex Police,0.896218,51.860718,On or near Geoffrey Close,E01021639,Colchester 018C,Other theft,Investigation complete; no suspect identified,
a4333d54f154183719ecf41420dc45ae6e02928b79ec3724570dec0acb3f0bb9,2014-08,Essex Police,Essex Police,0.896218,51.860718,On or near Geoffrey Close,E01021639,Colchester 018C,Other theft,Under investigation,
edad59d6f1457c73c13ccd801a50046f1be0730142c482196bd06e209e9f3207,2014-08,Essex Police,Essex Police,0.902217,51.858682,On or near Lethe Grove,E01021639,Colchester 018C,Violence and sexual offences,Under investigation,
0086018f03db20c22e3d46faf24ce7ed7086ad9f667808c889eb2c339ac6f115,2014-08,Essex Police,Essex Police,0.897077,51.860742,On or near Travers Road,E01021639,Colchester 018C,Violence and sexual offences,Unable to prosecute suspect,
02b27c3dd099f7fb87d09fd10e643c45c0c0b540d6d511f61476915781fdd808,2014-08,Essex Police,Essex Police,0.902217,51.858682,On or near Lethe Grove,E01021639,Colchester 018C,Violence and sexual offences,Unable to prosecute suspect,
8e536ce00a17f8bd29b092bab79d608e2ded76422a9b034d780cd18f42400c50,2014-08,Essex Police,Essex Police,0.902217,51.858682,On or near Lethe Grove,E01021639,Colchester 018C,Violence and sexual offences,Unable to prosecute suspect,
d3d64e8a10768c728091cd084d0b9a351ec77251cf656208d2e0e7ec6e09e320,2014-08,Essex Police,Essex Police,0.901837,51.860895,On or near Agnes Silverside Close,E01021639,Colchester 018C,Violence and sexual offences,Under investigation,
dbccd7b751fce81deeafb49285dd6e76fa7a0cc278fdae7bd12bea64f66d6dba,2014-08,Essex Police,Essex Police,0.900525,51.860603,On or near William Harris Way,E01021639,Colchester 018C,Violence and sexual offences,Under investigation,
,2014-08,Essex Police,Essex Police,0.911100,51.862410,On or near Darwin Close,E01021640,Colchester 018D,Anti-social behaviour,,
,2014-08,Essex Police,Essex Police,0.910993,51.864805,On or near Mackay Court,E01021640,Colchester 018D,Anti-social behaviour,,
,2014-08,Essex Police,Essex Police,0.911100,51.862410,On or near Darwin Close,E01021640,Colchester 018D,Anti-social behaviour,,
,2014-08,Essex Police,Essex Police,0.911100,51.862410,On or near Darwin Close,E01021640,Colchester 018D,Anti-social behaviour,,
,2014-08,Essex Police,Essex Police,0.911229,51.863280,On or near Melbourne Chase,E01021640,Colchester 018D,Anti-social behaviour,,
,2014-08,Essex Police,Essex Police,0.911100,51.862410,On or near Darwin Close,E01021640,Colchester 018D,Anti-social behaviour,,
,2014-08,Essex Police,Essex Police,0.910038,51.866439,On or near Tamworth Chase,E01021640,Colchester 018D,Anti-social behaviour,,
132983552957e0c4d281aad25d3e8be12944d37c8e6dc48730781da3e71bd775,2014-08,Essex Police,Essex Police,0.911764,51.861225,On or near Sydney Street,E01021640,Colchester 018D,Violence and sexual offences,Under investigation,
2f733a8b55620917324fd043d6c10f430efe251512d4fad01157402a99395d8c,2014-08,Essex Police,Essex Police,0.911100,51.862410,On or near Darwin Close,E01021640,Colchester 018D,Violence and sexual offences,Under investigation,
92a64a51671d466db59e74a66ba787853396d499c79107d7eabe662fce982840,2014-08,Essex Police,Essex Police,0.911100,51.862410,On or near Darwin Close,E01021640,Colchester 018D,Violence and sexual offences,Under investigation,
,2014-08,Essex Police,Essex Police,0.910632,51.859886,On or near Wyndam Close,E01021641,Colchester 018E,Anti-social behaviour,,
,2014-08,Essex Police,Essex Police,0.907420,51.859408,On or near Gosfield Road,E01021641,Colchester 018E,Anti-social behaviour,,
,2014-08,Essex Police,Essex Police,0.910632,51.859886,On or near Wyndam Close,E01021641,Colchester 018E,Anti-social behaviour,,
,2014-08,Essex Police,Essex Police,0.904270,51.863712,On or near Moy Road,E01021641,Colchester 018E,Anti-social behaviour,,
,2014-08,Essex Police,Essex Police,0.904501,51.861440,On or near Bardfield Road,E01021641,Colchester 018E,Anti-social behaviour,,
,2014-08,Essex Police,Essex Police,0.906130,51.862156,On or near Terling Close,E01021641,Colchester 018E,Anti-social behaviour,,
fed79e839ee800b0d8bc800f6a42713425e234db806a659fabdadae747836193,2014-08,Essex Police,Essex Police,0.910632,51.859886,On or near Wyndam Close,E01021641,Colchester 018E,Burglary,Under investigation,
82a66d9952efd32e94b0870de3864b4cf7cacfbb5f5198ea7f957a5ffd2905b4,2014-08,Essex Police,Essex Police,0.906130,51.862156,On or near Terling Close,E01021641,Colchester 018E,Other theft,Investigation complete; no suspect identified,
551a8883d8288e856734ffb2de7d1ab04931bcef7946e52e103f05b54250e351,2014-08,Essex Police,Essex Police,0.904501,51.861440,On or near Bardfield Road,E01021641,Colchester 018E,Violence and sexual offences,Unable to prosecute suspect,
e28e4a264f7ee7b4b7f1ac97d66e0c4b2901743080826aeccb3ead05bf96fe66,2014-08,Essex Police,Essex Police,0.905667,51.859919,On or near Wethersfield Road,E01021641,Colchester 018E,Violence and sexual offences,Awaiting court outcome,
a0421a9284001df2582900fdf8fd9adcd89c73336b0c47213064c4bf561db3db,2014-08,Essex Police,Essex Police,0.906436,51.859909,On or near Pebmarsh Close,E01021641,Colchester 018E,Violence and sexual offences,Unable to prosecute suspect,
,2014-08,Essex Police,Essex Police,0.902992,51.876794,On or near King George Road,E01021642,Colchester 018F,Anti-social behaviour,,
,2014-08,Essex Police,Essex Police,0.901299,51.875109,On or near Daniel Cole Road,E01021642,Colchester 018F,Anti-social behaviour,,
,2014-08,Essex Police,Essex Police,0.903818,51.879013,On or near Meyrick Crescent,E01021642,Colchester 018F,Anti-social behaviour,,
,2014-08,Essex Police,Essex Police,0.903454,51.879903,On or near Nancy Smith Close,E01021642,Colchester 018F,Anti-social behaviour,,
8b4a97a564471f0309f29a675b0f3c0c60e6319ce79410e31401aa9a4e696895,2014-08,Essex Police,Essex Police,0.907073,51.877224,On or near Dudley Close,E01021642,Colchester 018F,Other theft,Under investigation,
60c091b56b4750324eadea68838bd2181df23a83c5a9933f06fe1cf7353d6cf8,2014-08,Essex Police,Essex Police,0.898664,51.870290,On or near Valentinus Crescent,E01021642,Colchester 018F,Violence and sexual offences,Under investigation,
3586db97d045115986cd003a695cb4fbf2a74bace49cb8d60e1978c2766e4a38,2014-08,Essex Police,Essex Police,0.897759,51.872246,On or near Berechurch Road,E01021642,Colchester 018F,Violence and sexual offences,Under investigation,
4fe9b2fceb835443a70764d90c48241e71b3df56fc61ff877fad8eb5768e0e01,2014-08,Essex Police,Essex Police,0.898794,51.877041,On or near Ypres Road,E01021642,Colchester 018F,Violence and sexual offences,Unable to prosecute suspect,
2567140295cfd5afc16cf1f032971e4534d53db162aaf46491a803c39f49496d,2014-08,Essex Police,Essex Police,0.899393,51.871909,On or near Memnon Court,E01021642,Colchester 018F,Violence and sexual offences,Unable to prosecute suspect,
e7d4b30b4ed26d570775583ef2c54ea0bc328a9fb73006a1820cfff84fcbe13d,2014-08,Essex Police,Essex Police,0.898664,51.870290,On or near Valentinus Crescent,E01021642,Colchester 018F,Violence and sexual offences,Awaiting court outcome,
,2014-08,Essex Police,Essex Police,0.756608,51.814251,On or near Southgate Crescent,E01021643,Colchester 019A,Anti-social behaviour,,
,2014-08,Essex Police,Essex Police,0.760893,51.814088,On or near Bassingham Crescent,E01021643,Colchester 019A,Anti-social behaviour,,
,2014-08,Essex Police,Essex Police,0.819265,51.834034,On or near Straight Way,E01021643,Colchester 019A,Anti-social behaviour,,
bd3f868d6b30f2f1546495bca0f1abfcbd73d1527fe727dcb4f791bd1f38475d,2014-08,Essex Police,Essex Police,0.756740,51.815471,On or near Grove Road,E01021643,Colchester 019A,Burglary,Investigation complete; no suspect identified,
938bea75160bd702c447093d545d2b8a5b4379add0f4a9167163b3c5357419d6,2014-08,Essex Police,Essex Police,0.819345,51.834149,On or near Birch Street,E01021643,Colchester 019A,Burglary,Investigation complete; no suspect identified,
dbcdc75ad7327abf767669b14c2c5726c02f5b979496e06aa58e6c046b2c616a,2014-08,Essex Police,Essex Police,0.777216,51.819261,On or near Newbridge Road,E01021643,Colchester 019A,Burglary,Investigation complete; no suspect identified,
66de9f89366f96002c1f5f0dee040e4c714b0952c19ef07ff4bba14a01b76280,2014-08,Essex Police,Essex Police,0.760421,51.813487,On or near Kiltie Road,E01021643,Colchester 019A,Criminal damage and arson,Investigation complete; no suspect identified,
99f99dd63b5bcf59be93136fb33449b17e14bcc69d51c117ae1438a15c2edc01,2014-08,Essex Police,Essex Police,0.719543,51.835835,On or near Pedestrian Subway,E01021643,Colchester 019A,Other theft,Under investigation,
458ddb13a2f0bcd364ce9bb03a44e30f34f05bbd93e8a61f636ed4acad6ecd67,2014-08,Essex Police,Essex Police,0.750288,51.833897,On or near School Road,E01021643,Colchester 019A,Vehicle crime,Investigation complete; no suspect identified,
f57a877a727cec01a7783a06bf65268751df7b35120f0c5a90f69ea2a63350f6,2014-08,Essex Police,Essex Police,0.787557,51.829044,On or near Park/Open Space,E01021643,Colchester 019A,Violence and sexual offences,Under investigation,
4b15fd85b4e5b89ed0572c20d25a8bb286f54f86d2a14641775bb3143d9879fa,2014-08,Essex Police,Essex Police,0.807902,51.844127,On or near Park/Open Space,E01021644,Colchester 019B,Burglary,Under investigation,
eba2dc5561f075841eedccd9eb192740db386da3f2541a1ee7500e2776fbe3de,2014-08,Essex Police,Essex Police,0.827433,51.798044,On or near Maldon Road,E01021644,Colchester 019B,Violence and sexual offences,Under investigation,
db756f2074783c55c5558742f14463af4a54bced76178293af3624dff4240d9b,2014-08,Essex Police,Essex Police,0.818740,51.836781,On or near Luard Way,E01021644,Colchester 019B,Violence and sexual offences,Unable to prosecute suspect,
ce2794b2ba7bb8a778c483348a287c1f6858a47ef0a2714b0e6a7aa8685881e3,2014-08,Essex Police,Essex Police,0.824186,51.787168,On or near Rose Lane,E01021644,Colchester 019B,Violence and sexual offences,Under investigation,
3f3de941989428ae22d3417e99538427dfad8de5daa11958e45021c22f620b27,2014-08,Essex Police,Essex Police,0.857756,51.844923,On or near Winstree Close,E01021645,Colchester 019C,Bicycle theft,Investigation complete; no suspect identified,
f791dee8868e279cc008ffda30362d1cff9ddec68c802e799de3a564be778eb2,2014-08,Essex Police,Essex Police,0.864995,51.847328,On or near The Folly,E01021645,Colchester 019C,Burglary,Under investigation,
31b90f1613d157317bce00fffaa108900b5abc06cc18539f907a9105d560f3b2,2014-08,Essex Police,Essex Police,0.872928,51.847170,On or near Mill Lane,E01021645,Colchester 019C,Other theft,Under investigation,
8a7057006456e5515f383b92bb50740b1008977e711fcd5f43f1d15f83e57458,2014-08,Essex Police,Essex Police,0.872928,51.847170,On or near Mill Lane,E01021645,Colchester 019C,Violence and sexual offences,Awaiting court outcome,
,2014-08,Essex Police,Essex Police,0.971333,51.789124,On or near Church Lane,E01021694,Colchester 019D,Anti-social behaviour,,
,2014-08,Essex Police,Essex Police,0.980585,51.796148,On or near Shop Lane,E01021694,Colchester 019D,Anti-social behaviour,,
,2014-08,Essex Police,Essex Police,0.913151,51.803325,On or near The Strood,E01021694,Colchester 019D,Anti-social behaviour,,
,2014-08,Essex Police,Essex Police,0.988669,51.793370,On or near Broman'S Lane,E01021694,Colchester 019D,Anti-social behaviour,,
07221fbb30f5f0cd66b6b03a528eae6a5a2aaaffd8a508a86b86b7a5434da44a,2014-08,Essex Police,Essex Police,0.971333,51.789124,On or near Church Lane,E01021694,Colchester 019D,Burglary,Under investigation,
ed4157474f66b7666b052abc130043fa44df94341c7c83c88dd8f43cda1018d0,2014-08,Essex Police,Essex Police,0.913151,51.803325,On or near The Strood,E01021694,Colchester 019D,Other theft,Investigation complete; no suspect identified,
e06b3a5f520fddd5c50607570c14ca2c4aa2a62b28f6746bf7b04612a9df5084,2014-08,Essex Police,Essex Police,0.971333,51.789124,On or near Church Lane,E01021694,Colchester 019D,Other theft,Under investigation,
4219beceb1a068c3fef4312af4f908ce0c7c99d1c8f5ecfffd5ad67210d41af5,2014-08,Essex Police,Essex Police,0.959760,51.845771,On or near Brook Hall Road,E01021694,Colchester 019D,Violence and sexual offences,Under investigation,
e5cd242881b3b00a0670e7ee52efaf8f906a189d53bd1acb237df018a85fe136,2014-08,Essex Police,Essex Police,0.971333,51.789124,On or near Church Lane,E01021694,Colchester 019D,Violence and sexual offences,Under investigation,
85594577e454cc19ed93efad94dc20dfaeb759096ca5308e87bb6e7efb131c8d,2014-08,Essex Police,Essex Police,0.971333,51.789124,On or near Church Lane,E01021694,Colchester 019D,Violence and sexual offences,Unable to prosecute suspect,
,2014-08,Essex Police,Essex Police,0.939093,51.841937,On or near Chapel Road,E01021695,Colchester 019E,Anti-social behaviour,,
78897bc939389b873e1dc9c066d2e0d13af2d79b3f0c1549f5a6ef133156aa96,2014-08,Essex Police,Essex Police,0.910552,51.834571,On or near Layer Road,E01021695,Colchester 019E,Burglary,Under investigation,
6a6b9e052d38aa9306b9fef6cdda35686792822b3b679dc2a002e4eef8f5d4f2,2014-08,Essex Police,Essex Police,0.932550,51.836884,On or near Dudley Road,E01021695,Colchester 019E,Burglary,Investigation complete; no suspect identified,
207a7d1d145af655f140c112046d7ce5988d0aa83d7ed49f6801b4326c925455,2014-08,Essex Police,Essex Police,0.932550,51.836884,On or near Dudley Road,E01021695,Colchester 019E,Other theft,Investigation complete; no suspect identified,
,2014-08,Essex Police,Essex Police,0.766431,51.811637,On or near Park Drive,E01021723,Colchester 020A,Anti-social behaviour,,
34fb786027f967f323ceb76bdd7597e42550ccffca9735840c64d91da6cd10ef,2014-08,Essex Police,Essex Police,0.751639,51.808918,On or near Parking Area,E01021723,Colchester 020A,Other theft,Investigation complete; no suspect identified,
2d88fdc5c84d8070fed19453f925071d2c525c95e1efcf42e046cc23042b17cb,2014-08,Essex Police,Essex Police,0.749264,51.810169,On or near Caxton Close,E01021723,Colchester 020A,Other theft,Investigation complete; no suspect identified,
6f3f47f9c8dfc40c187e328f4cd5ee5c3150798a57feefa007dcf46f1e5ebd27,2014-08,Essex Police,Essex Police,0.751812,51.809363,On or near Church Road,E01021723,Colchester 020A,Shoplifting,Under investigation,
322bad6dd478cba65b15264ab7ab662bf8d890c417e20ccc8cb70eb761c17669,2014-08,Essex Police,Essex Police,0.748894,51.808856,On or near Gladstone Road,E01021724,Colchester 020B,Burglary,Under investigation,
0dbc48803fc7994360b575f394fe24dc1222d175e4aff0dfa4fba06ab713a1f9,2014-08,Essex Police,Essex Police,0.745448,51.808972,On or near Lavender Close,E01021724,Colchester 020B,Burglary,Investigation complete; no suspect identified,
4b1d84b7770c398e36e15ce48f671e15e2dc8e09910d0c198e48add00e4829a0,2014-08,Essex Police,Essex Police,0.745448,51.808972,On or near Lavender Close,E01021724,Colchester 020B,Burglary,Investigation complete; no suspect identified,
49d791e3d604c59d5edc27928fa5ee9a1a04b247a9255a7a3636b30c44c2af2d,2014-08,Essex Police,Essex Police,0.749762,51.808827,On or near Hutchinson Close,E01021724,Colchester 020B,Burglary,Investigation complete; no suspect identified,
8792c18d437987b59a1ab5830fb22d4976d7d6f7a833deaf835b5696c8599b50,2014-08,Essex Police,Essex Police,0.749762,51.808827,On or near Hutchinson Close,E01021724,Colchester 020B,Violence and sexual offences,Under investigation,
dafb0510533917daa34fdf082f0d67fbe52a6c08b0b6818ba9b8c21254e5f5a6,2014-08,Essex Police,Essex Police,0.746909,51.810332,On or near Tarragon Close,E01021724,Colchester 020B,Violence and sexual offences,Unable to prosecute suspect,
,2014-08,Essex Police,Essex Police,0.739218,51.806959,On or near Peakes Close,E01021725,Colchester 020C,Anti-social behaviour,,
,2014-08,Essex Police,Essex Police,0.739218,51.806959,On or near Peakes Close,E01021725,Colchester 020C,Anti-social behaviour,,
0277577124280dd3f638794e3da8d3bee805f56646e6d67d3ef307ec3b61b262,2014-08,Essex Police,Essex Police,0.727505,51.815281,On or near Grange Road,E01021725,Colchester 020C,Criminal damage and arson,Under investigation,
0ff01d136f9448d1eb424ffcd7316ff12c92dbe20684a1000d8241677a57b41c,2014-08,Essex Police,Essex Police,0.747530,51.807197,On or near Firs Road,E01021725,Colchester 020C,Other theft,Awaiting court outcome,
804365817d8b529d087c2c5645d4fecbef314e66fdab9db1c73083bdd175285d,2014-08,Essex Police,Essex Police,0.739218,51.806959,On or near Peakes Close,E01021725,Colchester 020C,Other theft,Under investigation,
ba6e5a047165e6300ff50bab76976625bbb41e76da85742f8a67a85f064024f0,2014-08,Essex Police,Essex Police,0.719904,51.797012,On or near Braxted Park Road,E01021725,Colchester 020C,Other theft,Under investigation,
b74305ac66bb66be3b374b892753591295a0d8476a9a88f7fd0036bb3cc6816f,2014-08,Essex Police,Essex Police,0.747530,51.807197,On or near Firs Road,E01021725,Colchester 020C,Violence and sexual offences,Unable to prosecute suspect,
,2014-08,Essex Police,Essex Police,0.745463,51.821158,On or near Cedar Avenue,E01021726,Colchester 020D,Anti-social behaviour,,
,2014-08,Essex Police,Essex Police,0.750711,51.822978,On or near Colchester Road,E01021726,Colchester 020D,Anti-social behaviour,,
,2014-08,Essex Police,Essex Police,0.750711,51.822978,On or near Colchester Road,E01021726,Colchester 020D,Anti-social behaviour,,
,2014-08,Essex Police,Essex Police,0.745463,51.821158,On or near Cedar Avenue,E01021726,Colchester 020D,Anti-social behaviour,,
,2014-08,Essex Police,Essex Police,0.745463,51.821158,On or near Cedar Avenue,E01021726,Colchester 020D,Anti-social behaviour,,
883e70ef3bbb94e0f5d8a9e9f72c72c56322c34a6d58fd71c21733925811098b,2014-08,Essex Police,Essex Police,0.748413,51.818598,On or near Spinneyfields,E01021726,Colchester 020D,Burglary,Under investigation,
02ad1ee6e22afb5abe33e0ab78159c430ccae6e14d2b0f0fe7671f8fcb53e4a5,2014-08,Essex Police,Essex Police,0.745463,51.821158,On or near Cedar Avenue,E01021726,Colchester 020D,Criminal damage and arson,Investigation complete; no suspect identified,
217edbcd26ab9694bfbdd453bc9dec88e857a9bb9303f8025daf571591743878,2014-08,Essex Police,Essex Police,0.746506,51.819452,On or near Maypole Road,E01021726,Colchester 020D,Criminal damage and arson,Investigation complete; no suspect identified,
1b340c26dd09f2c96dd7a924ed3be1bbc475d61d089d5724b8cdf55992fc4def,2014-08,Essex Police,Essex Police,0.743035,51.821566,On or near Oak Road,E01021726,Colchester 020D,Other theft,Investigation complete; no suspect identified,
5f1a2a489fc50b73e37e50ba6d792036af14a026c7173046960152082ef30a8c,2014-08,Essex Police,Essex Police,0.743673,51.819887,On or near Elm Close,E01021726,Colchester 020D,Public order,Under investigation,
eaeea8dd61bc45d6585eb100d1d441e210d12f97cc443362b3460dd7dfad5384,2014-08,Essex Police,Essex Police,0.745463,51.821158,On or near Cedar Avenue,E01021726,Colchester 020D,Violence and sexual offences,Investigation complete; no suspect identified,
f5b5b94c52b3e56e4a9c308210f98981faf1c42464796e6dcb0e6807386360ea,2014-08,Essex Police,Essex Police,0.748413,51.818598,On or near Spinneyfields,E01021726,Colchester 020D,Violence and sexual offences,Under investigation,
,2014-08,Essex Police,Essex Police,0.748822,51.815306,On or near Green Lane,E01021727,Colchester 020E,Anti-social behaviour,,
,2014-08,Essex Police,Essex Police,0.743713,51.816963,On or near Stores Road,E01021727,Colchester 020E,Anti-social behaviour,,
400de0a96badd43ccc7ca394c3bd680ad2a16a8bfd97ce2401caa18c3f809771,2014-08,Essex Police,Essex Police,0.744470,51.814130,On or near Holly Way,E01021727,Colchester 020E,Bicycle theft,Under investigation,
f700467b17423a3560760603666562d7ab3545f1758f670824d2a51b971166ce,2014-08,Essex Police,Essex Police,0.748822,51.815306,On or near Green Lane,E01021727,Colchester 020E,Burglary,Under investigation,
d18179e0b4a5bff92c25a7d30c7a2c3b3e86b87930141421fb1c4562afeaa94b,2014-08,Essex Police,Essex Police,0.748370,51.814075,On or near Parking Area,E01021727,Colchester 020E,Burglary,Investigation complete; no suspect identified,
291310a0602b6f576d99bade8a4c1e4a66a47118145fc0977d5827a7dfdaf9b9,2014-08,Essex Police,Essex Police,0.748822,51.815306,On or near Green Lane,E01021727,Colchester 020E,Other theft,Under investigation,
056bbf00b251d58e03fb7eb59d1ad76d11a36c8998bf37e1a945f2d4988fa3eb,2014-08,Essex Police,Essex Police,0.748822,51.815306,On or near Green Lane,E01021727,Colchester 020E,Public order,Unable to prosecute suspect,
,2014-08,Essex Police,Essex Police,0.932905,51.775555,On or near Westwood Drive,E01021731,Colchester 021A,Anti-social behaviour,,
b39e9163a37a65d10eb3ddcfb1e9d857b05a3efa0962a27eb5edd55830feada4,2014-08,Essex Police,Essex Police,0.928193,51.773982,On or near Parking Area,E01021731,Colchester 021A,Burglary,Investigation complete; no suspect identified,
ef18fd568d614ab323fe724c6f6d8f366f5b0dbc68d68c599c7f8d4142d83c47,2014-08,Essex Police,Essex Police,0.919720,51.777925,On or near Petrol Station,E01021731,Colchester 021A,Possession of weapons,Under investigation,
ef8ce50dc73934794c51afe37817d83b5b6252ca87cac3f724d75a97ba2d3a02,2014-08,Essex Police,Essex Police,0.919720,51.777925,On or near Petrol Station,E01021731,Colchester 021A,Public order,Offender given community sentence,
,2014-08,Essex Police,Essex Police,0.921934,51.783006,On or near Carrington Court,E01021732,Colchester 021B,Anti-social behaviour,,
,2014-08,Essex Police,Essex Police,0.921934,51.783006,On or near Carrington Court,E01021732,Colchester 021B,Anti-social behaviour,,
,2014-08,Essex Police,Essex Police,0.921934,51.783006,On or near Carrington Court,E01021732,Colchester 021B,Anti-social behaviour,,
,2014-08,Essex Police,Essex Police,0.918308,51.780308,On or near Oyster Close,E01021732,Colchester 021B,Anti-social behaviour,,
,2014-08,Essex Police,Essex Police,0.921709,51.783569,On or near Constable Close,E01021732,Colchester 021B,Anti-social behaviour,,
,2014-08,Essex Police,Essex Police,0.915530,51.781528,On or near Chandlers Close,E01021732,Colchester 021B,Anti-social behaviour,,
,2014-08,Essex Police,Essex Police,0.920799,51.780705,On or near Fountain Court,E01021732,Colchester 021B,Anti-social behaviour,,
,2014-08,Essex Police,Essex Police,0.921934,51.783006,On or near Carrington Court,E01021732,Colchester 021B,Anti-social behaviour,,
f7a912807e62fa3b0fdd1cd29e3b601391400c83458f4cce6a317b3942692276,2014-08,Essex Police,Essex Police,0.916640,51.780745,On or near Upland Road,E01021732,Colchester 021B,Burglary,Investigation complete; no suspect identified,
73a119cba1c1e9df0111fa6734c6aa4a23a3acd39f7030b61b0a02349f0a2c6a,2014-08,Essex Police,Essex Police,0.916640,51.780745,On or near Upland Road,E01021732,Colchester 021B,Violence and sexual offences,Under investigation,
335597c1cacdb68bb5e1c07e21d7af854278bf19c9ac980769260b8d4075aea9,2014-08,Essex Police,Essex Police,0.921934,51.783006,On or near Carrington Court,E01021732,Colchester 021B,Violence and sexual offences,Under investigation,
f1d334b4784fcbb0538732a08ecb1f0bd37953cb2ea0696ebebde04be4d932f8,2014-08,Essex Police,Essex Police,0.921934,51.783006,On or near Carrington Court,E01021732,Colchester 021B,Violence and sexual offences,Under investigation,
,2014-08,Essex Police,Essex Police,0.927154,51.780771,On or near Beverley Avenue,E01021733,Colchester 021C,Anti-social behaviour,,
,2014-08,Essex Police,Essex Police,0.927154,51.780771,On or near Beverley Avenue,E01021733,Colchester 021C,Anti-social behaviour,,
,2014-08,Essex Police,Essex Police,0.898885,51.779269,On or near Parking Area,E01021733,Colchester 021C,Anti-social behaviour,,
,2014-08,Essex Police,Essex Police,0.927154,51.780771,On or near Beverley Avenue,E01021733,Colchester 021C,Anti-social behaviour,,
,2014-08,Essex Police,Essex Police,0.942495,51.781881,On or near Waldegraves Lane,E01021733,Colchester 021C,Anti-social behaviour,,
,2014-08,Essex Police,Essex Police,0.939014,51.791241,On or near Haycocks Lane,E01021733,Colchester 021C,Anti-social behaviour,,
,2014-08,Essex Police,Essex Police,0.934356,51.774890,On or near Seaview Holiday Park,E01021733,Colchester 021C,Anti-social behaviour,,
5b30d45f03e99c1458a788c2c1ad685ad9cd1a72cd4ffe128343cf8bc8b83dd0,2014-08,Essex Police,Essex Police,0.930416,51.780321,On or near Farthings Chase,E01021733,Colchester 021C,Bicycle theft,Investigation complete; no suspect identified,
23f3a48c1e41dec075352e9796c339022ad0ecd3eeb59f44e09b63921d71eab2,2014-08,Essex Police,Essex Police,0.898885,51.779269,On or near Parking Area,E01021733,Colchester 021C,Bicycle theft,Investigation complete; no suspect identified,
eaebe430b3fa4c267f3e8221be81501ecc7f653274e2d3c79e3aea4538bd5197,2014-08,Essex Police,Essex Police,0.898885,51.779269,On or near Parking Area,E01021733,Colchester 021C,Other theft,Investigation complete; no suspect identified,
83ccdaaafbeb41d839f25a979ff8a1c51390e29e146bfa8f30f54eaf114a98f9,2014-08,Essex Police,Essex Police,0.924178,51.782069,On or near Norfolk Avenue,E01021733,Colchester 021C,Vehicle crime,Investigation complete; no suspect identified,
e6a3a6d70d838d07422d3a0516fbc2d3e712c39677505f949296a8db35788282,2014-08,Essex Police,Essex Police,0.898885,51.779269,On or near Parking Area,E01021733,Colchester 021C,Violence and sexual offences,Under investigation,
095c02db6b873b6e06e8f1c2119fd74ea06d574937f63e607efd243f0f89cec4,2014-08,Essex Police,Essex Police,0.931739,51.783283,On or near Stable Close,E01021733,Colchester 021C,Violence and sexual offences,Under investigation,
,2014-08,Essex Police,Essex Police,0.913499,51.780823,On or near High Street North,E01021734,Colchester 021D,Anti-social behaviour,,
,2014-08,Essex Police,Essex Police,0.908436,51.780562,On or near Firs Road,E01021734,Colchester 021D,Anti-social behaviour,,
,2014-08,Essex Police,Essex Police,0.908436,51.780562,On or near Firs Road,E01021734,Colchester 021D,Anti-social behaviour,,
fdc747b5dc79655994c8603847de3dd35790de1c8be5d6334fec7fe5f010e471,2014-08,Essex Police,Essex Police,0.914653,51.780066,On or near Reymead Close,E01021734,Colchester 021D,Vehicle crime,Investigation complete; no suspect identified,
eb44ed56365071521a7a1aa94a85f0293ea834351f0979f17ee40ea5da9ec783,2014-08,Essex Police,Essex Police,0.900136,51.780920,On or near Carriers Close,E01021734,Colchester 021D,Violence and sexual offences,Under investigation,
ffa2784b1326e19715e0232f6be2ba8a5f70a068fa4029f0d9c50c5c7ec7627a,2014-08,Essex Police,Essex Police,0.906839,51.780538,On or near Strood Close,E01021734,Colchester 021D,Violence and sexual offences,Under investigation,
,2014-08,Essex Police,Essex Police,0.904709,51.775366,On or near Coast Road,E01021735,Colchester 021E,Anti-social behaviour,,
,2014-08,Essex Police,Essex Police,0.908745,51.778153,On or near New Captains Road,E01021735,Colchester 021E,Anti-social behaviour,,
1e39873edcf5b5ecd52583228f88debf8555c9dfab7f2a0c43de1435d8de9d06,2014-08,Essex Police,Essex Police,0.905299,51.778454,On or near Rosebank Road,E01021735,Colchester 021E,Burglary,Under investigation,
4640b6a445b23ca60facf2f76fed47d7c0e5ce3d170dbbd3aab512f46b65990f,2014-08,Essex Police,Essex Police,0.903831,51.776817,On or near Victory Place,E01021735,Colchester 021E,Vehicle crime,Investigation complete; no suspect identified,
327f47e4cbeb65b3ee6ee47d808ac6f7927b5c7c0abbe0fb2aae512fe8012766,2014-08,Essex Police,Essex Police,0.911032,51.776747,On or near Queens Mews,E01021735,Colchester 021E,Violence and sexual offences,Under investigation,
,2014-08,Essex Police,Essex Police,0.942578,51.901100,On or near The Glade,E01021708,Colchester 022A,Anti-social behaviour,,
feb0c8188b73a4874d67113559ea417655116ecfc59c3b4d5fe50492d47714bd,2014-08,Essex Police,Essex Police,0.934290,51.905111,On or near St John'S Road,E01021708,Colchester 022A,Bicycle theft,Investigation complete; no suspect identified,
ccf83f2b6635f0974821a8c948a34846661081459baf6e220a99462f21c7534b,2014-08,Essex Police,Essex Police,0.940134,51.902645,On or near Parson'S Heath,E01021708,Colchester 022A,Burglary,Investigation complete; no suspect identified,
aa686c37242b6c415a6759e62d6c251662fc26fe03700fa80ddd794606b375a0,2014-08,Essex Police,Essex Police,0.942757,51.902283,On or near Welshwood Park Road,E01021708,Colchester 022A,Burglary,Investigation complete; no suspect identified,
4dd0d0556a47614a470d20fd849e2a8acc33265985b8f032a52723d826370de9,2014-08,Essex Police,Essex Police,0.933343,51.904622,On or near Anthony Close,E01021708,Colchester 022A,Burglary,Under investigation,
ab0b44cbabb1f0dc5e4af4ebe65edb35ec1987546015fa8d98d07d9f3ae2f7ed,2014-08,Essex Police,Essex Police,0.940134,51.902645,On or near Parson'S Heath,E01021708,Colchester 022A,Other theft,Under investigation,
edbeb59a26a1839fc5818eaf495f69108e3978e6e73da1891d7fa7822d1fba74,2014-08,Essex Police,Essex Police,0.939672,51.900013,On or near Blackwater Avenue,E01021708,Colchester 022A,Violence and sexual offences,Offender given community sentence,
073a39f836259fa842b5d781a8ec13b83e764ff769b0c3dbf7f7d3e20c7d625e,2014-08,Essex Police,Essex Police,0.939672,51.900013,On or near Blackwater Avenue,E01021708,Colchester 022A,Violence and sexual offences,Offender given community sentence,
,2014-08,Essex Police,Essex Police,0.928429,51.901507,On or near St Dominic Road,E01021709,Colchester 022B,Anti-social behaviour,,
,2014-08,Essex Police,Essex Police,0.927262,51.907490,On or near Glendale Grove,E01021710,Colchester 022C,Anti-social behaviour,,
,2014-08,Essex Police,Essex Police,0.927042,51.908800,On or near Arden Close,E01021710,Colchester 022C,Anti-social behaviour,,
5a389fccb669736fde06eed433a94977fd66adb2f3010bf96d037151bc009c64,2014-08,Essex Police,Essex Police,0.924228,51.903527,On or near Silcock Close,E01021710,Colchester 022C,Burglary,Under investigation,
,2014-08,Essex Police,Essex Police,0.923825,51.895308,On or near Fairhead Road North,E01021703,Colchester 022E,Anti-social behaviour,,
2fb8e023b83d85896ae89aebced1f4de3411425bc2a2b31e0cb6cd64efde8655,2014-08,Essex Police,Essex Police,0.923889,51.895846,On or near Gascoigne Road,E01021703,Colchester 022E,Criminal damage and arson,Offender fined,
d255ab1091512a11218d25873a05c2b3d61f09d3f88d67a4c854da0e025e8988,2014-08,Essex Police,Essex Police,0.926523,51.897013,On or near Ayloffe Road,E01021703,Colchester 022E,Violence and sexual offences,Investigation complete; no suspect identified,
ec4a36d1557ae5adeb17dd742f33d7b151ebfe8d6bcd78b92c54360653b95d00,2014-08,Essex Police,Essex Police,0.924353,51.898740,On or near Wilson Marriage Road,E01021703,Colchester 022E,Violence and sexual offences,Under investigation,
9cbb228fe2ef0bcfd7a97840331a48b84667e799f246b69277b6b3d6f857fe20,2014-08,Essex Police,Essex Police,0.926523,51.897013,On or near Ayloffe Road,E01021703,Colchester 022E,Other crime,Under investigation,
,2014-08,Essex Police,Essex Police,0.928585,51.895190,On or near Harwich Road,E01021704,Colchester 022F,Anti-social behaviour,,
,2014-08,Essex Police,Essex Police,0.926682,51.894320,On or near Supermarket,E01021704,Colchester 022F,Anti-social behaviour,,
,2014-08,Essex Police,Essex Police,0.926682,51.894320,On or near Supermarket,E01021704,Colchester 022F,Anti-social behaviour,,
,2014-08,Essex Police,Essex Police,0.918776,51.893455,On or near Supermarket,E01021704,Colchester 022F,Anti-social behaviour,,
,2014-08,Essex Police,Essex Police,0.923562,51.894173,On or near Dilbridge Road East,E01021704,Colchester 022F,Anti-social behaviour,,
,2014-08,Essex Police,Essex Police,0.918776,51.893455,On or near Supermarket,E01021704,Colchester 022F,Anti-social behaviour,,
,2014-08,Essex Police,Essex Police,0.924681,51.894621,On or near Crown Bays Road,E01021704,Colchester 022F,Anti-social behaviour,,
3220a0cf5ef6f3687740152adb3d7556a19d1712c4434415029b50647c09fab4,2014-08,Essex Police,Essex Police,0.918776,51.893455,On or near Supermarket,E01021704,Colchester 022F,Burglary,Investigation complete; no suspect identified,
0ac4c17514b008b62f63f0e246f76cd42fb1d4dbd59ab63ff55687e01fcd7a20,2014-08,Essex Police,Essex Police,0.926682,51.894320,On or near Supermarket,E01021704,Colchester 022F,Burglary,Under investigation,
8e594fed2fd7bf7f408d0b27056cd957b2f83c703ac6e3edd7099a0840bfd7b9,2014-08,Essex Police,Essex Police,0.928585,51.895190,On or near Harwich Road,E01021704,Colchester 022F,Public order,Investigation complete; no suspect identified,
8177f6753f6ba54db00cf7b6aa32b4cc11166610ee10f0499fbc4f10a1345c94,2014-08,Essex Police,Essex Police,0.918776,51.893455,On or near Supermarket,E01021704,Colchester 022F,Shoplifting,Under investigation,
23c7d704d910f81aa5bdc788da85309f6a28af616ee1ec2ce45c801a0d433fbe,2014-08,Essex Police,Essex Police,0.926682,51.894320,On or near Supermarket,E01021704,Colchester 022F,Shoplifting,Under investigation,
320cd8f8d9f82f9fd02b7d5b8daabd9f00638ff628186fa4fed2ea1758818ac7,2014-08,Essex Police,Essex Police,0.926682,51.894320,On or near Supermarket,E01021704,Colchester 022F,Shoplifting,Investigation complete; no suspect identified,
f8f46890c284fdadefdb623dc31ad27822185cd0aef50a345d542de1a569dac5,2014-08,Essex Police,Essex Police,0.926682,51.894320,On or near Supermarket,E01021704,Colchester 022F,Shoplifting,Investigation complete; no suspect identified,
479c3e389bde329412429dfee2b43d936db6e96ddc56e3c96cacf01e59d10ced,2014-08,Essex Police,Essex Police,0.926682,51.894320,On or near Supermarket,E01021704,Colchester 022F,Shoplifting,Investigation complete; no suspect identified,
6103f3b3f8a6c720bfe414b672888044aa8a09ebc593a3903bc75bec993084d4,2014-08,Essex Police,Essex Police,0.927141,51.892213,On or near Booth Avenue,E01021704,Colchester 022F,Vehicle crime,Investigation complete; no suspect identified,
75c6bada41c7bc26e15e297ed56879cdee013926934af941161e0727387463e9,2014-08,Essex Police,Essex Police,0.922576,51.892875,On or near St Edmund'S Court,E01021704,Colchester 022F,Vehicle crime,Investigation complete; no suspect identified,
f1d8a4f20afe622596250b849697aa4de5ea03c92e1326609686b092e2c76f25,2014-08,Essex Police,Essex Police,0.918776,51.893455,On or near Supermarket,E01021704,Colchester 022F,Violence and sexual offences,Unable to prosecute suspect,
f4e10b45c2e4c0c712f414fcb7f53d7f7d3e2062f22ed86dc1b47a247a4ee56b,2014-08,Essex Police,Essex Police,0.920117,51.893727,On or near Frank Clater Close,E01021704,Colchester 022F,Violence and sexual offences,Under investigation,
,2014-08,Essex Police,Essex Police,0.950042,51.892765,On or near Fulmar Close,E01021705,Colchester 022G,Anti-social behaviour,,
,2014-08,Essex Police,Essex Police,0.951323,51.891456,On or near Sandpiper Close,E01021705,Colchester 022G,Anti-social behaviour,,
60cd8a051e7cf392247242097adc5131a5a558f5a5e0c4e9b349cfc4159fad60,2014-08,Essex Police,Essex Police,0.947552,51.894023,On or near Longridge,E01021705,Colchester 022G,Burglary,Investigation complete; no suspect identified,
613f25da80881b3d719088edd321fe92bb0ae08df92d372070e0dae5bfc5122e,2014-08,Essex Police,Essex Police,0.948470,51.890951,On or near Goldfinch Close,E01021705,Colchester 022G,Burglary,Awaiting court outcome,
b88d370b11a1cd6f043296eb62f21d1c8e4499d7c16ccf4b9e76ae51ba4803d3,2014-08,Essex Police,Essex Police,0.944599,51.892227,On or near Heatley Way,E01021705,Colchester 022G,Burglary,Under investigation,
65f7f9a231a416e375ff7b7a2ca81b285d0cab261d43451d616275c15eb6a16c,2014-08,Essex Police,Essex Police,0.942002,51.896303,On or near Salary Close,E01021705,Colchester 022G,Criminal damage and arson,Investigation complete; no suspect identified,
d94291f1b7224b2a57adfcff1a55d9a030a0c685b3452825275b7decb12f3cb1,2014-08,Essex Police,Essex Police,0.948470,51.890951,On or near Goldfinch Close,E01021705,Colchester 022G,Criminal damage and arson,Under investigation,
17c3bc3902cfb35e3f84672af04bbe396b3390666912a5726a7cb55e22dd7fb9,2014-08,Essex Police,Essex Police,0.939177,51.896445,On or near Supermarket,E01021705,Colchester 022G,Other theft,Investigation complete; no suspect identified,
88a02a574c62b4e978dc206be42e4d67937ee4c69f39011ed650b9fffdb7fb6e,2014-08,Essex Police,Essex Police,0.938092,51.895186,On or near Hawthorn Avenue,E01021705,Colchester 022G,Violence and sexual offences,Under investigation,
,2014-08,Essex Police,Essex Police,0.925063,51.888424,On or near Greenstead Road,E01021706,Colchester 022H,Anti-social behaviour,,
,2014-08,Essex Police,Essex Police,0.921205,51.890787,On or near Harwich Road,E01021706,Colchester 022H,Anti-social behaviour,,
,2014-08,Essex Police,Essex Police,0.924388,51.887874,On or near Hunting Gate,E01021706,Colchester 022H,Anti-social behaviour,,
,2014-08,Essex Police,Essex Police,0.924388,51.887874,On or near Hunting Gate,E01021706,Colchester 022H,Anti-social behaviour,,
,2014-08,Essex Police,Essex Police,0.924388,51.887874,On or near Hunting Gate,E01021706,Colchester 022H,Anti-social behaviour,,
9bd38b0bf8a04a8bd269901d38e7bdf4f19135a439411a011d25a024a0a296a4,2014-08,Essex Police,Essex Police,0.919605,51.890323,On or near East Street,E01021706,Colchester 022H,Bicycle theft,Under investigation,
c3d9a76c2950ba2eaa8ebc93988c300afbd7345101b231abd4a75a6ad6600315,2014-08,Essex Police,Essex Police,0.925230,51.890767,On or near St Davids Close,E01021706,Colchester 022H,Criminal damage and arson,Under investigation,
b31eae28022a93631b838e38cfb4d306e5ae6d738f3aceb4b89da7fdf40f01b9,2014-08,Essex Police,Essex Police,0.921205,51.890787,On or near Harwich Road,E01021706,Colchester 022H,Criminal damage and arson,Under investigation,
b17e2ccc72e8c099882144588325004fa3df2f21ae638ad432fe4efe28b36b31,2014-08,Essex Police,Essex Police,0.926072,51.888507,On or near Tabor Road,E01021706,Colchester 022H,Criminal damage and arson,Investigation complete; no suspect identified,
91f7959f6f4e6f56c6ddf94d40ec9e5aa42e6a043eb908e09b735b0f244dd3b0,2014-08,Essex Police,Essex Police,0.926072,51.888507,On or near Tabor Road,E01021706,Colchester 022H,Violence and sexual offences,Unable to prosecute suspect,
,2014-08,Essex Police,Essex Police,0.932578,51.900028,On or near Francis Way,E01021707,Colchester 022I,Anti-social behaviour,,
302be200e61e4e970ac09d6ddae84bb1ef5fe1afc49063f4b749b730d8a41b52,2014-08,Essex Police,Essex Police,0.937003,51.900997,On or near St John'S Road,E01021707,Colchester 022I,Burglary,Under investigation,
248885a7ac6ae5ed72d9ae10207f8a2a03f6aa39ccf4bdaf21d8cb76e83ccd1a,2014-08,Essex Police,Essex Police,0.937003,51.900997,On or near St John'S Road,E01021707,Colchester 022I,Criminal damage and arson,Under investigation,
c3550950a7deae741e2ad5ecb1daa8351e8a9f93bcd930aa2c93c63e0a31337a,2014-08,Essex Police,Essex Police,0.936895,51.897789,On or near Royal Court,E01021707,Colchester 022I,Criminal damage and arson,Under investigation,
4884d2319abb4e74b1bd2a6401c39a4b36c8cdd54c78e3ddd373c1e73ad76679,2014-08,Essex Police,Essex Police,0.937003,51.900997,On or near St John'S Road,E01021707,Colchester 022I,Criminal damage and arson,Investigation complete; no suspect identified,
8ff84189e7a145be611398281affd5cbfa90fcb516524909d5e62311f211e3a0,2014-08,Essex Police,Essex Police,0.934694,51.900146,On or near Brinkley Crescent,E01021707,Colchester 022I,Drugs,Awaiting court outcome,
9dab4badc42c4e084134efb34c3ea0f5e5f46326a1b613b92ae2f2ba1aef9dac,2014-08,Essex Police,Essex Police,0.937003,51.900997,On or near St John'S Road,E01021707,Colchester 022I,Violence and sexual offences,Under investigation,
12617a2babb8431827a017bf5ef4f12f58d80822a3b08aa8e204ee41b9ee9d06,2014-08,Essex Police,Essex Police,0.936895,51.897789,On or near Royal Court,E01021707,Colchester 022I,Violence and sexual offences,Unable to prosecute suspect,
2578ec63cb9343719e7d49c3f61d415fd1d0d5a2215f318a40a3264757b24f4e,2014-08,Essex Police,Essex Police,0.936895,51.897789,On or near Royal Court,E01021707,Colchester 022I,Violence and sexual offences,Unable to prosecute suspect,
176c993c3f5fda685df42ac123c2bfc274ab77f4c7b7da939ab51c9ae5e374d7,2014-08,Essex Police,Essex Police,0.934781,51.897697,On or near Woodside Close,E01021707,Colchester 022I,Violence and sexual offences,Awaiting court outcome,
2c6f10a71fc52b71033ca0b45c51df603c60387faa56b4394e9731bfe1daf9d3,2014-08,Essex Police,Essex Police,0.154323,52.398836,On or near Headley'S Lane,E01018022,East Cambridgeshire 002C,Criminal damage and arson,Unable to prosecute suspect,
157046dcea0f0b7fc38e2e62b8a42feba9f0e840d1d8508de6e62ec5f71f08e0,2014-08,Essex Police,Essex Police,0.176616,51.862768,On or near Beldams Lane,E01023442,East Hertfordshire 005E,Burglary,Under investigation,
,2014-08,Essex Police,Essex Police,0.151193,51.747809,On or near Hastingwood Road,E01021768,Epping Forest 001A,Anti-social behaviour,,
,2014-08,Essex Police,Essex Police,0.134047,51.751646,On or near London Road,E01021768,Epping Forest 001A,Anti-social behaviour,,
,2014-08,Essex Police,Essex Police,0.188635,51.779697,On or near Clifford Close,E01021768,Epping Forest 001A,Anti-social behaviour,,
,2014-08,Essex Police,Essex Police,0.162767,51.771436,On or near Hobbs Cross Road,E01021768,Epping Forest 001A,Anti-social behaviour,,
e09d057355913dba8689df014bf9a09c2edef0f97ddaab06562b79292d369b5e,2014-08,Essex Police,Essex Police,0.179000,51.804804,On or near Primley Lane,E01021768,Epping Forest 001A,Burglary,Investigation complete; no suspect identified,
9405d99493edcbb89070095719b034b5be95cf9ab5a8700afac04f3a99648ef5,2014-08,Essex Police,Essex Police,0.191394,51.780096,On or near Rainbow Road,E01021768,Epping Forest 001A,Burglary,Under investigation,
26cd335ac943c1f3c54a95d2b4ecbeba0879c14dcf27470e0f98c4cdfac1f4e1,2014-08,Essex Police,Essex Police,0.179000,51.804804,On or near Primley Lane,E01021768,Epping Forest 001A,Burglary,Under investigation,
989d7a7db09879f99d59946516f28bd34a6f1d2ee41bdbf87dfa3845146aa72b,2014-08,Essex Police,Essex Police,0.134047,51.751646,On or near London Road,E01021768,Epping Forest 001A,Other theft,Under investigation,
bb49d9090e39e16fdb71f86924f80004881eb7b1692a815a832c18775042dab9,2014-08,Essex Police,Essex Police,0.134047,51.751646,On or near London Road,E01021768,Epping Forest 001A,Other theft,Under investigation,
6de2726afbbca3330aed82a71c969b78f76fc2dae5a027293788aa1b05681241,2014-08,Essex Police,Essex Police,0.129515,51.737520,On or near London Road,E01021768,Epping Forest 001A,Other theft,Investigation complete; no suspect identified,
96fc04a7c2fb394f97dc70dd8277bd3385252cfdee8630209fa6240beddc6f6a,2014-08,Essex Police,Essex Police,0.154664,51.759858,On or near Foster Street,E01021768,Epping Forest 001A,Other theft,Under investigation,
93878cd15523fddf048f7c6822d1e6e3b823996d229b16015905bf2fdbbb3fe8,2014-08,Essex Police,Essex Police,0.134047,51.751646,On or near London Road,E01021768,Epping Forest 001A,Other theft,Under investigation,
f5fb7abf52c611f883acf2c26f53f5d200cba04f7e77d431181cdf36d1aef022,2014-08,Essex Police,Essex Police,0.191394,51.780096,On or near Rainbow Road,E01021768,Epping Forest 001A,Vehicle crime,Investigation complete; no suspect identified,
1c41026c894d5ae3ca57052f3da42935acefa0c55d8ecb8304fa77397f8aebd5,2014-08,Essex Police,Essex Police,0.134047,51.751646,On or near London Road,E01021768,Epping Forest 001A,Violence and sexual offences,Under investigation,
05b69161d1eee04ef49f0fc4853863077760b0a5f6b01f460c1616cc70cdca88,2014-08,Essex Police,Essex Police,0.143378,51.743374,On or near Glovers Lane,E01021768,Epping Forest 001A,Violence and sexual offences,Unable to prosecute suspect,
2ef2f6ee74e56b43d5e98e312fdad0475c9e9d1d7fd691e07ee8e9503b30658c,2014-08,Essex Police,Essex Police,0.134047,51.751646,On or near London Road,E01021768,Epping Forest 001A,Other crime,Under investigation,
,2014-08,Essex Police,Essex Police,0.161162,51.810627,On or near Ash Groves,E01021795,Epping Forest 001B,Anti-social behaviour,,
,2014-08,Essex Police,Essex Police,0.160802,51.809780,On or near The Four Acres,E01021795,Epping Forest 001B,Anti-social behaviour,,
7cf579f7678df0877ae0f5b738eac141f4efd01b7de856e23603bb59dbacb35b,2014-08,Essex Police,Essex Police,0.159987,51.813662,On or near Parking Area,E01021795,Epping Forest 001B,Violence and sexual offences,Under investigation,
33f5cd13db575ce111a70e2a62f32e423bb2134c3109fbeeb5e9bd24bbb810b4,2014-08,Essex Police,Essex Police,0.158574,51.809614,On or near Lawrence Moorings,E01021795,Epping Forest 001B,Violence and sexual offences,Awaiting court outcome,
bbb4c35879f0852a7eebc7e25d2d924232f59745b04f244b663bd42294b67d27,2014-08,Essex Police,Essex Police,0.157445,51.807530,On or near Luxford Place,E01021795,Epping Forest 001B,Violence and sexual offences,Unable to prosecute suspect,
,2014-08,Essex Police,Essex Police,0.177639,51.721144,On or near Cunningham Rise,E01021797,Epping Forest 001C,Anti-social behaviour,,
0f831e9121b99c31f8f0ce571bef1f87cee84cd2dc8a249a9561162ee03cb1de,2014-08,Essex Police,Essex Police,0.176373,51.720709,On or near Gibson Close,E01021797,Epping Forest 001C,Burglary,Investigation complete; no suspect identified,
e4cbb674cd206c23565c2ab816eed95f4e801918b3e1c5d47e261ef919c5f22e,2014-08,Essex Police,Essex Police,0.176260,51.719254,On or near High Road,E01021797,Epping Forest 001C,Burglary,Under investigation,
921c6190f6d5bf4c164b11f1998f98a232c94884940d363504867839e44f9000,2014-08,Essex Police,Essex Police,0.177639,51.721144,On or near Cunningham Rise,E01021797,Epping Forest 001C,Burglary,Investigation complete; no suspect identified,
,2014-08,Essex Police,Essex Police,0.170732,51.719015,On or near Queens Road,E01021798,Epping Forest 001D,Anti-social behaviour,,
,2014-08,Essex Police,Essex Police,0.166664,51.715070,On or near Supermarket,E01021798,Epping Forest 001D,Anti-social behaviour,,
,2014-08,Essex Police,Essex Police,0.167028,51.716943,On or near Wheelers Farm Gardens,E01021798,Epping Forest 001D,Anti-social behaviour,,
,2014-08,Essex Police,Essex Police,0.170732,51.719015,On or near Queens Road,E01021798,Epping Forest 001D,Anti-social behaviour,,
380419cb6a16ad38b61df3ae8647e4d4caebec34b7adb9f5f7edf9f87adab216,2014-08,Essex Police,Essex Police,0.170665,51.717002,On or near Emberson Way,E01021798,Epping Forest 001D,Burglary,Under investigation,
d2cc7574ce2c77a3ec7e296b298fdbb967e029130c7c86d17f60d3f271b415cc,2014-08,Essex Police,Essex Police,0.170161,51.717955,On or near High Road,E01021798,Epping Forest 001D,Criminal damage and arson,Under investigation,
512b13f0d8a44f93e29c30f8888caed55f09a7d97f56645aa95708662ef72d6e,2014-08,Essex Police,Essex Police,0.163902,51.712405,On or near Station Road,E01021798,Epping Forest 001D,Other theft,Investigation complete; no suspect identified,
,2014-08,Essex Police,Essex Police,0.152202,51.712638,On or near Roughtallys,E01021799,Epping Forest 001E,Anti-social behaviour,,
,2014-08,Essex Police,Essex Police,0.159716,51.713876,On or near Blenheim Square,E01021799,Epping Forest 001E,Anti-social behaviour,,
,2014-08,Essex Police,Essex Police,0.158624,51.713438,On or near Blenheim Way,E01021799,Epping Forest 001E,Anti-social behaviour,,
,2014-08,Essex Police,Essex Police,0.159782,51.713129,On or near York Road,E01021799,Epping Forest 001E,Anti-social behaviour,,
,2014-08,Essex Police,Essex Police,0.161943,51.712316,On or near Watermans Way,E01021799,Epping Forest 001E,Anti-social behaviour,,
,2014-08,Essex Police,Essex Police,0.161943,51.712316,On or near Watermans Way,E01021799,Epping Forest 001E,Anti-social behaviour,,
,2014-08,Essex Police,Essex Police,0.161943,51.712316,On or near Watermans Way,E01021799,Epping Forest 001E,Anti-social behaviour,,
b4be8391f28aa91beaa8e1dbe6527468d035a79001878641472a909bee99e8b9,2014-08,Essex Police,Essex Police,0.152202,51.712638,On or near Roughtallys,E01021799,Epping Forest 001E,Bicycle theft,Under investigation,
f2dbc3b5827576c7f82887e590afd8a3fa2bc7fa8bf8ef337047531be4ce3e58,2014-08,Essex Police,Essex Police,0.156495,51.711597,On or near Pike Way,E01021799,Epping Forest 001E,Burglary,Under investigation,
622489029663ce131a7359a9932cf873f89c449f2a014bf576b27deed1f152cd,2014-08,Essex Police,Essex Police,0.164097,51.714974,On or near George Avey Croft,E01021799,Epping Forest 001E,Burglary,Under investigation,
1107896d58ecfa10135e2e262e974130a8b1f65910bba9b3a38c809febb19c46,2014-08,Essex Police,Essex Police,0.164097,51.714974,On or near George Avey Croft,E01021799,Epping Forest 001E,Burglary,Under investigation,
0f74e4c6ce0ebb3626552b117b8ab8ef5bb9d8ccbe4190b0ab2a00cb635c0d33,2014-08,Essex Police,Essex Police,0.163831,51.713045,On or near Petrol Station,E01021799,Epping Forest 001E,Other theft,Under investigation,
5b0a7a746d146a199303b7ba6674bff2b0704268974ea38200af11f05adb1896,2014-08,Essex Police,Essex Police,0.152202,51.712638,On or near Roughtallys,E01021799,Epping Forest 001E,Vehicle crime,Under investigation,
a867779033d274b448a3e929c82d269e37d5bf8e8a22e1cf15d4587c46f9e741,2014-08,Essex Police,Essex Police,0.158624,51.713438,On or near Blenheim Way,E01021799,Epping Forest 001E,Violence and sexual offences,Unable to prosecute suspect,
,2014-08,Essex Police,Essex Police,0.049034,51.737648,On or near Park/Open Space,E01021741,Epping Forest 002A,Anti-social behaviour,,
,2014-08,Essex Police,Essex Police,0.073550,51.692606,On or near Park/Open Space,E01021741,Epping Forest 002A,Anti-social behaviour,,
,2014-08,Essex Police,Essex Police,0.036199,51.725030,On or near Allmains Close,E01021741,Epping Forest 002A,Anti-social behaviour,,
4bd4e0373f18d89569b6832213e10047cd34eb54512637f0b8307cf963c36f82,2014-08,Essex Police,Essex Police,0.077989,51.727274,On or near Green Close,E01021741,Epping Forest 002A,Criminal damage and arson,Investigation complete; no suspect identified,
1cfdb74dc77f6b7cafba974e84404a8becf36cdfc4b330871e8a0144feb803fe,2014-08,Essex Police,Essex Police,0.037304,51.723850,On or near The Heights,E01021741,Epping Forest 002A,Violence and sexual offences,Awaiting court outcome,
4071b2aa20ad776b8d7c82a0279f211654edbffd8048c1a6579d0b03eb2e8932,2014-08,Essex Police,Essex Police,0.047292,51.740771,On or near Betts Lane,E01021741,Epping Forest 002A,Violence and sexual offences,Awaiting court outcome,
9b995179655a62aa71c1ac084358bc3ee8e80b0d867a2333ae4672d28bd93293,2014-08,Essex Police,Essex Police,0.076526,51.694720,On or near Park/Open Space,E01021741,Epping Forest 002A,Violence and sexual offences,Local resolution,
1798120fd85a9b218189606f4c13a3437a1085dabdcfa306064bd1069fb8088d,2014-08,Essex Police,Essex Police,0.077002,51.728164,On or near Elm Close,E01021741,Epping Forest 002A,Violence and sexual offences,Under investigation,
,2014-08,Essex Police,Essex Police,0.001659,51.742583,On or near Park/Open Space,E01021792,Epping Forest 002B,Anti-social behaviour,,
b9b8b770a47d8fd702ef11b81998826e30f783dca1c9b2100a69ed280bf1dc33,2014-08,Essex Police,Essex Police,-0.011563,51.741351,On or near Crownfield,E01021792,Epping Forest 002B,Burglary,Under investigation,
4d56b3361340ef1f90f915f279e3cdaf2a33c6ece0b6509c87d17ae6e3fb1fd5,2014-08,Essex Police,Essex Police,0.001659,51.742583,On or near Park/Open Space,E01021792,Epping Forest 002B,Criminal damage and arson,Under investigation,
8338b06161e504deb21bc78746460c6c87928d278ae97cdf98d6d26982cfcb7e,2014-08,Essex Police,Essex Police,-0.012082,51.738752,On or near Riverside Avenue,E01021792,Epping Forest 002B,Violence and sexual offences,Under investigation,
,2014-08,Essex Police,Essex Police,0.005764,51.735858,On or near Nazeing Road,E01021793,Epping Forest 002C,Anti-social behaviour,,
3b7350aa989d967a96bec23dbc42ba4b8fd8638ca636ed5adafe130c578c9be9,2014-08,Essex Police,Essex Police,0.015014,51.740628,On or near John Eliot Close,E01021793,Epping Forest 002C,Burglary,Investigation complete; no suspect identified,
,2014-08,Essex Police,Essex Police,0.022689,51.737996,On or near Palmers Grove,E01021794,Epping Forest 002D,Anti-social behaviour,,
,2014-08,Essex Police,Essex Police,0.013992,51.734270,On or near Pound Close,E01021794,Epping Forest 002D,Anti-social behaviour,,
,2014-08,Essex Police,Essex Police,0.020639,51.736197,On or near Barnfield Close,E01021794,Epping Forest 002D,Anti-social behaviour,,
,2014-08,Essex Police,Essex Police,0.020264,51.736878,On or near Hoecroft,E01021794,Epping Forest 002D,Anti-social behaviour,,
8d4ff98e3752542d557a52f2c1f4cea24ea51819fa6fc1324c851aa58e3f2bb2,2014-08,Essex Police,Essex Police,0.022689,51.737996,On or near Palmers Grove,E01021794,Epping Forest 002D,Burglary,Investigation complete; no suspect identified,
609ccd0fb05085b263fba22fec6ff475f95737180a5ed5f82a03224acac1867e,2014-08,Essex Police,Essex Police,0.013992,51.734270,On or near Pound Close,E01021794,Epping Forest 002D,Burglary,Under investigation,
059f3689ff321450e29a7d3262b790e1946d771bf5e4699e457dd7feaff98692,2014-08,Essex Police,Essex Police,0.022689,51.737996,On or near Palmers Grove,E01021794,Epping Forest 002D,Burglary,Under investigation,
450bd13e77cae8c69c51db806129f7f347f52825584bba1887a56351668e422d,2014-08,Essex Police,Essex Police,0.022689,51.737996,On or near Palmers Grove,E01021794,Epping Forest 002D,Violence and sexual offences,Under investigation,
d13e9d922e54b93294fb7f547915c31963c7f8b3808cafd6dc4fe25bf49fd065,2014-08,Essex Police,Essex Police,0.032328,51.740734,On or near Hoe Lane,E01021794,Epping Forest 002D,Violence and sexual offences,Unable to prosecute suspect,
,2014-08,Essex Police,Essex Police,0.045961,51.770622,On or near Little Brook Road,E01021801,Epping Forest 002E,Anti-social behaviour,,
,2014-08,Essex Police,Essex Police,0.039393,51.774109,On or near Ducketts Mead,E01021801,Epping Forest 002E,Anti-social behaviour,,
,2014-08,Essex Police,Essex Police,0.039393,51.774109,On or near Ducketts Mead,E01021801,Epping Forest 002E,Anti-social behaviour,,
,2014-08,Essex Police,Essex Police,0.033079,51.760379,On or near Low Hill Road,E01021801,Epping Forest 002E,Anti-social behaviour,,
7c815d4f010b9d876a687010a6482e8df75184ee6a39897fe65e221f9e8f9134,2014-08,Essex Police,Essex Police,0.039393,51.774109,On or near Ducketts Mead,E01021801,Epping Forest 002E,Burglary,Investigation complete; no suspect identified,
a00b8267e655a1b60839336a293754712cbe75c150564a605dc9338474093d0b,2014-08,Essex Police,Essex Police,0.031543,51.773282,On or near Mill Corner,E01021801,Epping Forest 002E,Burglary,Investigation complete; no suspect identified,
e03a7131157eb55c6e9e549c037c7302b2157eba703fbe5b7fd3c23d4b6e184c,2014-08,Essex Police,Essex Police,0.035822,51.767543,On or near Hansells Mead,E01021801,Epping Forest 002E,Criminal damage and arson,Under investigation,
67218cdfb2151d963f1b31514dc72d527500e31b04c1690421223d0109fc0eb0,2014-08,Essex Police,Essex Police,0.038849,51.772652,On or near Farm Close,E01021801,Epping Forest 002E,Criminal damage and arson,Investigation complete; no suspect identified,
d6f1406d9eacb3aa41021eb57e3dad87bdce9cae0e2d7f1c07c261ec41e997f6,2014-08,Essex Police,Essex Police,0.039654,51.770885,On or near Temple Mead,E01021801,Epping Forest 002E,Criminal damage and arson,Awaiting court outcome,
65923bec6cb8948b850aee31e41749cd687d3827c35977d2c166a40b435fe6fd,2014-08,Essex Police,Essex Police,0.039654,51.770885,On or near Temple Mead,E01021801,Epping Forest 002E,Drugs,Under investigation,
0d7540d39c2e8f360fa5feb762cda2c71877690db22d68fb918b3b54e988bae7,2014-08,Essex Police,Essex Police,0.005496,51.754648,On or near Parking Area,E01021801,Epping Forest 002E,Other theft,Under investigation,
e3502b98fc26ffaeef085f392047b3c0cc85cd23972771a2cad97dab18d3d831,2014-08,Essex Police,Essex Police,0.005496,51.754648,On or near Parking Area,E01021801,Epping Forest 002E,Other theft,Investigation complete; no suspect identified,
7e46161ae4b0cf66d0083768a431a63435c53ea0431828c0b570c58580a7901b,2014-08,Essex Police,Essex Police,0.024460,51.755906,On or near Netherhall Road,E01021801,Epping Forest 002E,Other theft,Investigation complete; no suspect identified,
0ebaba85319fc8cea6f1805dc00e6443140546287d01bdee75cf2ba7c1c1b3d1,2014-08,Essex Police,Essex Police,0.039654,51.770885,On or near Temple Mead,E01021801,Epping Forest 002E,Public order,Under investigation,
2cca3f16012badea4181db924262c2c35721b43ae5aa2ab4948caafa84ce4a89,2014-08,Essex Police,Essex Police,0.039654,51.770885,On or near Temple Mead,E01021801,Epping Forest 002E,Shoplifting,Under investigation,
929a7291d6105bf0749ca0e1177eab2ffe7460a3b12143b95589e508f2b55f89,2014-08,Essex Police,Essex Police,0.039654,51.770885,On or near Temple Mead,E01021801,Epping Forest 002E,Violence and sexual offences,Under investigation,
1c242aeff3e3f8d0742a541145e55976bb2318735cfadd1df12bbbe1f161162f,2014-08,Essex Police,Essex Police,0.009311,51.753135,On or near Derby Road,E01021801,Epping Forest 002E,Violence and sexual offences,Under investigation,
108274dbde365b7faed631c45bae28cb7702ca5d4c044e505a54ecde391127b0,2014-08,Essex Police,Essex Police,0.039393,51.774109,On or near Ducketts Mead,E01021801,Epping Forest 002E,Violence and sexual offences,Unable to prosecute suspect,
4f12c8974c2cde942be08d5cc3708751612b1f7bd6326d3d715c39301b638d4a,2014-08,Essex Police,Essex Police,0.045961,51.770622,On or near Little Brook Road,E01021801,Epping Forest 002E,Violence and sexual offences,Investigation complete; no suspect identified,
,2014-08,Essex Police,Essex Police,0.297854,51.696507,On or near Park/Open Space,E01021769,Epping Forest 003A,Anti-social behaviour,,
82fa5fa2b1db1c75f384a90b02c4f35569f3677b4811457c48d4c254d66b87cd,2014-08,Essex Police,Essex Police,0.317467,51.713586,On or near Parking Area,E01021769,Epping Forest 003A,Bicycle theft,Investigation complete; no suspect identified,
0d49c60672801f49c7b879470db3ab56abbbed3ea75aa6b7b072d350e9a7d028,2014-08,Essex Police,Essex Police,0.293168,51.718037,On or near Norton Lane,E01021769,Epping Forest 003A,Burglary,Under investigation,
e8d8ec0a100ba014e8c3b51adeb63c273845deb3f7517c7c07ed48efe5012674,2014-08,Essex Police,Essex Police,0.297361,51.754457,On or near Birds Green,E01021769,Epping Forest 003A,Burglary,Investigation complete; no suspect identified,
a3e35f110dfef24c1d1f86b52ba225b5c11346611211262fcf9706348d8a42e3,2014-08,Essex Police,Essex Police,0.269052,51.710601,On or near The Street,E01021769,Epping Forest 003A,Burglary,Investigation complete; no suspect identified,
886f41bc1533e6c33d340b3b13432702f12e6627d27dfa5ba8e6f2d55bc1bc91,2014-08,Essex Police,Essex Police,0.282548,51.709530,On or near Park/Open Space,E01021769,Epping Forest 003A,Burglary,Investigation complete; no suspect identified,
9d4494cec1c39f236f31c376ebf34c82fc60641d13b4b1a8edb7442893e1f048,2014-08,Essex Police,Essex Police,0.264507,51.773755,On or near Parking Area,E01021769,Epping Forest 003A,Burglary,Investigation complete; no suspect identified,
cbca508f6a7ec31b7f42a95112cf533fac6a49da9059a00a2500516a2a4bea67,2014-08,Essex Police,Essex Police,0.309065,51.707222,On or near Park/Open Space,E01021769,Epping Forest 003A,Drugs,Under investigation,
760f64c2988dfdd88f39cdc38d413db12097f02b139cf59a376041f39790dfde,2014-08,Essex Police,Essex Police,0.309065,51.707222,On or near Park/Open Space,E01021769,Epping Forest 003A,Other theft,Investigation complete; no suspect identified,
75ef62abfbe4679db6b8c4b20da263eee57e99c2846e8f3f768bd9dea4c588c8,2014-08,Essex Police,Essex Police,0.263431,51.706447,On or near Millfield,E01021769,Epping Forest 003A,Violence and sexual offences,Under investigation,
c5e657c2c8f0db0e54894df23a9f3ebd408f14f288ca594224343424aaff9cb3,2014-08,Essex Police,Essex Police,0.263431,51.706447,On or near Millfield,E01021769,Epping Forest 003A,Violence and sexual offences,Under investigation,
,2014-08,Essex Police,Essex Police,0.218611,51.740584,On or near Gould Close,E01021796,Epping Forest 003B,Anti-social behaviour,,
,2014-08,Essex Police,Essex Police,0.227992,51.775217,On or near Downhall Road,E01021796,Epping Forest 003B,Anti-social behaviour,,
,2014-08,Essex Police,Essex Police,0.186647,51.755374,On or near School Lane,E01021796,Epping Forest 003B,Anti-social behaviour,,
714acbb8d26e8757d7f25ee1cea4e979609f9cb30aba4816d7ac02c8ffa6d70d,2014-08,Essex Police,Essex Police,0.279685,51.737814,On or near Willingale Road,E01021796,Epping Forest 003B,Burglary,Under investigation,
c4e958eb574b4814ac2ab71bcf7fe381e5a73424f1aca89adfba11fd1de0f262,2014-08,Essex Police,Essex Police,0.177722,51.741844,On or near Park/Open Space,E01021796,Epping Forest 003B,Criminal damage and arson,Under investigation,
357a1563b101320b708e13d3f4a3fa9f65cd3c775fa81af8f6363b05cf5515d5,2014-08,Essex Police,Essex Police,0.167880,51.750775,On or near Hastingwood Road,E01021796,Epping Forest 003B,Other theft,Under investigation,
1f6c54c742d74a9b455b152dea53db1dcdd2c848586e18cbc51ad35e12f241b1,2014-08,Essex Police,Essex Police,0.277804,51.744757,On or near Dunmow Road,E01021796,Epping Forest 003B,Other theft,Under investigation,
cceb368caf91947e412a6c8f4dee8677a0c20056e70ab14f60f90c2f74eb3069,2014-08,Essex Police,Essex Police,0.200440,51.731807,On or near Ashlyns Lane,E01021796,Epping Forest 003B,Other theft,Investigation complete; no suspect identified,
3034d4430a344135f1af105e5c238506242821ab2b63cca19320aeb99aa4d568,2014-08,Essex Police,Essex Police,0.167880,51.750775,On or near Hastingwood Road,E01021796,Epping Forest 003B,Other theft,Under investigation,
5c56ef991a076b6010792ce608018cd9589b3da7a08ad9d7059a446f5fcb616a,2014-08,Essex Police,Essex Police,0.277804,51.744757,On or near Dunmow Road,E01021796,Epping Forest 003B,Other theft,Investigation complete; no suspect identified,
31fb1cdf694c98e75762f212a896442e474f06f91c640e7b5983feb7695b4b14,2014-08,Essex Police,Essex Police,0.167880,51.750775,On or near Hastingwood Road,E01021796,Epping Forest 003B,Other theft,Investigation complete; no suspect identified,
971e4187098e2b5c29ff51511c345935c82364a09d15300b89ba94a3787354fb,2014-08,Essex Police,Essex Police,0.167880,51.750775,On or near Hastingwood Road,E01021796,Epping Forest 003B,Other theft,Investigation complete; no suspect identified,
4aeee5d8066fea4cbbf38a089a7acf7fb7e6dd20af5e284f45b7194632fc5caf,2014-08,Essex Police,Essex Police,0.223154,51.743133,On or near Park/Open Space,E01021796,Epping Forest 003B,Other theft,Under investigation,
2156232b6be652a25e9e30a40a0d24c90c3ecc1c4b57f481ece9800de57c4814,2014-08,Essex Police,Essex Police,0.213890,51.737939,On or near Pedlars End,E01021796,Epping Forest 003B,Other theft,Investigation complete; no suspect identified,
7b5508a24d3dffd00a8460ce2dc2e82c9b7304275872cf1dba32252e12731374,2014-08,Essex Police,Essex Police,0.279685,51.737814,On or near Willingale Road,E01021796,Epping Forest 003B,Other theft,Investigation complete; no suspect identified,
29e81d47a9a7a54d3db867d314092925332ec397284b9a139576e8204ac17610,2014-08,Essex Police,Essex Police,0.269042,51.738731,On or near Roding Close,E01021796,Epping Forest 003B,Vehicle crime,Under investigation,
a55291462524ac5f19a20a5db203c1c1d80f0edcb0c75b1c2b788a6e4ed13d1a,2014-08,Essex Police,Essex Police,0.250540,51.754356,On or near Park/Open Space,E01021796,Epping Forest 003B,Vehicle crime,Under investigation,
,2014-08,Essex Police,Essex Police,0.168722,51.693639,On or near Tawney Common,E01021800,Epping Forest 003C,Anti-social behaviour,,
,2014-08,Essex Police,Essex Police,0.203743,51.712780,On or near Blake Hall Road,E01021800,Epping Forest 003C,Anti-social behaviour,,
7deb3e2c16ceb85af7cbb5e258c3fb74135feefd6875557a599da7e6d4e09b15,2014-08,Essex Police,Essex Police,0.228327,51.680742,On or near Garden Fields,E01021800,Epping Forest 003C,Burglary,Under investigation,
d6ffdde807644a8fb945518d33818b1515ad01dbc21cad4352537b1119bbebc2,2014-08,Essex Police,Essex Police,0.166423,51.656398,On or near Ongar Road,E01021800,Epping Forest 003C,Burglary,Under investigation,
b0b76b03d8089b040b55d4e0bad8501a0e92f5cd5d2e447fa85546b39adbd885,2014-08,Essex Police,Essex Police,0.137771,51.706544,On or near Garnon Mead,E01021800,Epping Forest 003C,Burglary,Under investigation,
e35914690dda24070eec28a5c6e29e58b13db728a584c9334173dccbcd525502,2014-08,Essex Police,Essex Police,0.153775,51.661630,On or near Park/Open Space,E01021800,Epping Forest 003C,Other theft,Investigation complete; no suspect identified,
bf4bdf8238adcf502b583b992043d723a34795b5308360f95822bb89e50b28c9,2014-08,Essex Police,Essex Police,0.182464,51.629158,On or near Kensington Park,E01021800,Epping Forest 003C,Robbery,Unable to prosecute suspect,
d7d5561ea48ac6265b7add9fb3b92a9ad7301c3f3fddd6f0c83b4f818a2e4490,2014-08,Essex Police,Essex Police,0.150165,51.681903,On or near Mount Road,E01021800,Epping Forest 003C,Vehicle crime,Investigation complete; no suspect identified,
0e05b0ae433b51d3000a148ede258a72ca0e72fa39c6e6201a2b03979f6403ab,2014-08,Essex Police,Essex Police,0.170126,51.636455,On or near Gutteridge Lane,E01021800,Epping Forest 003C,Vehicle crime,Investigation complete; no suspect identified,
bdc4b6dfc3b08b7cc90c7e79fb9584ecf5a5d79e71571343c79905fc05f28ead,2014-08,Essex Police,Essex Police,0.200910,51.698849,On or near Toot Hill Road,E01021800,Epping Forest 003C,Vehicle crime,Investigation complete; no suspect identified,
a4ab326f6e230e5c97ff3f672b933166864af5d21c266d2d7c3e82b31d8fb2e8,2014-08,Essex Police,Essex Police,0.194275,51.631663,On or near Tysea Hill,E01021800,Epping Forest 003C,Violence and sexual offences,Unable to prosecute suspect,
d8eea110a63d6d7a136e3ae6353e7001ac956c73f428642d2bcbf8e59bf93994,2014-08,Essex Police,Essex Police,0.185003,51.658535,On or near Sports/Recreation Area,E01021800,Epping Forest 003C,Violence and sexual offences,Under investigation,
d21706e81d11cf56edc15bd4b7bd6bedc88733cc1dcc1ad701e0f58cb0755976,2014-08,Essex Police,Essex Police,0.170126,51.636455,On or near Gutteridge Lane,E01021800,Epping Forest 003C,Other crime,Awaiting court outcome,
,2014-08,Essex Police,Essex Police,0.244622,51.705144,On or near Supermarket,E01021753,Epping Forest 004A,Anti-social behaviour,,
,2014-08,Essex Police,Essex Police,0.239013,51.703516,On or near Fairbank Close,E01021753,Epping Forest 004A,Anti-social behaviour,,
b4fd31da82f7d3f360a6cf8403d2528aafb6902caebd5e7037023d41be339d8e,2014-08,Essex Police,Essex Police,0.244024,51.705048,On or near Parking Area,E01021753,Epping Forest 004A,Criminal damage and arson,Investigation complete; no suspect identified,
41ce18a2e312f80dedb73e24c91db0c4480c8c5c822c70cdaaae3b037b436256,2014-08,Essex Police,Essex Police,0.242847,51.708164,On or near Victoria Road,E01021753,Epping Forest 004A,Drugs,Offender given a drugs possession warning,
5ed4594a50edab9f2c1ba9b002e938b5196e5572047eff888696a4575a0db20c,2014-08,Essex Police,Essex Police,0.240785,51.701584,On or near Turners Close,E01021753,Epping Forest 004A,Violence and sexual offences,Under investigation,
13e472933ffefc7eafac730dfe39978242c7cb360bf6ec0478988dd73c51a903,2014-08,Essex Police,Essex Police,0.244622,51.705144,On or near Supermarket,E01021753,Epping Forest 004A,Other crime,Under investigation,
,2014-08,Essex Police,Essex Police,0.246429,51.702763,On or near Livingstone Close,E01021754,Epping Forest 004B,Anti-social behaviour,,
,2014-08,Essex Police,Essex Police,0.252215,51.696573,On or near Stondon Road,E01021754,Epping Forest 004B,Anti-social behaviour,,
,2014-08,Essex Police,Essex Police,0.245968,51.696378,On or near Hunters Chase,E01021754,Epping Forest 004B,Anti-social behaviour,,
,2014-08,Essex Police,Essex Police,0.242012,51.697137,On or near St James' Avenue,E01021754,Epping Forest 004B,Anti-social behaviour,,
ffcc0662eee30bc06563c14dcfa5da0324992d560e059862991699ddd9a0163d,2014-08,Essex Police,Essex Police,0.243915,51.698737,On or near Coopers Hill,E01021754,Epping Forest 004B,Burglary,Investigation complete; no suspect identified,
613dbc1560c787d9fc7204855b2179f2c1d2dd1bf968da198f71404859c61d72,2014-08,Essex Police,Essex Police,0.239727,51.697747,On or near Mead Walk,E01021754,Epping Forest 004B,Violence and sexual offences,Investigation complete; no suspect identified,
3fb0bd012eba0e5fb8f0568fd1f071b26e95069bf0930252a01ecbfea61916c9,2014-08,Essex Police,Essex Police,0.245968,51.696378,On or near Hunters Chase,E01021754,Epping Forest 004B,Other crime,Awaiting court outcome,
,2014-08,Essex Police,Essex Police,0.244800,51.710483,On or near Great Lawn,E01021755,Epping Forest 004C,Anti-social behaviour,,
7ba2a74f0190465aa274cac5a9b49bb27efa9d1678d3507e6fa50cd13caf6e3a,2014-08,Essex Police,Essex Police,0.245383,51.708223,On or near Love Lane,E01021755,Epping Forest 004C,Criminal damage and arson,Investigation complete; no suspect identified,
889494ea09db3f2968ef4464c74ca87e12b067a8aab1b9a20c1cb9251bda13b7,2014-08,Essex Police,Essex Police,0.245383,51.708223,On or near Love Lane,E01021755,Epping Forest 004C,Criminal damage and arson,Under investigation,
ba80869e3c6dda9f74278c243a6f0afa3b287f99aa582e06267110c54b0baef8,2014-08,Essex Police,Essex Police,0.242646,51.709948,On or near Mark'S Avenue,E01021755,Epping Forest 004C,Other theft,Investigation complete; no suspect identified,
1d7dfe3170105931128d74d91b9c03a492fb529511dc775a43ce60856a3f207a,2014-08,Essex Police,Essex Police,0.244178,51.707563,On or near Bansons Way,E01021755,Epping Forest 004C,Violence and sexual offences,Unable to prosecute suspect,
,2014-08,Essex Police,Essex Police,0.239693,51.717873,On or near Brookfields,E01021802,Epping Forest 004D,Anti-social behaviour,,
,2014-08,Essex Police,Essex Police,0.245310,51.713485,On or near Petrol Station,E01021802,Epping Forest 004D,Anti-social behaviour,,
,2014-08,Essex Police,Essex Police,0.245607,51.714802,On or near Clare Mews,E01021802,Epping Forest 004D,Anti-social behaviour,,
,2014-08,Essex Police,Essex Police,0.241740,51.715631,On or near Shelley Close,E01021802,Epping Forest 004D,Anti-social behaviour,,
,2014-08,Essex Police,Essex Police,0.245607,51.714802,On or near Clare Mews,E01021802,Epping Forest 004D,Anti-social behaviour,,
a1a1452323fed2542931941200b3aeb9b287240321535b639ca7e708cb9f04bf,2014-08,Essex Police,Essex Police,0.239693,51.717873,On or near Brookfields,E01021802,Epping Forest 004D,Criminal damage and arson,Investigation complete; no suspect identified,
257d80ecaa16345b9313486681aa2f373ae7a796c134e218fd9210fc12aac92f,2014-08,Essex Police,Essex Police,0.239155,51.716642,On or near Shortlands Avenue,E01021802,Epping Forest 004D,Criminal damage and arson,Under investigation,
7fdf0f96875dc0bf8438ff995b6dffaa13de706c11c4e6bc38ce302a08a71eb8,2014-08,Essex Police,Essex Police,0.241740,51.715631,On or near Shelley Close,E01021802,Epping Forest 004D,Criminal damage and arson,Under investigation,
8be0f87ebc7bfa1f88d4dd3279fab24492473da129627aa2c021274fefa28445,2014-08,Essex Police,Essex Police,0.245310,51.713485,On or near Petrol Station,E01021802,Epping Forest 004D,Criminal damage and arson,Investigation complete; no suspect identified,
4e574fb5befe37070739537518331512574adf75e1e628d73c64d0b2f1695bdc,2014-08,Essex Police,Essex Police,0.241740,51.715631,On or near Shelley Close,E01021802,Epping Forest 004D,Criminal damage and arson,Investigation complete; no suspect identified,
b2438a083316827760ceb0b95a6842af635796e8677035528339f4b1f1c8a165,2014-08,Essex Police,Essex Police,0.239155,51.716642,On or near Shortlands Avenue,E01021802,Epping Forest 004D,Criminal damage and arson,Investigation complete; no suspect identified,
ab473b28643244786eb90d25a634702b5a1aa121751529023fe2fb00b44326bb,2014-08,Essex Police,Essex Police,0.241853,51.714711,On or near Queensway,E01021802,Epping Forest 004D,Criminal damage and arson,Investigation complete; no suspect identified,
24911708b148e2723e05c163ddb917ac2daf0a39f232c9e230eb43b9022f1964,2014-08,Essex Police,Essex Police,0.239693,51.717873,On or near Brookfields,E01021802,Epping Forest 004D,Criminal damage and arson,Investigation complete; no suspect identified,
24a069e00168a1114503b61d755e60716da111035d950bc647cfee1cced48919,2014-08,Essex Police,Essex Police,0.245310,51.713485,On or near Petrol Station,E01021802,Epping Forest 004D,Criminal damage and arson,Offender given community sentence,
080f8636dd1e99373101dcbe7e0de4e6d45c60f5d0332724e72792731fbc1ba6,2014-08,Essex Police,Essex Police,0.239693,51.717873,On or near Brookfields,E01021802,Epping Forest 004D,Other theft,Investigation complete; no suspect identified,
5e4952598f81d284731bd08a80acd021ba6562593c286e7a72d3e7c9728a6323,2014-08,Essex Police,Essex Police,0.239693,51.717873,On or near Brookfields,E01021802,Epping Forest 004D,Vehicle crime,Under investigation,
2b68b3a5d2b7b11e968cd66a5a45c687e9352b4966703d9b62a074fbd03a49a4,2014-08,Essex Police,Essex Police,0.237292,51.714106,On or near Milton Crescent,E01021802,Epping Forest 004D,Vehicle crime,Investigation complete; no suspect identified,
412aded7e3b41ac05f447dd911f423040fda7dec0c4184b7fe392a20d44a717d,2014-08,Essex Police,Essex Police,0.237292,51.714106,On or near Milton Crescent,E01021802,Epping Forest 004D,Violence and sexual offences,Under investigation,
37cd770e6d96bc352ab5276b945016eb6e327f083039bc9194440ef97f2c8356,2014-08,Essex Police,Essex Police,0.237292,51.714106,On or near Milton Crescent,E01021802,Epping Forest 004D,Other crime,Unable to prosecute suspect,
,2014-08,Essex Police,Essex Police,0.111995,51.708134,On or near James Street,E01021760,Epping Forest 005A,Anti-social behaviour,,
,2014-08,Essex Police,Essex Police,0.121246,51.707554,On or near Thornwood Road,E01021760,Epping Forest 005A,Anti-social behaviour,,
,2014-08,Essex Police,Essex Police,0.111264,51.705180,On or near Meadow Road,E01021760,Epping Forest 005A,Anti-social behaviour,,
384ce764df53ec8083c181af140797ff1677542fcacd766c66344ab89f6b668e,2014-08,Essex Police,Essex Police,0.111264,51.705180,On or near Meadow Road,E01021760,Epping Forest 005A,Burglary,Investigation complete; no suspect identified,
eba6052b888b4ff479e1e24ca68a6005a895452ca878896814bb57a78b6052bd,2014-08,Essex Police,Essex Police,0.114119,51.703402,On or near Severns Field,E01021760,Epping Forest 005A,Other theft,Under investigation,
57f5d3580a05e1923e6120e9d8ac2ae93e569f195758ad40b8f7c3d38004167b,2014-08,Essex Police,Essex Police,0.114358,51.706653,On or near Woodberry Down,E01021760,Epping Forest 005A,Vehicle crime,Under investigation,
09e48c26ac85f185f064de34c876fbefaa3c3760d5ba5d18bf6eacd14473e9a8,2014-08,Essex Police,Essex Police,0.114358,51.706653,On or near Woodberry Down,E01021760,Epping Forest 005A,Vehicle crime,Under investigation,
324cc95c71a7fb8ade179b2bbbe27fb12443a7459f8fbe39212c352d22413b5a,2014-08,Essex Police,Essex Police,0.114358,51.706653,On or near Woodberry Down,E01021760,Epping Forest 005A,Vehicle crime,Under investigation,
d0f5f17e59f9ce0d04257a5e1468e18b9ef566ef7ba5a71d39c0019919f52dc8,2014-08,Essex Police,Essex Police,0.103934,51.700977,On or near Lower Swaines,E01021760,Epping Forest 005A,Violence and sexual offences,Unable to prosecute suspect,
,2014-08,Essex Police,Essex Police,0.131171,51.722230,On or near Brookfield,E01021761,Epping Forest 005B,Anti-social behaviour,,
,2014-08,Essex Police,Essex Police,0.126209,51.704731,On or near Boleyn Row,E01021761,Epping Forest 005B,Anti-social behaviour,,
,2014-08,Essex Police,Essex Police,0.141940,51.711756,On or near Silver Birch Avenue,E01021761,Epping Forest 005B,Anti-social behaviour,,
,2014-08,Essex Police,Essex Police,0.120863,51.704324,On or near Fairfield Road,E01021761,Epping Forest 005B,Anti-social behaviour,,
14fe35d108cdfe80ba68c0e14d084aa4ceb3721cfaf13886cbe70da18c8e56ae,2014-08,Essex Police,Essex Police,0.128695,51.721007,On or near High Road,E01021761,Epping Forest 005B,Criminal damage and arson,Investigation complete; no suspect identified,
f5595de9cb2461b61f7e4938fc3dd90748890940bcdd2fbecaed8e8ef3f53ae9,2014-08,Essex Police,Essex Police,0.118076,51.703529,On or near Maltings Drive,E01021761,Epping Forest 005B,Violence and sexual offences,Under investigation,
93988a0ae2359f818eb5a2901f21a003c841d7b973764aae4c26b5df1350a722,2014-08,Essex Police,Essex Police,0.125834,51.706302,On or near The Plain,E01021761,Epping Forest 005B,Violence and sexual offences,Investigation complete; no suspect identified,
,2014-08,Essex Police,Essex Police,0.111105,51.699284,On or near Nightclub,E01021762,Epping Forest 005C,Anti-social behaviour,,
,2014-08,Essex Police,Essex Police,0.111105,51.699284,On or near Nightclub,E01021762,Epping Forest 005C,Anti-social behaviour,,
,2014-08,Essex Police,Essex Police,0.111541,51.700553,On or near Parking Area,E01021762,Epping Forest 005C,Anti-social behaviour,,
486ab3f1073a98024a68c9c679c47ce326dba5a8e0f455b9c849735c2f771e90,2014-08,Essex Police,Essex Police,0.105544,51.696074,On or near Beech Place,E01021762,Epping Forest 005C,Burglary,Investigation complete; no suspect identified,
2a522747ce6feb0f99cb6795b3c484e33cb160edccd1fd432a7782a99bdaa2a8,2014-08,Essex Police,Essex Police,0.108071,51.697207,On or near Supermarket,E01021762,Epping Forest 005C,Criminal damage and arson,Under investigation,
d4bb91a9a69a2bdfca9bfa607c94a38ffa0b1eb280561c0fe41a971b86861ff6,2014-08,Essex Police,Essex Police,0.111105,51.699284,On or near Nightclub,E01021762,Epping Forest 005C,Criminal damage and arson,Investigation complete; no suspect identified,
508d60368f1efcb196556c15ed8b6d37688c7653727415f33531c544199e9cfe,2014-08,Essex Police,Essex Police,0.111105,51.699284,On or near Nightclub,E01021762,Epping Forest 005C,Criminal damage and arson,Under investigation,
0d844cf5e45e18969f34eba04b41a3723fade7e28e357c8b8ca71215d538ba9f,2014-08,Essex Police,Essex Police,0.111098,51.698807,On or near High Street,E01021762,Epping Forest 005C,Drugs,Offender given a drugs possession warning,
34b478172b701c19891b1665ae31ec81c4f77005c59f496f272f03d896858a2f,2014-08,Essex Police,Essex Police,0.108071,51.697207,On or near Supermarket,E01021762,Epping Forest 005C,Other theft,Under investigation,
59c7399f79295d5524eefd23dfc12c247c613e4e8910b1c99c8ccfebe7b740cd,2014-08,Essex Police,Essex Police,0.111541,51.700553,On or near Parking Area,E01021762,Epping Forest 005C,Other theft,Under investigation,
b63d216338bed69b1e0866d2d9ca4ecf0d38cd6ca0edf77aee01297bc9729c4c,2014-08,Essex Police,Essex Police,0.111541,51.700553,On or near Parking Area,E01021762,Epping Forest 005C,Shoplifting,Under investigation,
d28d73129556d3fcff50b37b797367ecb9ea882fc20cd8784f1826a6d3e69f8f,2014-08,Essex Police,Essex Police,0.108071,51.697207,On or near Supermarket,E01021762,Epping Forest 005C,Shoplifting,Under investigation,
bf31b184b7b1db5a1cdeebc4b7454d89eb6e3abd1ee8c38f444f1f7f0329496a,2014-08,Essex Police,Essex Police,0.111541,51.700553,On or near Parking Area,E01021762,Epping Forest 005C,Shoplifting,Under investigation,
c541887d57ab69eeb06380806811bbcf26fd6769ad809deda1ad49220cb66830,2014-08,Essex Police,Essex Police,0.111105,51.699284,On or near Nightclub,E01021762,Epping Forest 005C,Shoplifting,Under investigation,
400fd4df50e635b849b3ab06021362e67322562fe87be3667b31087ffd1d523f,2014-08,Essex Police,Essex Police,0.111541,51.700553,On or near Parking Area,E01021762,Epping Forest 005C,Shoplifting,Under investigation,
f46e85005c04d3dd4d4500e6e8c4d75aac2a7d930d5e01cf1c144fe6318a6a55,2014-08,Essex Police,Essex Police,0.111541,51.700553,On or near Parking Area,E01021762,Epping Forest 005C,Shoplifting,Under investigation,
24c59918ee57a552e6fef4c0098dce9f002447688ad090b820ee150aa85241a2,2014-08,Essex Police,Essex Police,0.111105,51.699284,On or near Nightclub,E01021762,Epping Forest 005C,Shoplifting,Under investigation,
b8ccf7049028bf140a933d7e4a822900b142887afe46c14b7ca191acdee8aafb,2014-08,Essex Police,Essex Police,0.108071,51.697207,On or near Supermarket,E01021762,Epping Forest 005C,Shoplifting,Under investigation,
76573b72419920fab5e34e2abf6774366032748fcaa0c624cc8c61a10e2e2894,2014-08,Essex Police,Essex Police,0.111541,51.700553,On or near Parking Area,E01021762,Epping Forest 005C,Shoplifting,Under investigation,
6ac9f94c43cfdb617c6cf037be7405f84b80b26f684ac4d61a39739cff4db14c,2014-08,Essex Police,Essex Police,0.108071,51.697207,On or near Supermarket,E01021762,Epping Forest 005C,Shoplifting,Under investigation,
dbd178a8d6285cc8e41284f293aab340a92c5bd3fa85759c7d15fde51d4c1caa,2014-08,Essex Police,Essex Police,0.111105,51.699284,On or near Nightclub,E01021762,Epping Forest 005C,Vehicle crime,Investigation complete; no suspect identified,
83d7f79f410bdf8a1436de2686c93569908eb7b5dad3b4576ecd59a767ecae5c,2014-08,Essex Police,Essex Police,0.111098,51.698807,On or near High Street,E01021762,Epping Forest 005C,Vehicle crime,Investigation complete; no suspect identified,
9cd1c466573efb82c47105b1084ecfcf5838da17fecf9537f62a7d9e54ed46d0,2014-08,Essex Police,Essex Police,0.111105,51.699284,On or near Nightclub,E01021762,Epping Forest 005C,Violence and sexual offences,Unable to prosecute suspect,
bdbdc36173e9299010ee579e491cabaa2b8c2a95a39969128fce92e639266e58,2014-08,Essex Police,Essex Police,0.110149,51.702673,On or near Ingels Mead,E01021762,Epping Forest 005C,Violence and sexual offences,Awaiting court outcome,
,2014-08,Essex Police,Essex Police,0.092636,51.689803,On or near Sports/Recreation Area,E01021763,Epping Forest 005D,Anti-social behaviour,,
,2014-08,Essex Police,Essex Police,0.092636,51.689803,On or near Sports/Recreation Area,E01021763,Epping Forest 005D,Anti-social behaviour,,
9002618805631c7c0b752111f977e7f7123482e7d6380551b655d92957db61ce,2014-08,Essex Police,Essex Police,0.106319,51.700925,On or near Ashlyns Road,E01021763,Epping Forest 005D,Criminal damage and arson,Under investigation,
3f4d1258363659b792ef50541906dbace9982852b1fab13524f1f8103895c8d4,2014-08,Essex Police,Essex Police,0.104702,51.698203,On or near Tower Road,E01021763,Epping Forest 005D,Vehicle crime,Under investigation,
1cf17932e743c3fd0710f867100249c0ff47fc6adecbc57292f69e6242833a51,2014-08,Essex Police,Essex Police,0.104702,51.698203,On or near Tower Road,E01021763,Epping Forest 005D,Vehicle crime,Investigation complete; no suspect identified,
09ae9c6fa9694a7bf65981d91ef95df1995533f77460023adde4d3d7294fd1a6,2014-08,Essex Police,Essex Police,0.106429,51.698001,On or near Regent Road,E01021763,Epping Forest 005D,Vehicle crime,Investigation complete; no suspect identified,
92d88e7f085cc42172f8402b9c2535108619405103b1f98f8bf7dc0787f79fe1,2014-08,Essex Police,Essex Police,0.092636,51.689803,On or near Sports/Recreation Area,E01021763,Epping Forest 005D,Violence and sexual offences,Investigation complete; no suspect identified,
03f82670fd863f02a197199d08518c9fe638a75c7b7add1cce6db47b14e7ed3a,2014-08,Essex Police,Essex Police,0.092636,51.689803,On or near Sports/Recreation Area,E01021763,Epping Forest 005D,Violence and sexual offences,Under investigation,
2b14357df40e2ec2cc8bd5c215b6460f99cc2aeab2a06b630485ab6532b4f03c,2014-08,Essex Police,Essex Police,0.107900,51.699764,On or near Bodley Close,E01021763,Epping Forest 005D,Violence and sexual offences,Under investigation,
,2014-08,Essex Police,Essex Police,0.134909,51.706012,On or near Chevely Close,E01021756,Epping Forest 006A,Anti-social behaviour,,
,2014-08,Essex Police,Essex Police,0.117096,51.701451,On or near Theydon Grove,E01021756,Epping Forest 006A,Anti-social behaviour,,
bcc00c2c9770657f188b1da68bb501dff9717d302b835d0f7cd04100ecd20c9f,2014-08,Essex Police,Essex Police,0.136195,51.703803,On or near Brickfield Road,E01021756,Epping Forest 006A,Burglary,Under investigation,
b2f4a5132970e608685889101031d402521339e634a14dd95959e005adbd1d6b,2014-08,Essex Police,Essex Police,0.130192,51.697401,On or near Park/Open Space,E01021756,Epping Forest 006A,Vehicle crime,Under investigation,
b0d552a83b69e0eea5b02582330b4fe6f539c93d4e81136ede3700b1e6379adc,2014-08,Essex Police,Essex Police,0.135652,51.704883,On or near Coopersale Common,E01021756,Epping Forest 006A,Violence and sexual offences,Under investigation,
,2014-08,Essex Police,Essex Police,0.111225,51.697816,On or near Hemnall Street,E01021757,Epping Forest 006B,Anti-social behaviour,,
,2014-08,Essex Police,Essex Police,0.108886,51.697003,On or near High Street,E01021757,Epping Forest 006B,Anti-social behaviour,,
,2014-08,Essex Police,Essex Police,0.111225,51.697816,On or near Hemnall Street,E01021757,Epping Forest 006B,Anti-social behaviour,,
,2014-08,Essex Police,Essex Police,0.112548,51.696398,On or near Station Road,E01021757,Epping Forest 006B,Anti-social behaviour,,
,2014-08,Essex Police,Essex Police,0.107435,51.695968,On or near Half Moon Lane,E01021757,Epping Forest 006B,Anti-social behaviour,,
,2014-08,Essex Police,Essex Police,0.111225,51.697816,On or near Hemnall Street,E01021757,Epping Forest 006B,Anti-social behaviour,,
,2014-08,Essex Police,Essex Police,0.114711,51.693437,On or near Hillcrest Way,E01021757,Epping Forest 006B,Anti-social behaviour,,
bfde4e874dddeb61dab2bb0c94cb1086fb5e7416662f99551ad9ed50cbbba931,2014-08,Essex Police,Essex Police,0.113040,51.700130,On or near Police Station,E01021757,Epping Forest 006B,Criminal damage and arson,Under investigation,
fa482d7b6c350c7293d9df1f4ca6c3b8bc8dcd41f7157661d25b1f0af1864f93,2014-08,Essex Police,Essex Police,0.113040,51.700130,On or near Police Station,E01021757,Epping Forest 006B,Other theft,Investigation complete; no suspect identified,
88860e57d52a404912285af97884c4e76ba1c9b6c0fcbaeafcf9b490888dbbb7,2014-08,Essex Police,Essex Police,0.113040,51.700130,On or near Police Station,E01021757,Epping Forest 006B,Possession of weapons,Under investigation,
4a586f6580e997a093ccff3b4eeb568458f98a3c3350f135810d08d8377e5c06,2014-08,Essex Police,Essex Police,0.113040,51.700130,On or near Police Station,E01021757,Epping Forest 006B,Possession of weapons,Under investigation,
3ebba1a24a80e6d28af2267bc5f98d4f0a761b125ca2f93ac66f63ab74ad0fc9,2014-08,Essex Police,Essex Police,0.111225,51.697816,On or near Hemnall Street,E01021757,Epping Forest 006B,Public order,Under investigation,
f78a8bdbd4ea09d55a9d62991fd733ccb95abc76dc1b784f099b431dedbef5e6,2014-08,Essex Police,Essex Police,0.113040,51.700130,On or near Police Station,E01021757,Epping Forest 006B,Shoplifting,Under investigation,
89000f52a878faa8f6b139942490691cbce753f9bdc905fbea0fea0cf3033ccd,2014-08,Essex Police,Essex Police,0.113040,51.700130,On or near Police Station,E01021757,Epping Forest 006B,Shoplifting,Under investigation,
e34369b602ddb7439e2b62751e23eac34051677790290b3f999b603c0e801db2,2014-08,Essex Police,Essex Police,0.113040,51.700130,On or near Police Station,E01021757,Epping Forest 006B,Shoplifting,Under investigation,
10294f35f35da64b6b2a079925e09fc2e3df39fc39c468ec9c7a8de0723e8c44,2014-08,Essex Police,Essex Police,0.113040,51.700130,On or near Police Station,E01021757,Epping Forest 006B,Shoplifting,Under investigation,
12b4eedef79081ab2909a02e656044595814e1421e2a51288afe1ab03dd905b7,2014-08,Essex Police,Essex Police,0.113040,51.700130,On or near Police Station,E01021757,Epping Forest 006B,Shoplifting,Under investigation,
ec4f8a7748cd1fce9f67862fad47154bd22a9ad6804b9c71f3e51dd17fcff37e,2014-08,Essex Police,Essex Police,0.111225,51.697816,On or near Hemnall Street,E01021757,Epping Forest 006B,Vehicle crime,Investigation complete; no suspect identified,
5251267870b6616f63a918859ed626268936d3fef5c4c07cdd36998f69c3366a,2014-08,Essex Police,Essex Police,0.113251,51.699983,On or near Star Lane,E01021757,Epping Forest 006B,Violence and sexual offences,Unable to prosecute suspect,
0012d2a6ea9a7f05bf7fbc413b66944430c7fbde85cfd6cb2d9d06832d36f46b,2014-08,Essex Police,Essex Police,0.111225,51.697816,On or near Hemnall Street,E01021757,Epping Forest 006B,Violence and sexual offences,Unable to prosecute suspect,
,2014-08,Essex Police,Essex Police,0.111790,51.692851,On or near Woodland Grove,E01021758,Epping Forest 006C,Anti-social behaviour,,
,2014-08,Essex Police,Essex Police,0.111790,51.692851,On or near Woodland Grove,E01021758,Epping Forest 006C,Anti-social behaviour,,
,2014-08,Essex Police,Essex Police,0.099030,51.691973,On or near Bell Common,E01021758,Epping Forest 006C,Anti-social behaviour,,
,2014-08,Essex Police,Essex Police,0.111790,51.692851,On or near Woodland Grove,E01021758,Epping Forest 006C,Anti-social behaviour,,
28229e0d2333f4637cbf637219378fafc3eeb1cf781dcc20456e46596a49be43,2014-08,Essex Police,Essex Police,0.106198,51.694264,On or near Theydon Place,E01021758,Epping Forest 006C,Burglary,Under investigation,
b2491ed548a0a25f2894deb9a93c30ac906e4242299d173d3bffecd0dd35dc53,2014-08,Essex Police,Essex Police,0.102177,51.688985,On or near Ivy Chimneys Road,E01021758,Epping Forest 006C,Burglary,Investigation complete; no suspect identified,
af5b0452184c271db3f5094269f189b179faf5cb6fe3f7c0efd13d5ae66e0818,2014-08,Essex Police,Essex Police,0.102177,51.688985,On or near Ivy Chimneys Road,E01021758,Epping Forest 006C,Burglary,Investigation complete; no suspect identified,
25b093bc90050f0f6dc8934e011f8ae18f1d1577e924ffd3443354acbe1e054a,2014-08,Essex Police,Essex Police,0.111790,51.692851,On or near Woodland Grove,E01021758,Epping Forest 006C,Criminal damage and arson,Investigation complete; no suspect identified,
b593d4a34826e8022ffa95e2a5d72cb280adbabb5c3f84ac2327dc4d43348431,2014-08,Essex Police,Essex Police,0.106498,51.695751,On or near Petrol Station,E01021758,Epping Forest 006C,Other theft,Under investigation,
fdd8d4b1daf2d760290ee6506c7aa2419c070a1abca3765f8be36657ba165571,2014-08,Essex Police,Essex Police,0.106498,51.695751,On or near Petrol Station,E01021758,Epping Forest 006C,Other theft,Under investigation,
3f616795135f8bad60700ee43055676916fbf52cc9f3065093b7a7b05f8a1cfa,2014-08,Essex Police,Essex Police,0.108233,51.695711,On or near Pelly Court,E01021758,Epping Forest 006C,Vehicle crime,Under investigation,
7a33ca9447659958fa7d5d15f73fedf72cc781411e9cffb0cad560e6b31cd90b,2014-08,Essex Police,Essex Police,0.108668,51.690137,On or near Centre Green,E01021759,Epping Forest 006D,Burglary,Under investigation,
f6b497c9bafaa8dfe6e4b8a2857fa60f1e254420832ebefdbfba6f78cc190ca5,2014-08,Essex Police,Essex Police,0.110002,51.690491,On or near Springfield,E01021759,Epping Forest 006D,Burglary,Investigation complete; no suspect identified,
1e2443e2bbf6abb7856b1fb205754b7d04effb8ed738a730cb7bd7ca0ddea724,2014-08,Essex Police,Essex Police,0.111905,51.688487,On or near Crossing Road,E01021759,Epping Forest 006D,Violence and sexual offences,Under investigation,
,2014-08,Essex Police,Essex Police,0.004330,51.690984,On or near Willinghall Close,E01021811,Epping Forest 007A,Anti-social behaviour,,
,2014-08,Essex Police,Essex Police,0.004330,51.690984,On or near Willinghall Close,E01021811,Epping Forest 007A,Anti-social behaviour,,
,2014-08,Essex Police,Essex Police,0.012868,51.689399,On or near Broomstick Hall Road,E01021811,Epping Forest 007A,Anti-social behaviour,,
e203835854efd0f813231f9421961ced41f99631dfd982f11cc26955429c1696,2014-08,Essex Police,Essex Police,0.010910,51.688965,On or near Windsor Wood,E01021811,Epping Forest 007A,Vehicle crime,Unable to prosecute suspect,
,2014-08,Essex Police,Essex Police,0.007276,51.684009,On or near Elm Close,E01021813,Epping Forest 007B,Anti-social behaviour,,
07688d969395c00d03d592be303180698f7d59933cb6a556497def5dded2ecd9,2014-08,Essex Police,Essex Police,0.009745,51.685523,On or near Sports/Recreation Area,E01021813,Epping Forest 007B,Burglary,Investigation complete; no suspect identified,
070441cbe71a412c66de2edb402d76086fe3d7dcafe29a3409b6f42f3ff97214,2014-08,Essex Police,Essex Police,0.006198,51.687436,On or near Halfhides,E01021813,Epping Forest 007B,Burglary,Under investigation,
3ebdb6e1d220c35a3659da1696615a6f85896597592b6aef3cd73b6afeb25662,2014-08,Essex Police,Essex Police,0.007477,51.685274,On or near Oak Close,E01021813,Epping Forest 007B,Criminal damage and arson,Investigation complete; no suspect identified,
bdefbd325bc3a5d8d660fe1770331f0812ea53f4ca4f998cbcceef575d01c7a9,2014-08,Essex Police,Essex Police,0.005292,51.686579,On or near Farm Hill Road,E01021813,Epping Forest 007B,Drugs,Local resolution,
,2014-08,Essex Police,Essex Police,0.022273,51.690065,On or near Poplar Shaw,E01021814,Epping Forest 007C,Anti-social behaviour,,
72f766a36ff71be1d8a9f55b0b72ae5ec10d92f49afad40eb49009dc757a322a,2014-08,Essex Police,Essex Police,0.019805,51.690854,On or near Paternoster Hill,E01021814,Epping Forest 007C,Violence and sexual offences,Under investigation,
bebaab033a35046136bbe92a62305f0db112b869a3d799d6ecc59e0323fc78d4,2014-08,Essex Police,Essex Police,0.020599,51.689185,On or near Edward Court,E01021814,Epping Forest 007C,Violence and sexual offences,Unable to prosecute suspect,
,2014-08,Essex Police,Essex Police,0.029272,51.688352,On or near Wormley Court,E01021815,Epping Forest 007D,Anti-social behaviour,,
,2014-08,Essex Police,Essex Police,0.031261,51.687868,On or near Stanway Road,E01021815,Epping Forest 007D,Anti-social behaviour,,
,2014-08,Essex Police,Essex Police,0.029089,51.685874,On or near Abbotts Drive,E01021815,Epping Forest 007D,Anti-social behaviour,,
,2014-08,Essex Police,Essex Police,0.029272,51.688352,On or near Wormley Court,E01021815,Epping Forest 007D,Anti-social behaviour,,
,2014-08,Essex Police,Essex Police,0.029272,51.688352,On or near Wormley Court,E01021815,Epping Forest 007D,Anti-social behaviour,,
,2014-08,Essex Police,Essex Police,0.029089,51.685874,On or near Abbotts Drive,E01021815,Epping Forest 007D,Anti-social behaviour,,
,2014-08,Essex Police,Essex Police,0.027896,51.687675,On or near Winters Way,E01021815,Epping Forest 007D,Anti-social behaviour,,
,2014-08,Essex Police,Essex Police,0.027896,51.687675,On or near Winters Way,E01021815,Epping Forest 007D,Anti-social behaviour,,
,2014-08,Essex Police,Essex Police,0.029272,51.688352,On or near Wormley Court,E01021815,Epping Forest 007D,Anti-social behaviour,,
,2014-08,Essex Police,Essex Police,0.027896,51.687675,On or near Winters Way,E01021815,Epping Forest 007D,Anti-social behaviour,,
,2014-08,Essex Police,Essex Police,0.032615,51.689347,On or near St Thomas'S Close,E01021815,Epping Forest 007D,Anti-social behaviour,,
,2014-08,Essex Police,Essex Police,0.029272,51.688352,On or near Wormley Court,E01021815,Epping Forest 007D,Anti-social behaviour,,
,2014-08,Essex Police,Essex Police,0.029089,51.685874,On or near Abbotts Drive,E01021815,Epping Forest 007D,Anti-social behaviour,,
f905ef8c37879041b89b2bb6a124a32988f3bed4ab9ef887c85861a0e70e515d,2014-08,Essex Police,Essex Police,0.028472,51.687296,On or near Geisthorp Court,E01021815,Epping Forest 007D,Criminal damage and arson,Under investigation,
4056237e663ba26da1b233649c61763be05f05489dd2f9524a9aad5d2ffdd985,2014-08,Essex Police,Essex Police,0.029711,51.686528,On or near Woodford Court,E01021815,Epping Forest 007D,Drugs,Offender given a drugs possession warning,
cefddd1acdba9d2a24fcada675643b21f5a10221c72e81fc91b71defe3c18c5e,2014-08,Essex Police,Essex Police,0.029089,51.685874,On or near Abbotts Drive,E01021815,Epping Forest 007D,Vehicle crime,Investigation complete; no suspect identified,
,2014-08,Essex Police,Essex Police,0.024611,51.686688,On or near Skarnings Court,E01021816,Epping Forest 007E,Anti-social behaviour,,
,2014-08,Essex Police,Essex Police,0.021086,51.687441,On or near Hillhouse,E01021816,Epping Forest 007E,Anti-social behaviour,,
,2014-08,Essex Police,Essex Police,0.024611,51.686688,On or near Skarnings Court,E01021816,Epping Forest 007E,Anti-social behaviour,,
85814839f5c0bd579ef24f3c456c0da4479bb3530b41d2b569564e4c45c6ab31,2014-08,Essex Police,Essex Police,0.021086,51.687441,On or near Hillhouse,E01021816,Epping Forest 007E,Other theft,Investigation complete; no suspect identified,
9628e62be04f8b5419bd46fdf0dbddc466aefaba05f11aa8a6e8a0a84e30809d,2014-08,Essex Police,Essex Police,0.021086,51.687441,On or near Hillhouse,E01021816,Epping Forest 007E,Public order,Under investigation,
3fb05c621bfe1d003f17fba6a7e388b6381acee070f8552739c5beb00732f495,2014-08,Essex Police,Essex Police,0.026034,51.688426,On or near Bromefield Court,E01021816,Epping Forest 007E,Violence and sexual offences,Under investigation,
,2014-08,Essex Police,Essex Police,0.018179,51.687150,On or near Brickenden Court,E01021807,Epping Forest 008A,Anti-social behaviour,,
,2014-08,Essex Police,Essex Police,0.012925,51.684479,On or near Ruskin Avenue,E01021807,Epping Forest 008A,Anti-social behaviour,,
30d92b6284110451fd4a419b6878ff0a1a9d94687a82d9da0cccd91b11aff987,2014-08,Essex Police,Essex Police,0.011434,51.687409,On or near Rounton Road,E01021807,Epping Forest 008A,Criminal damage and arson,Under investigation,
96a3864b22c64055098cce3167fc9142cbd39ccc7ff1d71d3be53d454d6de24e,2014-08,Essex Police,Essex Police,0.014537,51.684290,On or near Tennyson Avenue,E01021807,Epping Forest 008A,Criminal damage and arson,Under investigation,
2005f4c074f19d06a7a4e882bbb2db3f90336cd4b7615bb01aec9a8d8c785fa8,2014-08,Essex Police,Essex Police,0.017217,51.687310,On or near Newhall Court,E01021807,Epping Forest 008A,Public order,Offender given penalty notice,
aced1a6d4eb0c370e36dc1e4e5a0d3c11ec6e19b91b726761e3ba149cc07ccad,2014-08,Essex Police,Essex Police,0.013762,51.686713,On or near Honey Brook,E01021807,Epping Forest 008A,Vehicle crime,Investigation complete; no suspect identified,
ab876ff407728c55c9511c72afca3bc446c206d3a9ecdf71b4ec266e2156020f,2014-08,Essex Police,Essex Police,0.018179,51.687150,On or near Brickenden Court,E01021807,Epping Forest 008A,Violence and sexual offences,Unable to prosecute suspect,
4d767319f0f869ab8b3306145f518d5fc997187692f107f424b3385c3e5eeddc,2014-08,Essex Police,Essex Police,0.017217,51.687310,On or near Newhall Court,E01021807,Epping Forest 008A,Violence and sexual offences,Unable to prosecute suspect,
,2014-08,Essex Police,Essex Police,0.012077,51.683963,On or near Springfields,E01021808,Epping Forest 008B,Anti-social behaviour,,
,2014-08,Essex Police,Essex Police,0.012077,51.683963,On or near Springfields,E01021808,Epping Forest 008B,Anti-social behaviour,,
,2014-08,Essex Police,Essex Police,0.011028,51.683145,On or near Roundhills,E01021808,Epping Forest 008B,Anti-social behaviour,,
,2014-08,Essex Police,Essex Police,0.012077,51.683963,On or near Springfields,E01021808,Epping Forest 008B,Anti-social behaviour,,
,2014-08,Essex Police,Essex Police,0.012077,51.683963,On or near Springfields,E01021808,Epping Forest 008B,Anti-social behaviour,,
,2014-08,Essex Police,Essex Police,0.011028,51.683145,On or near Roundhills,E01021808,Epping Forest 008B,Anti-social behaviour,,
,2014-08,Essex Police,Essex Police,0.011028,51.683145,On or near Roundhills,E01021808,Epping Forest 008B,Anti-social behaviour,,
,2014-08,Essex Police,Essex Police,0.012077,51.683963,On or near Springfields,E01021808,Epping Forest 008B,Anti-social behaviour,,
4c6d09bce6cbdbe9ea0618f8fc276c9c3bc9b4b15be9123744671641d7e51493,2014-08,Essex Police,Essex Police,0.013174,51.682595,On or near The Dale,E01021808,Epping Forest 008B,Criminal damage and arson,Under investigation,
f5c60cfded37ba0a0b8278f7ffa7f5d5dbd4468ac0b2033b06ba710979ac8900,2014-08,Essex Police,Essex Police,0.010737,51.680803,On or near Gilsland,E01021808,Epping Forest 008B,Criminal damage and arson,Under investigation,
345871973e247c405220598f258848ec07b52eaf954482ab5d5a0b46fb1fe7b7,2014-08,Essex Police,Essex Police,0.012077,51.683963,On or near Springfields,E01021808,Epping Forest 008B,Public order,Under investigation,
,2014-08,Essex Police,Essex Police,0.016766,51.685627,On or near Mason Way,E01021809,Epping Forest 008C,Anti-social behaviour,,
,2014-08,Essex Police,Essex Police,0.016978,51.684859,On or near Mason Close,E01021809,Epping Forest 008C,Anti-social behaviour,,
,2014-08,Essex Police,Essex Police,0.016413,51.686155,On or near Chartwell Close,E01021809,Epping Forest 008C,Anti-social behaviour,,
1eeda7b617e4966cc9e9f4677f1a9826d5a57ffe73976fcd0ff9f78d3ece601a,2014-08,Essex Police,Essex Police,0.016978,51.684859,On or near Mason Close,E01021809,Epping Forest 008C,Burglary,Under investigation,
29f419bb4769861e97f116b9f3ba2c4af0cbd2b256015d888e06006f88a10e1b,2014-08,Essex Police,Essex Police,0.018503,51.683376,On or near Honey Lane,E01021809,Epping Forest 008C,Burglary,Investigation complete; no suspect identified,
b4caf7f784df87722632b1ac1bf15fea29fab7f97f0bbbfec02cf12f2cf9e8b3,2014-08,Essex Police,Essex Police,0.018503,51.683376,On or near Honey Lane,E01021809,Epping Forest 008C,Burglary,Under investigation,
c769745cca00dba80510e78fd7ef18036b997726c6a5914b1e7db232033ea270,2014-08,Essex Police,Essex Police,0.016978,51.684859,On or near Mason Close,E01021809,Epping Forest 008C,Criminal damage and arson,Investigation complete; no suspect identified,
1e8923ecbb54319f2f0b06d59dd80af511090e62b16b5675cd2d86beff4af11b,2014-08,Essex Police,Essex Police,0.014827,51.683979,On or near Windmill Close,E01021809,Epping Forest 008C,Vehicle crime,Investigation complete; no suspect identified,
,2014-08,Essex Police,Essex Police,0.024939,51.684318,On or near Peregrin Road,E01021810,Epping Forest 008D,Anti-social behaviour,,
,2014-08,Essex Police,Essex Police,0.029158,51.682581,On or near Horseshoe Close,E01021810,Epping Forest 008D,Anti-social behaviour,,
,2014-08,Essex Police,Essex Police,0.022997,51.684234,On or near Haywood Court,E01021810,Epping Forest 008D,Anti-social behaviour,,
,2014-08,Essex Police,Essex Police,0.022997,51.684234,On or near Haywood Court,E01021810,Epping Forest 008D,Anti-social behaviour,,
,2014-08,Essex Police,Essex Police,0.027606,51.683777,On or near Osprey Road,E01021810,Epping Forest 008D,Anti-social behaviour,,
,2014-08,Essex Police,Essex Police,0.027606,51.683777,On or near Osprey Road,E01021810,Epping Forest 008D,Anti-social behaviour,,
,2014-08,Essex Police,Essex Police,0.025784,51.683790,On or near Merlin Close,E01021810,Epping Forest 008D,Anti-social behaviour,,
,2014-08,Essex Police,Essex Police,0.027606,51.683777,On or near Osprey Road,E01021810,Epping Forest 008D,Anti-social behaviour,,
,2014-08,Essex Police,Essex Police,0.027606,51.683777,On or near Osprey Road,E01021810,Epping Forest 008D,Anti-social behaviour,,
,2014-08,Essex Police,Essex Police,0.022997,51.684234,On or near Haywood Court,E01021810,Epping Forest 008D,Anti-social behaviour,,
,2014-08,Essex Police,Essex Police,0.022997,51.684234,On or near Haywood Court,E01021810,Epping Forest 008D,Anti-social behaviour,,
,2014-08,Essex Police,Essex Police,0.023898,51.682366,On or near Margherita Place,E01021810,Epping Forest 008D,Anti-social behaviour,,
,2014-08,Essex Police,Essex Police,0.022997,51.684234,On or near Haywood Court,E01021810,Epping Forest 008D,Anti-social behaviour,,
540016099ae6bccf39ab18a61460ceb68ff0b15e05deeb5aa741b087df0f7410,2014-08,Essex Police,Essex Police,0.025363,51.682458,On or near Kestrel Road,E01021810,Epping Forest 008D,Other theft,Under investigation,
c677c872954d5b6efdf3effd13028693c97a8babe7e2a7be6035d66d41e8d058,2014-08,Essex Police,Essex Police,0.029158,51.682581,On or near Horseshoe Close,E01021810,Epping Forest 008D,Violence and sexual offences,Investigation complete; no suspect identified,
d4ee790bc543311a9abdb6d7614ab22829e2044fea3da5789e9810b88acfd80a,2014-08,Essex Police,Essex Police,0.027606,51.683777,On or near Osprey Road,E01021810,Epping Forest 008D,Violence and sexual offences,Under investigation,
,2014-08,Essex Police,Essex Police,-0.003188,51.682569,On or near Brooker Road,E01021817,Epping Forest 008E,Anti-social behaviour,,
,2014-08,Essex Police,Essex Police,-0.003309,51.676870,On or near The Dell,E01021817,Epping Forest 008E,Anti-social behaviour,,
,2014-08,Essex Police,Essex Police,-0.003188,51.682569,On or near Brooker Road,E01021817,Epping Forest 008E,Anti-social behaviour,,
,2014-08,Essex Police,Essex Police,-0.003188,51.682569,On or near Brooker Road,E01021817,Epping Forest 008E,Anti-social behaviour,,
,2014-08,Essex Police,Essex Police,-0.003669,51.677559,On or near Harrison Road,E01021817,Epping Forest 008E,Anti-social behaviour,,
,2014-08,Essex Police,Essex Police,-0.001560,51.677488,On or near Arnold Road,E01021817,Epping Forest 008E,Anti-social behaviour,,
,2014-08,Essex Police,Essex Police,0.003125,51.677794,On or near Sewardstone Road,E01021817,Epping Forest 008E,Anti-social behaviour,,
,2014-08,Essex Police,Essex Police,-0.001633,51.676823,On or near Heather Gardens,E01021817,Epping Forest 008E,Anti-social behaviour,,
,2014-08,Essex Police,Essex Police,0.000092,51.682810,On or near Cartersfield Road,E01021817,Epping Forest 008E,Anti-social behaviour,,
,2014-08,Essex Police,Essex Police,0.003125,51.677794,On or near Sewardstone Road,E01021817,Epping Forest 008E,Anti-social behaviour,,
,2014-08,Essex Police,Essex Police,-0.008518,51.686706,On or near Grove Court,E01021817,Epping Forest 008E,Anti-social behaviour,,
,2014-08,Essex Police,Essex Police,-0.005779,51.679259,On or near Supermarket,E01021817,Epping Forest 008E,Anti-social behaviour,,
,2014-08,Essex Police,Essex Police,0.005272,51.679574,On or near Beechfield Walk,E01021817,Epping Forest 008E,Anti-social behaviour,,
adf804951fb24e0514efae32fbd92b522b28a20570c30ad2ed99d0552ce7e7e9,2014-08,Essex Police,Essex Police,-0.008518,51.686706,On or near Grove Court,E01021817,Epping Forest 008E,Bicycle theft,Investigation complete; no suspect identified,
c29d074578a3199ff0b800a504c6cd2d641c3d0b80d0d65789b8f4e67fe7ab75,2014-08,Essex Police,Essex Police,-0.008518,51.686706,On or near Grove Court,E01021817,Epping Forest 008E,Burglary,Investigation complete; no suspect identified,
39cf3b1f6b26a5c069c9eba7006b59330814ad95b8a190b77fe1983407e33822,2014-08,Essex Police,Essex Police,0.003953,51.683760,On or near Denny Avenue,E01021817,Epping Forest 008E,Criminal damage and arson,Investigation complete; no suspect identified,
38496f948a33cd510929cf567e855944a57a630b69f64bb906acafb2660fe14a,2014-08,Essex Police,Essex Police,-0.008518,51.686706,On or near Grove Court,E01021817,Epping Forest 008E,Other theft,Under investigation,
9acab8c0d563e1d3795e8b8c9411fc37f9b905f68036f6d2cd12af967d6a116b,2014-08,Essex Police,Essex Police,-0.002251,51.677895,On or near Bradley Road,E01021817,Epping Forest 008E,Other theft,Under investigation,
34b2d62a1a1b0f49c769b32329e062700ff9cfd7c63324160025da5d1638fded,2014-08,Essex Police,Essex Police,0.003125,51.677794,On or near Sewardstone Road,E01021817,Epping Forest 008E,Robbery,Under investigation,
84ce3631c60664041120b7e302e9df63b0f6fb3bd2d0abc040f2b0c774423c92,2014-08,Essex Police,Essex Police,0.003125,51.677794,On or near Sewardstone Road,E01021817,Epping Forest 008E,Violence and sexual offences,Investigation complete; no suspect identified,
748aeda3d51b326114582c790415f144bf17c5c3bd0a03546d8258519b199480,2014-08,Essex Police,Essex Police,-0.008518,51.686706,On or near Grove Court,E01021817,Epping Forest 008E,Violence and sexual offences,Unable to prosecute suspect,
,2014-08,Essex Police,Essex Police,0.033222,51.671567,On or near Beech Hill Gardens,E01021806,Epping Forest 009A,Anti-social behaviour,,
,2014-08,Essex Police,Essex Police,0.002803,51.669176,On or near The Grange,E01021806,Epping Forest 009A,Anti-social behaviour,,
,2014-08,Essex Police,Essex Police,0.034090,51.662227,On or near Church Lane,E01021806,Epping Forest 009A,Anti-social behaviour,,
,2014-08,Essex Police,Essex Police,0.019143,51.656451,On or near Lippitts Hill,E01021806,Epping Forest 009A,Anti-social behaviour,,
,2014-08,Essex Police,Essex Police,-0.003307,51.663750,On or near Godwin Close,E01021806,Epping Forest 009A,Anti-social behaviour,,
cb297588876f2dd5eda1e752e64d85e68c253d20c7ef006f2708fb3a24b1c5c7,2014-08,Essex Police,Essex Police,0.029402,51.663117,On or near Manor Road,E01021806,Epping Forest 009A,Burglary,Under investigation,
0a1db4e28f896095a8a0eca6351a9c01a879a6614ac50d97b273f8848f9449cb,2014-08,Essex Police,Essex Police,0.043156,51.680846,On or near Firs,E01021806,Epping Forest 009A,Criminal damage and arson,Under investigation,
7d8609fda7c5c654a012433ce05ae5ccfcdd3f180a661886dfb59930a0603581,2014-08,Essex Police,Essex Police,0.042662,51.679514,On or near Aspens,E01021806,Epping Forest 009A,Criminal damage and arson,Under investigation,
03a2337282bd811d7498f1364162defe754cab13c411d523258701d88ef6a45c,2014-08,Essex Police,Essex Police,-0.001630,51.665718,On or near Butlers Drive,E01021806,Epping Forest 009A,Criminal damage and arson,Investigation complete; no suspect identified,
c42473fd1177a56f8b72d5e15199be07f18b36c072679dbf7f2956e948694523,2014-08,Essex Police,Essex Police,0.000372,51.653715,On or near Daws Hill,E01021806,Epping Forest 009A,Criminal damage and arson,Under investigation,
96b934def2bb4c7fa72fdc3a16e2e0fa34a628cf2f325a0f7ce6e02d6c2b8357,2014-08,Essex Police,Essex Police,0.008813,51.646493,On or near Bury Road,E01021806,Epping Forest 009A,Other theft,Investigation complete; no suspect identified,
bae671f4d685f241fab75684df69fd01c270df67cc468e17c6360d13d4276f43,2014-08,Essex Police,Essex Police,0.063427,51.675222,On or near B172,E01021806,Epping Forest 009A,Other theft,Under investigation,
0f76c592126f9167fce86efda51651ef4c7ca2dfa9dd54fdaace2c65c1ef08f6,2014-08,Essex Police,Essex Police,0.063427,51.675222,On or near B172,E01021806,Epping Forest 009A,Other theft,Under investigation,
27d1327afceb69592d0613839585e69a8474698e15a0649fa02296d2377dd730,2014-08,Essex Police,Essex Police,0.062244,51.687400,On or near Pedestrian Subway,E01021806,Epping Forest 009A,Other theft,Investigation complete; no suspect identified,
90265b73a51a180eb7c833120fb23314abe160583215b5b17638cde56fbe215b,2014-08,Essex Police,Essex Police,0.062244,51.687400,On or near Pedestrian Subway,E01021806,Epping Forest 009A,Other theft,Investigation complete; no suspect identified,
fefad9686a36b5d2af081ad16a423ebaeef3bfc9b8cf3cd139a832bb3ac095de,2014-08,Essex Police,Essex Police,0.063427,51.675222,On or near B172,E01021806,Epping Forest 009A,Other theft,Under investigation,
3f3176d7eacd0b23bc564b9acd9bc6f19c931303a802d90f04a0fa5e4b0c7eb5,2014-08,Essex Police,Essex Police,0.063427,51.675222,On or near B172,E01021806,Epping Forest 009A,Other theft,Investigation complete; no suspect identified,
b34ee848aeb795b5f4dd596da1c101b9842f2cda99c96409a79f1011ca8945c7,2014-08,Essex Police,Essex Police,0.063427,51.675222,On or near B172,E01021806,Epping Forest 009A,Other theft,Under investigation,
1d8c75a36ec104a2849526d238420c03437a98aff07c7d1c224d9f145db5e52b,2014-08,Essex Police,Essex Police,0.063427,51.675222,On or near B172,E01021806,Epping Forest 009A,Other theft,Under investigation,
4a1c3abc643895522d3d61a707ae792abd3bb7e9f00fcbbfd1e30b4fb7fc8e85,2014-08,Essex Police,Essex Police,0.063427,51.675222,On or near B172,E01021806,Epping Forest 009A,Other theft,Under investigation,
bd36031f5503191a2f411c7735302a4df5fad3ec7610de3180dee7a881ae0181,2014-08,Essex Police,Essex Police,0.063427,51.675222,On or near B172,E01021806,Epping Forest 009A,Other theft,Under investigation,
b33d821b85616916dbce4e4bbaf4a484d2aaeaeff0e3cc2efefad700d1800e4d,2014-08,Essex Police,Essex Police,0.008813,51.646493,On or near Bury Road,E01021806,Epping Forest 009A,Shoplifting,Under investigation,
e6819c2468fb5d84874e1e2cce1675b1805a7c02fec6fb19ebddb398c7d29702,2014-08,Essex Police,Essex Police,-0.001630,51.665718,On or near Butlers Drive,E01021806,Epping Forest 009A,Vehicle crime,Investigation complete; no suspect identified,
109a727f0a5450bd675bc898ad89605e56e33f2d5374d30001adf3ee1b39eec8,2014-08,Essex Police,Essex Police,-0.005392,51.658426,On or near Petrol Station,E01021806,Epping Forest 009A,Violence and sexual offences,Under investigation,
1f58b671a47f3b301c031d873a9572f31674816378aad7e4a00eedcdcec1e2d4,2014-08,Essex Police,Essex Police,-0.002933,51.661738,On or near Sewardstone Road,E01021806,Epping Forest 009A,Violence and sexual offences,Under investigation,
,2014-08,Essex Police,Essex Police,0.029242,51.710007,On or near Claverhambury Road,E01021812,Epping Forest 009B,Anti-social behaviour,,
fe5a0e9491273c9b3bf4b39f7b0d21a1fe61eb51d012130f8990be378777160b,2014-08,Essex Police,Essex Police,0.002166,51.691138,On or near Hereward Close,E01021812,Epping Forest 009B,Burglary,Under investigation,
69e1cfb0014ca7bb6828d42bcd83f2b22075f8d40e87a4ef0191141750713407,2014-08,Essex Police,Essex Police,0.001105,51.693314,On or near Marle Gardens,E01021812,Epping Forest 009B,Criminal damage and arson,Under investigation,
0ca6f5497d9885d4d62060038526f09c872ebd2a9d0d9a850c43fb0372d8017f,2014-08,Essex Police,Essex Police,0.003355,51.689885,On or near Moremead,E01021812,Epping Forest 009B,Criminal damage and arson,Investigation complete; no suspect identified,
f331b4d8def5b465022186ebc8e50db20c02f43ee308fa09b873d379332cd0eb,2014-08,Essex Police,Essex Police,0.001105,51.693314,On or near Marle Gardens,E01021812,Epping Forest 009B,Public order,Awaiting court outcome,
535c66b8db4ac8490d9ebfb86ddd988440f4e0864a73486f1223ab9573d26b19,2014-08,Essex Police,Essex Police,0.001391,51.691609,On or near Harold Crescent,E01021812,Epping Forest 009B,Violence and sexual offences,Unable to prosecute suspect,
,2014-08,Essex Police,Essex Police,-0.000515,51.687110,On or near Darby Drive,E01021818,Epping Forest 009C,Anti-social behaviour,,
,2014-08,Essex Police,Essex Police,-0.004753,51.686453,On or near Greenyard,E01021818,Epping Forest 009C,Anti-social behaviour,,
,2014-08,Essex Police,Essex Police,0.000786,51.685766,On or near Rue De St Lawrence,E01021818,Epping Forest 009C,Anti-social behaviour,,
,2014-08,Essex Police,Essex Police,-0.006290,51.687379,On or near Barge Yard,E01021818,Epping Forest 009C,Anti-social behaviour,,
,2014-08,Essex Police,Essex Police,-0.002165,51.686760,On or near Supermarket,E01021818,Epping Forest 009C,Anti-social behaviour,,
,2014-08,Essex Police,Essex Police,-0.010096,51.688010,On or near Augustine Court,E01021818,Epping Forest 009C,Anti-social behaviour,,
,2014-08,Essex Police,Essex Police,-0.000994,51.685086,On or near Woollard Street,E01021818,Epping Forest 009C,Anti-social behaviour,,
,2014-08,Essex Police,Essex Police,0.005685,51.685637,On or near Howard Close,E01021818,Epping Forest 009C,Anti-social behaviour,,
9a16b72af33a4a38e0133ca1e0319aea56576ed5ae51b4ae6aa00696d73544ca,2014-08,Essex Police,Essex Police,0.001939,51.685341,On or near Supermarket,E01021818,Epping Forest 009C,Burglary,Under investigation,
3df6da46be75fbbba86de24e79a195410f1a13b3afd02ed8080e6b93788a4584,2014-08,Essex Police,Essex Police,-0.000515,51.687110,On or near Darby Drive,E01021818,Epping Forest 009C,Burglary,Investigation complete; no suspect identified,
d351ada816b73ad4af1037502eec74ed46eaa90ad1529ff50cfc1bb7aeeab6fb,2014-08,Essex Police,Essex Police,-0.003372,51.686286,On or near Silver Street,E01021818,Epping Forest 009C,Criminal damage and arson,Investigation complete; no suspect identified,
57845dd39814b30c1a999016dd76e72d8b4fdcdb4f20204c245add9b30d60420,2014-08,Essex Police,Essex Police,0.001939,51.685341,On or near Supermarket,E01021818,Epping Forest 009C,Other theft,Investigation complete; no suspect identified,
1ef7518382b221bffd2689b8b9bc7f1f2476830e2bcc5c2fe0f382e6f283a9b8,2014-08,Essex Police,Essex Police,0.001939,51.685341,On or near Supermarket,E01021818,Epping Forest 009C,Other theft,Investigation complete; no suspect identified,
6d7a0058270400d167152f566d97cc6a4aa898d90d58bf2ac3d55e1e87797814,2014-08,Essex Police,Essex Police,-0.000994,51.685086,On or near Woollard Street,E01021818,Epping Forest 009C,Other theft,Under investigation,
89feda4972f3e16e6aca71d31da096c51a2d22dca0417a28aae7c18121ff3e6c,2014-08,Essex Police,Essex Police,0.001939,51.685341,On or near Supermarket,E01021818,Epping Forest 009C,Other theft,Under investigation,
ec640702a56bed3e96640925795153c77e35afd8e38b651ac9203270bb973732,2014-08,Essex Police,Essex Police,-0.007897,51.688000,On or near Walton Gardens,E01021818,Epping Forest 009C,Other theft,Under investigation,
fbd3d6ac9c00d86afdc66263490becd7ab6bb7371516ebc48255382d04a5baff,2014-08,Essex Police,Essex Police,0.001939,51.685341,On or near Supermarket,E01021818,Epping Forest 009C,Other theft,Under investigation,
95bfd2ab28552a9e3cd1f86c49e4a7f02e8a013fffdd327f6ead8a693d80a432,2014-08,Essex Police,Essex Police,0.001939,51.685341,On or near Supermarket,E01021818,Epping Forest 009C,Other theft,Under investigation,
cec007e803bf1110d73a53af17df5c252af47de69921490ac282a3f6328ecdda,2014-08,Essex Police,Essex Police,-0.002165,51.686760,On or near Supermarket,E01021818,Epping Forest 009C,Other theft,Investigation complete; no suspect identified,
dac7213db0d4968b4b14b1285096ef7276900b0a0f9d6578f431528fee9185b0,2014-08,Essex Police,Essex Police,0.001939,51.685341,On or near Supermarket,E01021818,Epping Forest 009C,Other theft,Under investigation,
6b0d38b2157bea61e5aa29c0f2fe8017e19168179d6a888a29bdb6668460001e,2014-08,Essex Police,Essex Police,0.001847,51.685882,On or near Petrol Station,E01021818,Epping Forest 009C,Other theft,Investigation complete; no suspect identified,
51265cff6e93a8fcdf630c052b69c35ce28d74f107aa4aede0f5235a14995285,2014-08,Essex Police,Essex Police,0.001847,51.685882,On or near Petrol Station,E01021818,Epping Forest 009C,Other theft,Under investigation,
74e24dd7bcd78c3dfedd628f6dd85bf4565f5548ad478c9c08baa29eac4badb2,2014-08,Essex Police,Essex Police,0.001939,51.685341,On or near Supermarket,E01021818,Epping Forest 009C,Other theft,Investigation complete; no suspect identified,
bd22207f1d0f9a12b126d09842242274fbafa9f3b5a2ad2642f08fbc4d0a0967,2014-08,Essex Police,Essex Police,0.001939,51.685341,On or near Supermarket,E01021818,Epping Forest 009C,Public order,Awaiting court outcome,
9dda48e80867a5c9149ab7ac6569bfcd54ff8a62081057b3df454691063f0cd8,2014-08,Essex Police,Essex Police,-0.002165,51.686760,On or near Supermarket,E01021818,Epping Forest 009C,Shoplifting,Investigation complete; no suspect identified,
d67f741407258444d1f0a2e25ee2fea2b5867dcaa550e538ed08831352ea2331,2014-08,Essex Police,Essex Police,0.001939,51.685341,On or near Supermarket,E01021818,Epping Forest 009C,Shoplifting,Under investigation,
a891d919cabfe45d56c2e2b253789c51ec24fb48e9279de8ef1cf3c421ee2413,2014-08,Essex Police,Essex Police,-0.002165,51.686760,On or near Supermarket,E01021818,Epping Forest 009C,Shoplifting,Under investigation,
bef6bbb13eeb4b550331d7c770408103f7468d14ed4c7d2ab0ab757552c9e407,2014-08,Essex Police,Essex Police,-0.002165,51.686760,On or near Supermarket,E01021818,Epping Forest 009C,Shoplifting,Under investigation,
faf3fd2b81f5df2c69f190d15d586ce108dba9aa724ea00a7de64f20b5f829fc,2014-08,Essex Police,Essex Police,0.001939,51.685341,On or near Supermarket,E01021818,Epping Forest 009C,Shoplifting,Awaiting court outcome,
d3c2560027598bdaca6c257d046ffbe1587d5bb919fad9288f5f394369e1f60d,2014-08,Essex Police,Essex Police,-0.002165,51.686760,On or near Supermarket,E01021818,Epping Forest 009C,Shoplifting,Offender given penalty notice,
95246279932c957a8455250f32658ed7b4058b5579168a51d61b02e063046f46,2014-08,Essex Police,Essex Police,0.001939,51.685341,On or near Supermarket,E01021818,Epping Forest 009C,Shoplifting,Awaiting court outcome,
d7fa9b2bde0229d9f654ec8398c24e308dc77c9c2aad5b537ba47efeac2bbbd1,2014-08,Essex Police,Essex Police,-0.002165,51.686760,On or near Supermarket,E01021818,Epping Forest 009C,Shoplifting,Under investigation,
b9e5af84e1257ba53f6b3d91fc3fded1b33950424db9ca39268282e263fee315,2014-08,Essex Police,Essex Police,-0.001476,51.687297,On or near Parking Area,E01021818,Epping Forest 009C,Shoplifting,Investigation complete; no suspect identified,
90d1cc209f1627e47236108ed953f04ef1d6ded68ccad203bfde45971fd29410,2014-08,Essex Police,Essex Police,-0.002165,51.686760,On or near Supermarket,E01021818,Epping Forest 009C,Shoplifting,Under investigation,
a0c57e9a873f13f960d93710ee559a3f0f8493a767b9d3f6dae8c1fda7a7f60f,2014-08,Essex Police,Essex Police,0.001939,51.685341,On or near Supermarket,E01021818,Epping Forest 009C,Shoplifting,Awaiting court outcome,
9f529c04c8d66e3bf68a95e00aba5e8fc8b53b8a3bb6c7f07af1c60fe65d1c8d,2014-08,Essex Police,Essex Police,0.001939,51.685341,On or near Supermarket,E01021818,Epping Forest 009C,Shoplifting,Awaiting court outcome,
533b0ebe5e8389d55090474a1e8e44e6b0399c96eef0feeed04d8d365db4a3ef,2014-08,Essex Police,Essex Police,0.001939,51.685341,On or near Supermarket,E01021818,Epping Forest 009C,Shoplifting,Under investigation,
5d3cd5b8430089464bcd615d2b05f6cb1f4d0024e8762660c06b2c1f127cd76a,2014-08,Essex Police,Essex Police,0.001939,51.685341,On or near Supermarket,E01021818,Epping Forest 009C,Shoplifting,Offender given penalty notice,
ea7d26298637ceec4692f670a8364ee8288c37a3977cebc34661f22852c631fe,2014-08,Essex Police,Essex Police,0.001939,51.685341,On or near Supermarket,E01021818,Epping Forest 009C,Shoplifting,Local resolution,
bc326ae5c981c3d37c3c5fefa4fb7b576f07159daa4ed73ae82cb7ba0b8b9e6d,2014-08,Essex Police,Essex Police,-0.002165,51.686760,On or near Supermarket,E01021818,Epping Forest 009C,Shoplifting,Under investigation,
4c2bbc727fe6b1157af6599e03bbebb63530640327aa681fc1a21dbddb248384,2014-08,Essex Police,Essex Police,-0.002165,51.686760,On or near Supermarket,E01021818,Epping Forest 009C,Shoplifting,Under investigation,
ebfc97f94bef4bccc2f6bdb5933e24cf85f7cede816663cbeeaf62fcf7e46ab1,2014-08,Essex Police,Essex Police,-0.002165,51.686760,On or near Supermarket,E01021818,Epping Forest 009C,Shoplifting,Investigation complete; no suspect identified,
ff0586561a7fc8d0af50b0d18ad6784d3b6eec4e24fa4b625f8e419c5c5534e7,2014-08,Essex Police,Essex Police,0.001939,51.685341,On or near Supermarket,E01021818,Epping Forest 009C,Theft from the person,Under investigation,
7ee1e693a0e90bb8c05bae8768bfff2e008db2f1a6f15a13889f597ef740c476,2014-08,Essex Police,Essex Police,-0.005178,51.686667,On or near Cornmill,E01021818,Epping Forest 009C,Vehicle crime,Investigation complete; no suspect identified,
454c0b84f851e504005eeed98a568f20d7efad61464981d84c9633c2ec694a05,2014-08,Essex Police,Essex Police,-0.004840,51.687786,On or near Romeland,E01021818,Epping Forest 009C,Vehicle crime,Investigation complete; no suspect identified,
90d93701a75fe0b56759ffdf71f1b3f9e12798f4652119107287b236cae6829a,2014-08,Essex Police,Essex Police,-0.003417,51.686575,On or near Leverton Way,E01021818,Epping Forest 009C,Violence and sexual offences,Under investigation,
4056be019ef73030e3432bf9b80eafbc620f24438356c3aac36eb5de26d70fbd,2014-08,Essex Police,Essex Police,-0.002165,51.686760,On or near Supermarket,E01021818,Epping Forest 009C,Violence and sexual offences,Local resolution,
,2014-08,Essex Police,Essex Police,0.122490,51.650923,On or near Pancroft,E01021770,Epping Forest 010A,Anti-social behaviour,,
,2014-08,Essex Police,Essex Police,0.123124,51.652126,On or near Sawyer'S Chase,E01021770,Epping Forest 010A,Anti-social behaviour,,
,2014-08,Essex Police,Essex Police,0.117349,51.651367,On or near Tree Close,E01021770,Epping Forest 010A,Anti-social behaviour,,
7bde38a175b9fbec874e05ffd00b75bd4b39a552ff4eeb6e982dc9fb66485b2b,2014-08,Essex Police,Essex Police,0.106748,51.646279,On or near Abridge Road,E01021770,Epping Forest 010A,Burglary,Under investigation,
292f5fd53f66c9f147f7c53ec00555aa84ab529b180b26d14cd68610ee1cbf8d,2014-08,Essex Police,Essex Police,0.122490,51.650923,On or near Pancroft,E01021770,Epping Forest 010A,Criminal damage and arson,Investigation complete; no suspect identified,
5421d95c3a9b54022e3acf23266d54983703e71c8501d1c74274f4e5a21fb0e4,2014-08,Essex Police,Essex Police,0.122490,51.650923,On or near Pancroft,E01021770,Epping Forest 010A,Criminal damage and arson,Under investigation,
75a641c83ac14338a01502d5095d8cbd87a3ae2f8e336db2129038f33b9bd6b6,2014-08,Essex Police,Essex Police,0.122131,51.653780,On or near Sports/Recreation Area,E01021770,Epping Forest 010A,Other theft,Unable to prosecute suspect,
d7075e5d2c4e8ec098e1dea39dd99bef0089da1b6f512dc7180774644ddf858d,2014-08,Essex Police,Essex Police,0.113273,51.648886,On or near Petrol Station,E01021770,Epping Forest 010A,Other theft,Under investigation,
211fe22f6358e6bc969eb4feba814d71c374c236b5f2c17eececc3da124a8e6d,2014-08,Essex Police,Essex Police,0.117991,51.650869,On or near Market Place,E01021770,Epping Forest 010A,Other theft,Under investigation,
777bbfa79a2214da4f94bff3666f47871d4d3b359ea4248074d393bf1ad1a355,2014-08,Essex Police,Essex Police,0.113273,51.648886,On or near Petrol Station,E01021770,Epping Forest 010A,Other theft,Under investigation,
0633387ecc284f440a1ee8ef71f5adadcf5e5fe83318c4040ffa5b975f6caa8f,2014-08,Essex Police,Essex Police,0.122490,51.650923,On or near Pancroft,E01021770,Epping Forest 010A,Vehicle crime,Unable to prosecute suspect,
150784b1fefc15c32ec2f398cb8bd48df9bbd4caf2a03b8f62ab7d3131c835b8,2014-08,Essex Police,Essex Police,0.135137,51.635811,On or near New Road,E01021770,Epping Forest 010A,Vehicle crime,Investigation complete; no suspect identified,
576e6ff495767a2744af42132b0f23937827873c1216dd9338a740b4ddd6e5e4,2014-08,Essex Police,Essex Police,0.122490,51.650923,On or near Pancroft,E01021770,Epping Forest 010A,Violence and sexual offences,Under investigation,
754da4f3a27e84d2adacb467f3ba302d4e69bbba9ce22679d1163bd859e6a871,2014-08,Essex Police,Essex Police,0.120833,51.649802,On or near Orchid Close,E01021770,Epping Forest 010A,Violence and sexual offences,Unable to prosecute suspect,
2090e6e1e11ccd642895f4aabb980d146940148a88fb5ddba515a70b0f947162,2014-08,Essex Police,Essex Police,0.122490,51.650923,On or near Pancroft,E01021770,Epping Forest 010A,Violence and sexual offences,Under investigation,
72e2e4b0e5af64050b4c28fb0429ac8b172a1a6b6242b94ea2ee7538e0d19cc1,2014-08,Essex Police,Essex Police,0.121287,51.650243,On or near Fir Trees,E01021770,Epping Forest 010A,Violence and sexual offences,Unable to prosecute suspect,
e0c24c99710ae6b045b35c17ca2ac3e6093da458f949db086063588d64a6875d,2014-08,Essex Police,Essex Police,0.101079,51.668403,On or near Green Glade,E01021803,Epping Forest 010B,Vehicle crime,Investigation complete; no suspect identified,
3bca1affee93fec179c92bdef268830071645c1f9098852a84ee1cfe681925b6,2014-08,Essex Police,Essex Police,0.102856,51.671806,On or near Parking Area,E01021804,Epping Forest 010C,Vehicle crime,Under investigation,
8f7185e80e39d9c53e02fa2d367d885fea20319333f5c08e65d7ec190c10e6c1,2014-08,Essex Police,Essex Police,0.108052,51.665661,On or near Park/Open Space,E01021804,Epping Forest 010C,Vehicle crime,Investigation complete; no suspect identified,
36d87226105ae479c6448f67d644d1109478a007f07a449e06f2c17d8fb4f240,2014-08,Essex Police,Essex Police,0.102856,51.671806,On or near Parking Area,E01021804,Epping Forest 010C,Vehicle crime,Investigation complete; no suspect identified,
a5a9b6ab565d731ba37ef21cbbd4628d11bf9d7b95f7e9e42278f87260fb5cfe,2014-08,Essex Police,Essex Police,0.096041,51.671101,On or near The Green,E01021804,Epping Forest 010C,Violence and sexual offences,Under investigation,
285846c7ee66890328fcf260ee5ce220970f4b2a7211a9ac26d09133a790a1f3,2014-08,Essex Police,Essex Police,0.102856,51.671806,On or near Parking Area,E01021804,Epping Forest 010C,Violence and sexual offences,Under investigation,
d7b32abaae8b4d306d189e2072559722d2be05d9b1eb77be85ee3e1cd822868f,2014-08,Essex Police,Essex Police,0.097438,51.686327,On or near Great Gregories Lane,E01021804,Epping Forest 010C,Violence and sexual offences,Unable to prosecute suspect,
cdbf0d40d47098bbd1404585fbf5c0ebbf41eb39490d762a5b6d6eafc8962bf3,2014-08,Essex Police,Essex Police,0.096410,51.669395,On or near Woburn Avenue,E01021804,Epping Forest 010C,Violence and sexual offences,Under investigation,
c84f1b961237f61dd535dce305060c98ebac80b9c70a39234a8b20ebef35e1d3,2014-08,Essex Police,Essex Police,0.102856,51.671806,On or near Parking Area,E01021804,Epping Forest 010C,Violence and sexual offences,Under investigation,
01e75ff640f4b5925d984b0c7993d38409b88c3ba3090d30851a228759542406,2014-08,Essex Police,Essex Police,0.096614,51.676306,On or near Woodland Way,E01021805,Epping Forest 010D,Bicycle theft,Under investigation,
898e3a1278de6f1392af08563fa49b52da36e07457785ac57403cac093ded0d5,2014-08,Essex Police,Essex Police,0.099116,51.672251,On or near Barnmead,E01021805,Epping Forest 010D,Burglary,Under investigation,
1d1c7b0db6f36251bad683b326fbd3095f609009ebe4c0032aa9ec6e29f704a1,2014-08,Essex Police,Essex Police,0.099116,51.672251,On or near Barnmead,E01021805,Epping Forest 010D,Vehicle crime,Under investigation,
6f667d52506bf10387656e8644d01e5a33e1249084e40a227c543c8c558bf915,2014-08,Essex Police,Essex Police,0.101185,51.674750,On or near The Weind,E01021805,Epping Forest 010D,Vehicle crime,Investigation complete; no suspect identified,
,2014-08,Essex Police,Essex Police,0.086295,51.658244,On or near Mowbrey Gardens,E01021774,Epping Forest 011A,Anti-social behaviour,,
,2014-08,Essex Police,Essex Police,0.086295,51.658244,On or near Mowbrey Gardens,E01021774,Epping Forest 011A,Anti-social behaviour,,
,2014-08,Essex Police,Essex Police,0.084484,51.658798,On or near Oak Tree Close,E01021774,Epping Forest 011A,Anti-social behaviour,,
,2014-08,Essex Police,Essex Police,0.088741,51.661123,On or near Sports/Recreation Area,E01021774,Epping Forest 011A,Anti-social behaviour,,
4a8305fc1388cc979182baa806217d7f52d48e4f4ea92e428698027394e0f0b8,2014-08,Essex Police,Essex Police,0.086722,51.657472,On or near Collard Green,E01021774,Epping Forest 011A,Burglary,Under investigation,
f9324c5a2d0fa795370be39066f4f687691a9a03e1818b5505da485676648d19,2014-08,Essex Police,Essex Police,0.085500,51.656982,On or near Jessel Drive,E01021774,Epping Forest 011A,Criminal damage and arson,Investigation complete; no suspect identified,
a6e0e25e1cda1e3fa270a2baa70745dc6d89b66568f3300e29a1162dab6795b8,2014-08,Essex Police,Essex Police,0.086622,51.661584,On or near Sports/Recreation Area,E01021774,Epping Forest 011A,Public order,Unable to prosecute suspect,
21f8a31a1c959e62ee6b8c7718ddbaedd49d014190618eb62e52a909e6692a47,2014-08,Essex Police,Essex Police,0.085500,51.656982,On or near Jessel Drive,E01021774,Epping Forest 011A,Robbery,Awaiting court outcome,
,2014-08,Essex Police,Essex Police,0.088947,51.655553,On or near Langley Meadow,E01021775,Epping Forest 011B,Anti-social behaviour,,
,2014-08,Essex Police,Essex Police,0.086266,51.649747,On or near Eversley Close,E01021775,Epping Forest 011B,Anti-social behaviour,,
,2014-08,Essex Police,Essex Police,0.088947,51.655553,On or near Langley Meadow,E01021775,Epping Forest 011B,Anti-social behaviour,,
,2014-08,Essex Police,Essex Police,0.088947,51.655553,On or near Langley Meadow,E01021775,Epping Forest 011B,Anti-social behaviour,,
,2014-08,Essex Police,Essex Police,0.088630,51.650532,On or near Austen Close,E01021775,Epping Forest 011B,Anti-social behaviour,,
,2014-08,Essex Police,Essex Police,0.088947,51.655553,On or near Langley Meadow,E01021775,Epping Forest 011B,Anti-social behaviour,,
,2014-08,Essex Police,Essex Police,0.086266,51.649747,On or near Eversley Close,E01021775,Epping Forest 011B,Anti-social behaviour,,
b96090ee7d13fbbfe2065181dabb97399c89b26be9127473672117de76b94057,2014-08,Essex Police,Essex Police,0.083474,51.651271,On or near Rochford Avenue,E01021775,Epping Forest 011B,Burglary,Under investigation,
374885cd68e29d1cbaaf1924fc99a51dc857b08d3773ba588048ca90e8f6b241,2014-08,Essex Police,Essex Police,0.082704,51.652148,On or near Etheridge Green,E01021775,Epping Forest 011B,Burglary,Investigation complete; no suspect identified,
1f1ddb803ffe22b8a3f5bb9c0f335608fe2884030ee69c996d9b9f5d443c7e9f,2014-08,Essex Police,Essex Police,0.093395,51.647588,On or near Sports/Recreation Area,E01021775,Epping Forest 011B,Burglary,Under investigation,
f9b17d3e2e9baa5584b3fb61786511e43a443af28a81644a8a4f546d9af5cbde,2014-08,Essex Police,Essex Police,0.088947,51.655553,On or near Langley Meadow,E01021775,Epping Forest 011B,Drugs,Under investigation,
57a089c8301739fb3356aa8cd25eead590a7e7ef33a656f50822e9bef7e1ad13,2014-08,Essex Police,Essex Police,0.088947,51.655553,On or near Langley Meadow,E01021775,Epping Forest 011B,Other theft,Investigation complete; no suspect identified,
1052b3cc27d6282b2365f1b85804f3043702e912363a4becdd63653cefa6bf9d,2014-08,Essex Police,Essex Police,0.087603,51.654615,On or near Willingale Road,E01021775,Epping Forest 011B,Vehicle crime,Under investigation,
abad168b8c0993bcf37edab42635926b874088c8299311823cabcf0190fdbcab,2014-08,Essex Police,Essex Police,0.087744,51.656744,On or near Audley Gardens,E01021775,Epping Forest 011B,Violence and sexual offences,Under investigation,
,2014-08,Essex Police,Essex Police,0.082125,51.646763,On or near Petrol Station,E01021776,Epping Forest 011C,Anti-social behaviour,,
,2014-08,Essex Police,Essex Police,0.084622,51.646053,On or near Parking Area,E01021776,Epping Forest 011C,Anti-social behaviour,,
,2014-08,Essex Police,Essex Police,0.084622,51.646053,On or near Parking Area,E01021776,Epping Forest 011C,Anti-social behaviour,,
,2014-08,Essex Police,Essex Police,0.084945,51.647729,On or near Parking Area,E01021776,Epping Forest 011C,Anti-social behaviour,,
,2014-08,Essex Police,Essex Police,0.082836,51.647128,On or near Supermarket,E01021776,Epping Forest 011C,Anti-social behaviour,,
,2014-08,Essex Police,Essex Police,0.082224,51.649549,On or near Doubleday Road,E01021776,Epping Forest 011C,Anti-social behaviour,,
,2014-08,Essex Police,Essex Police,0.080234,51.650286,On or near Paley Gardens,E01021776,Epping Forest 011C,Anti-social behaviour,,
,2014-08,Essex Police,Essex Police,0.088035,51.646082,On or near Lenthall Road,E01021776,Epping Forest 011C,Anti-social behaviour,,
,2014-08,Essex Police,Essex Police,0.088681,51.649758,On or near Kingsley Road,E01021776,Epping Forest 011C,Anti-social behaviour,,
,2014-08,Essex Police,Essex Police,0.082125,51.646763,On or near Petrol Station,E01021776,Epping Forest 011C,Anti-social behaviour,,
d7be0fcfb3b84e4658a4a58f06926d195f29d43a7c9176f50cb52b458eea7118,2014-08,Essex Police,Essex Police,0.084945,51.647729,On or near Parking Area,E01021776,Epping Forest 011C,Burglary,Investigation complete; no suspect identified,
792a399a3bbf60287695ac60674d2b4cef1efdd58b734a6147b0eb9878749872,2014-08,Essex Police,Essex Police,0.079667,51.649576,On or near Ibbetson Path,E01021776,Epping Forest 011C,Criminal damage and arson,Investigation complete; no suspect identified,
9a4756c542f72e67fa11cd35ff28e581bb24bb1a50f4a85417e874b147d0f97d,2014-08,Essex Police,Essex Police,0.083999,51.647287,On or near Parking Area,E01021776,Epping Forest 011C,Criminal damage and arson,Under investigation,
51f3b143ea92f9b54c766da84df689d22b4db14b1eff42f3311abdad70437d40,2014-08,Essex Police,Essex Police,0.082125,51.646763,On or near Petrol Station,E01021776,Epping Forest 011C,Other theft,Under investigation,
c2e429a15e2d8f3964fcfd0af5cf3d973f818178f0c8f8c4650d849bad54876a,2014-08,Essex Police,Essex Police,0.082125,51.646763,On or near Petrol Station,E01021776,Epping Forest 011C,Other theft,Investigation complete; no suspect identified,
e3e918ddcd38f7e519e78ccf69ae124409a178d344bf3650f65c93804f5b3c0b,2014-08,Essex Police,Essex Police,0.082125,51.646763,On or near Petrol Station,E01021776,Epping Forest 011C,Other theft,Under investigation,
1cd4731857ee54601080fa7df09b552899e6aa27383a0ea66f1f5281ecd85bea,2014-08,Essex Police,Essex Police,0.082125,51.646763,On or near Petrol Station,E01021776,Epping Forest 011C,Shoplifting,Awaiting court outcome,
b278b5bcd15c579ac56051adae2e96c08bb583d026e7df7422739f924a4f7aa0,2014-08,Essex Police,Essex Police,0.083999,51.647287,On or near Parking Area,E01021776,Epping Forest 011C,Theft from the person,Under investigation,
f8e37eac6b481a7560a4f5eeb288cb69787f7f95e944dcf5b3f7dd5b43110f8c,2014-08,Essex Police,Essex Police,0.085172,51.648588,On or near The Broadway,E01021776,Epping Forest 011C,Theft from the person,Investigation complete; no suspect identified,
26ad0011bc02c9ffdac6d5a06dba84c0945f5d98d0eeb746a886e00474e4020a,2014-08,Essex Police,Essex Police,0.080234,51.650286,On or near Paley Gardens,E01021776,Epping Forest 011C,Vehicle crime,Investigation complete; no suspect identified,
744e3aa880089cf2296ed767ff36bb903dbc59cbb442211f2b8a370e5fef20d2,2014-08,Essex Police,Essex Police,0.084622,51.646053,On or near Parking Area,E01021776,Epping Forest 011C,Vehicle crime,Investigation complete; no suspect identified,
2c1e93c6d05cc0126c9ce72708e3e1e0a526cc293e9fee3a8a5f5bbc7c6309be,2014-08,Essex Police,Essex Police,0.086889,51.648207,On or near Torrington Gardens,E01021776,Epping Forest 011C,Vehicle crime,Investigation complete; no suspect identified,
6038b32ebc73a4f5272db4c10e1500858169655832bd6f92253c196c7c0694bb,2014-08,Essex Police,Essex Police,0.089532,51.645957,On or near Langston Road,E01021776,Epping Forest 011C,Violence and sexual offences,Unable to prosecute suspect,
9d71de55569e2f408537f9b401300a7012094b3320538c0581dec9136386fe66,2014-08,Essex Police,Essex Police,0.085172,51.648588,On or near The Broadway,E01021776,Epping Forest 011C,Violence and sexual offences,Under investigation,
d1b6df14e633b642fbadda58249799900912f7ce93231c0efa738a8adf4e612f,2014-08,Essex Police,Essex Police,0.080234,51.650286,On or near Paley Gardens,E01021776,Epping Forest 011C,Violence and sexual offences,Under investigation,
,2014-08,Essex Police,Essex Police,0.082504,51.659454,On or near Castell Road,E01021777,Epping Forest 011D,Anti-social behaviour,,
,2014-08,Essex Police,Essex Police,0.080999,51.656261,On or near Brady Avenue,E01021777,Epping Forest 011D,Anti-social behaviour,,
,2014-08,Essex Police,Essex Police,0.081240,51.658991,On or near Chester Green,E01021777,Epping Forest 011D,Anti-social behaviour,,
35d572483b8b3a0019a794363b12cea9a64109e78d6ca1ad25883628edf41827,2014-08,Essex Police,Essex Police,0.079027,51.658346,On or near Chandler Road,E01021777,Epping Forest 011D,Burglary,Investigation complete; no suspect identified,
e90531450512c80dd794d00079f8b6b84eedfc62a211c911f873a236b4f56868,2014-08,Essex Police,Essex Police,0.080772,51.658882,On or near Chester Road,E01021777,Epping Forest 011D,Drugs,Offender given a drugs possession warning,
1ace272da75d0e820a74ec7d4767d44fc9eaf52b7dca30837f27fdf881493c0b,2014-08,Essex Police,Essex Police,0.077815,51.656812,On or near Droveway,E01021777,Epping Forest 011D,Public order,Under investigation,
efb540887218cf6ba16f4dc5d3efba247d4a7d040587b8efb4d7c3c01b8f02c2,2014-08,Essex Police,Essex Police,0.080999,51.656261,On or near Brady Avenue,E01021777,Epping Forest 011D,Vehicle crime,Investigation complete; no suspect identified,
e308dc9efca104900421bcf9ad7ad78a48df902a3890aca426e465b3a8b6deaa,2014-08,Essex Police,Essex Police,0.082504,51.659454,On or near Castell Road,E01021777,Epping Forest 011D,Violence and sexual offences,Unable to prosecute suspect,
ed6d52cab0cefaf89161b7998b6c4e85fadb291368cb6aa1ac7b1d7523f18df0,2014-08,Essex Police,Essex Police,0.082504,51.659454,On or near Castell Road,E01021777,Epping Forest 011D,Violence and sexual offences,Unable to prosecute suspect,
,2014-08,Essex Police,Essex Police,0.077634,51.653821,On or near Cedar Drive,E01021778,Epping Forest 011E,Anti-social behaviour,,
,2014-08,Essex Police,Essex Police,0.078146,51.652040,On or near Harvey Gardens,E01021778,Epping Forest 011E,Anti-social behaviour,,
,2014-08,Essex Police,Essex Police,0.080654,51.652202,On or near Prescott Green,E01021778,Epping Forest 011E,Anti-social behaviour,,
,2014-08,Essex Police,Essex Police,0.079588,51.655441,On or near Colebrook Gardens,E01021778,Epping Forest 011E,Anti-social behaviour,,
,2014-08,Essex Police,Essex Police,0.081403,51.652774,On or near Etheridge Road,E01021778,Epping Forest 011E,Anti-social behaviour,,
,2014-08,Essex Police,Essex Police,0.078146,51.652040,On or near Harvey Gardens,E01021778,Epping Forest 011E,Anti-social behaviour,,
4dbc532d6c8f14232a42513c3a1a2ca7c1c59610fe0cce9a24a8efb42a70a768,2014-08,Essex Police,Essex Police,0.078146,51.652040,On or near Harvey Gardens,E01021778,Epping Forest 011E,Burglary,Under investigation,
cc7ca27cf3f590aee4e359f4fe19f715a615ea6c8581d906867c74a0f75a06df,2014-08,Essex Police,Essex Police,0.077634,51.653821,On or near Cedar Drive,E01021778,Epping Forest 011E,Criminal damage and arson,Investigation complete; no suspect identified,
e0aa0e3258ec6f449a894e087b11838a63dafdafaf1cc784e0ce19719f2bf8bb,2014-08,Essex Police,Essex Police,0.081403,51.652774,On or near Etheridge Road,E01021778,Epping Forest 011E,Criminal damage and arson,Investigation complete; no suspect identified,
4bfda4884730c605267023760513ff1cc6161c608cdfa9a387e5ef55f8d8c589,2014-08,Essex Police,Essex Police,0.081403,51.652774,On or near Etheridge Road,E01021778,Epping Forest 011E,Criminal damage and arson,Investigation complete; no suspect identified,
5fb0ef9f77f73115c95ac610e365086cca8b6a15df1e838e2b80c0b967034af0,2014-08,Essex Police,Essex Police,0.076310,51.654258,On or near Mead Close,E01021778,Epping Forest 011E,Criminal damage and arson,Investigation complete; no suspect identified,
6e3d2c60619b50a609809c292eaa1e8812b9fb1dd8b9101adefbf9aa13beee98,2014-08,Essex Police,Essex Police,0.078146,51.652040,On or near Harvey Gardens,E01021778,Epping Forest 011E,Drugs,Under investigation,
06b6d6880d147b1fa9d6441517484be7f30284af2d154715519bda9dbb18c5e9,2014-08,Essex Police,Essex Police,0.079501,51.653545,On or near Foxley Close,E01021778,Epping Forest 011E,Public order,Unable to prosecute suspect,
a9c368e71611b3e07469ce752fc7fc0937e2c9b939892834c89328f78268375a,2014-08,Essex Police,Essex Police,0.076393,51.652278,On or near Lawton Road,E01021778,Epping Forest 011E,Robbery,Under investigation,
689a3d59c7ab36c9a73200fc3a2d385dc826756ae5fee2ecf1c52d45d6c5774d,2014-08,Essex Police,Essex Police,0.081619,51.654335,On or near Hanson Close,E01021778,Epping Forest 011E,Vehicle crime,Investigation complete; no suspect identified,
ab530570658ff00b64439ea74d91337fb5db836a0611c2f79da8eaaeeff3d334,2014-08,Essex Police,Essex Police,0.076310,51.654258,On or near Mead Close,E01021778,Epping Forest 011E,Violence and sexual offences,Under investigation,
7326a6ccc92879e374b00898c2841d76afc7f16df5f688e5bbaeb1753ea232a9,2014-08,Essex Police,Essex Police,0.081403,51.652774,On or near Etheridge Road,E01021778,Epping Forest 011E,Violence and sexual offences,Under investigation,
,2014-08,Essex Police,Essex Police,0.069351,51.656683,On or near The Croft,E01021779,Epping Forest 011F,Anti-social behaviour,,
,2014-08,Essex Police,Essex Police,0.076258,51.656282,On or near Pyrles Lane,E01021779,Epping Forest 011F,Anti-social behaviour,,
,2014-08,Essex Police,Essex Police,0.072575,51.656365,On or near Hillyfields,E01021779,Epping Forest 011F,Anti-social behaviour,,
84eb50fa80766cbfcc5c8cfcd3e74f0e33b055eca79f22627d5a4c488e567047,2014-08,Essex Police,Essex Police,0.071462,51.656996,On or near Hillcroft,E01021779,Epping Forest 011F,Burglary,Under investigation,
1c05ce34751c70d465692bfb89bb87856fc81254e34f0abf173e40eeffe1c841,2014-08,Essex Police,Essex Police,0.069351,51.656683,On or near The Croft,E01021779,Epping Forest 011F,Criminal damage and arson,Investigation complete; no suspect identified,
68fef7ae386d4fe6a0b1a3bd2d16ac7c8f30bf12efc930dd4102ab4b006a3721,2014-08,Essex Police,Essex Police,0.078086,51.655800,On or near Swanshope,E01021779,Epping Forest 011F,Drugs,Under investigation,
a84904c5ae6b2f806b3083e12d62c1dce87f08cb33a674a2bd6b02b38efc3108,2014-08,Essex Police,Essex Police,0.069351,51.656683,On or near The Croft,E01021779,Epping Forest 011F,Violence and sexual offences,Unable to prosecute suspect,
04fc511f1e74262cdc99f6ee4adf5589a3b34c3bd7fa68b68b111c836a8ed213,2014-08,Essex Police,Essex Police,0.078086,51.655800,On or near Swanshope,E01021779,Epping Forest 011F,Violence and sexual offences,Unable to prosecute suspect,
37051dba739c6037cef37197216f750c6b4dc454fa7fa28c04be6d33fb63632d,2014-08,Essex Police,Essex Police,0.066872,51.656861,On or near Rectory Court,E01021786,Epping Forest 012A,Burglary,Investigation complete; no suspect identified,
513b001e62ca34e5e02a8829712239bbea4c2695cdd086d7c6fe46864fa7f1f8,2014-08,Essex Police,Essex Police,0.064949,51.656535,On or near Millsmead Way,E01021786,Epping Forest 012A,Burglary,Under investigation,
f7d356a088becabc3a661f50bd422c9498a44464353864d82cf87b5175e21bd8,2014-08,Essex Police,Essex Police,0.064949,51.656535,On or near Millsmead Way,E01021786,Epping Forest 012A,Public order,Unable to prosecute suspect,
8e9af13650df4420a104db2c263a11d3fd521fd72b82f8a7fd500d7d8c581514,2014-08,Essex Police,Essex Police,0.070787,51.654571,On or near Rectory Lane,E01021786,Epping Forest 012A,Vehicle crime,Investigation complete; no suspect identified,
8de279eb39c2242cd5def42d849eae95692f8c19fe6f1605e25f738c8b47cca9,2014-08,Essex Police,Essex Police,0.070787,51.654571,On or near Rectory Lane,E01021786,Epping Forest 012A,Violence and sexual offences,Awaiting court outcome,
bd24f4d076b06359f406ba8b6fbf9fc92777ecb41aa2fea9e8442875da945c48,2014-08,Essex Police,Essex Police,0.066747,51.654435,On or near Marjorams Avenue,E01021786,Epping Forest 012A,Violence and sexual offences,Under investigation,
,2014-08,Essex Police,Essex Police,0.059143,51.652843,On or near Queens Road,E01021787,Epping Forest 012B,Anti-social behaviour,,
,2014-08,Essex Police,Essex Police,0.041707,51.658614,On or near Epping New Road,E01021787,Epping Forest 012B,Anti-social behaviour,,
,2014-08,Essex Police,Essex Police,0.065910,51.654783,On or near Petrol Station,E01021787,Epping Forest 012B,Anti-social behaviour,,
dcedc355dcebc36cd6d1839004f69cf2afb53b838be2c9974b6ed6fc304fbce1,2014-08,Essex Police,Essex Police,0.065910,51.654783,On or near Petrol Station,E01021787,Epping Forest 012B,Other theft,Under investigation,
6f33bca326f1683312d85123ed3ac0ff43ded8de090ee4aca9475b05358174cb,2014-08,Essex Police,Essex Police,0.065910,51.654783,On or near Petrol Station,E01021787,Epping Forest 012B,Other theft,Under investigation,
022bd148aac1639127f8f49d136f8afec5f5f26740dadfba37450cbad3bf66fb,2014-08,Essex Police,Essex Police,0.065910,51.654783,On or near Petrol Station,E01021787,Epping Forest 012B,Other theft,Under investigation,
55908d53db496c33b4547b2c7fb807e1b3a5d4d227c9e7adea238d894fca0dfe,2014-08,Essex Police,Essex Police,0.065910,51.654783,On or near Petrol Station,E01021787,Epping Forest 012B,Other theft,Under investigation,
767db9b175960ddb4d413de2747f767d4e5029a3b6f3368e84a0713e8ecf3b71,2014-08,Essex Police,Essex Police,0.065910,51.654783,On or near Petrol Station,E01021787,Epping Forest 012B,Other theft,Under investigation,
dc9ea98686570b4f493ea90a5a9a354cef62a4f7129f991c195f0bb5f888e1d9,2014-08,Essex Police,Essex Police,0.041707,51.658614,On or near Epping New Road,E01021787,Epping Forest 012B,Public order,Under investigation,
6260d43cccead8bfd54f990244b382da682c4807e8ee9cb23a51df77a233abe1,2014-08,Essex Police,Essex Police,0.058148,51.650666,On or near King'S Green,E01021787,Epping Forest 012B,Vehicle crime,Investigation complete; no suspect identified,
094ce26e23df8760d2055f1bdc6a81f885abfcd5f2a538f25a4f4da783cc5039,2014-08,Essex Police,Essex Police,0.064171,51.654373,On or near Church Close,E01021787,Epping Forest 012B,Violence and sexual offences,Offender given a caution,
,2014-08,Essex Police,Essex Police,0.073055,51.658326,On or near Coles Green,E01021788,Epping Forest 012C,Anti-social behaviour,,
,2014-08,Essex Police,Essex Police,0.073055,51.658326,On or near Coles Green,E01021788,Epping Forest 012C,Anti-social behaviour,,
,2014-08,Essex Police,Essex Police,0.073055,51.658326,On or near Coles Green,E01021788,Epping Forest 012C,Anti-social behaviour,,
,2014-08,Essex Police,Essex Police,0.073055,51.658326,On or near Coles Green,E01021788,Epping Forest 012C,Anti-social behaviour,,
,2014-08,Essex Police,Essex Police,0.073055,51.658326,On or near Coles Green,E01021788,Epping Forest 012C,Anti-social behaviour,,
,2014-08,Essex Police,Essex Police,0.077775,51.664169,On or near Debden Road,E01021788,Epping Forest 012C,Anti-social behaviour,,
,2014-08,Essex Police,Essex Police,0.077775,51.664169,On or near Debden Road,E01021788,Epping Forest 012C,Anti-social behaviour,,
99823a2094730b7eea62bd19ddac5e52829917f1bba43df1954ca99550911beb,2014-08,Essex Police,Essex Police,0.073055,51.658326,On or near Coles Green,E01021788,Epping Forest 012C,Burglary,Under investigation,
6d848ad28988260bce54279f593769b30579257ccbbcb567d727ab1fcb183cb1,2014-08,Essex Police,Essex Police,0.068359,51.664110,On or near Broadstrood,E01021788,Epping Forest 012C,Other theft,Under investigation,
1e539411f26651cb2e79781c5e40fd77f4e353289b3fa19b25b7444fa4481ca5,2014-08,Essex Police,Essex Police,0.077775,51.664169,On or near Debden Road,E01021788,Epping Forest 012C,Other theft,Investigation complete; no suspect identified,
961f5941fb1260dbcdb1447cdd1ebc62bb7726bde68d80cc256556ec35ce4df2,2014-08,Essex Police,Essex Police,0.073055,51.658326,On or near Coles Green,E01021788,Epping Forest 012C,Vehicle crime,Under investigation,
d2b26dce3262d97d0b5f702d463ebf4e4581531a122636b7e7f5c85901fcb1dc,2014-08,Essex Police,Essex Police,0.065847,51.661025,On or near The Summit,E01021788,Epping Forest 012C,Vehicle crime,Investigation complete; no suspect identified,
adae0121130e201b5949d6455a175c67c9994f9d6362fcb1827442015e6baf99,2014-08,Essex Police,Essex Police,0.066614,51.662630,On or near Garden Way,E01021788,Epping Forest 012C,Vehicle crime,Under investigation,
c8a6d5bb207d9a668f10b3b6e6a6357ba4a911b4f30ae70661d2a6e5612bc5a2,2014-08,Essex Police,Essex Police,0.068359,51.664110,On or near Broadstrood,E01021788,Epping Forest 012C,Vehicle crime,Investigation complete; no suspect identified,
,2014-08,Essex Police,Essex Police,0.059767,51.646528,On or near Shelley Grove,E01021789,Epping Forest 012D,Anti-social behaviour,,
,2014-08,Essex Police,Essex Police,0.064383,51.651078,On or near Carroll Hill,E01021789,Epping Forest 012D,Anti-social behaviour,,
7e1fae6303e241f134e35994e7822c7e73d5c0b7c0f077766aaf85f6cf8734f4,2014-08,Essex Police,Essex Police,0.062295,51.653165,On or near Church Hill,E01021789,Epping Forest 012D,Burglary,Investigation complete; no suspect identified,
236293a1ea5cdcfcc0a87505adae4c9678154401a6a0685d3dd1677875dbd596,2014-08,Essex Police,Essex Police,0.058015,51.649958,On or near Sports/Recreation Area,E01021789,Epping Forest 012D,Burglary,Investigation complete; no suspect identified,
8c42c138298e5be20457e49cae5ecb7ff0b228191ab34b93bddf730700b879c7,2014-08,Essex Police,Essex Police,0.062295,51.653165,On or near Church Hill,E01021789,Epping Forest 012D,Burglary,Under investigation,
b6258badc61ba41e36264347d32a7ecb89cb6648dacb83570e35bdd517a3b391,2014-08,Essex Police,Essex Police,0.058015,51.649958,On or near Sports/Recreation Area,E01021789,Epping Forest 012D,Criminal damage and arson,Under investigation,
58fa15c58434089ee087bd9c9572ee616141164c1fad53d3fdeaed3055077257,2014-08,Essex Police,Essex Police,0.061418,51.644035,On or near Alderton Hill,E01021789,Epping Forest 012D,Drugs,Under investigation,
b32941deff052efa0a06fa39e1321af82f5856ee51391957b428e8f219f1ae1e,2014-08,Essex Police,Essex Police,0.062005,51.646156,On or near Spareleaze Hill,E01021789,Epping Forest 012D,Vehicle crime,Under investigation,
a2500fc4614909f1448c1dba6abc7be4dbe865dbbf447faa473b4731f3214921,2014-08,Essex Police,Essex Police,0.065865,51.649343,On or near Elmores,E01021789,Epping Forest 012D,Violence and sexual offences,Under investigation,
,2014-08,Essex Police,Essex Police,0.073345,51.650425,On or near Newmans Lane,E01021790,Epping Forest 012E,Anti-social behaviour,,
,2014-08,Essex Police,Essex Police,0.070978,51.650512,On or near Whitehills Road,E01021790,Epping Forest 012E,Anti-social behaviour,,
,2014-08,Essex Police,Essex Police,0.075885,51.650974,On or near Newpiece,E01021790,Epping Forest 012E,Anti-social behaviour,,
,2014-08,Essex Police,Essex Police,0.074436,51.648671,On or near College Close,E01021790,Epping Forest 012E,Anti-social behaviour,,
,2014-08,Essex Police,Essex Police,0.069195,51.648808,On or near St Nicholas Place,E01021790,Epping Forest 012E,Anti-social behaviour,,
,2014-08,Essex Police,Essex Police,0.075885,51.650974,On or near Newpiece,E01021790,Epping Forest 012E,Anti-social behaviour,,
4cde7ac8dc25f066a13089914e0c214638d86078396dd575a6ee363ff81c9ee0,2014-08,Essex Police,Essex Police,0.074436,51.648671,On or near College Close,E01021790,Epping Forest 012E,Burglary,Under investigation,
52479509cd5d709686886faf8ff3d79e10ee71fc85ffb2838901f52b1209dea3,2014-08,Essex Police,Essex Police,0.074436,51.648671,On or near College Close,E01021790,Epping Forest 012E,Other theft,Under investigation,
1bbcde7c39df140e406784803d73012cbe0a6340ff55b10941e2bf81cfe86093,2014-08,Essex Police,Essex Police,0.074467,51.649362,On or near The Square,E01021790,Epping Forest 012E,Vehicle crime,Investigation complete; no suspect identified,
2c612b076309904c9cb70c51bc2d98d5f68ca4a149b8100a1d2317206316688c,2014-08,Essex Police,Essex Police,0.074369,51.650066,On or near Abbess Terrace,E01021790,Epping Forest 012E,Violence and sexual offences,Under investigation,
,2014-08,Essex Police,Essex Police,0.051140,51.650087,On or near Shaftesbury,E01021791,Epping Forest 012F,Anti-social behaviour,,
,2014-08,Essex Police,Essex Police,0.055328,51.648719,On or near Parking Area,E01021791,Epping Forest 012F,Anti-social behaviour,,
,2014-08,Essex Police,Essex Police,0.053993,51.644444,On or near Station Road,E01021791,Epping Forest 012F,Anti-social behaviour,,
b7cc99f7422002f4f25a21b237d832338faaf0b324c34ff7dd761d4f83b194f9,2014-08,Essex Police,Essex Police,0.054196,51.647669,On or near Clifton Road,E01021791,Epping Forest 012F,Burglary,Investigation complete; no suspect identified,
36d098261ccd0f510cf31d58e64c42b342d260c96e88a4987ed54d9f8bb3d967,2014-08,Essex Police,Essex Police,0.056248,51.647021,On or near Priory Road,E01021791,Epping Forest 012F,Burglary,Under investigation,
0166a8a76b1396775c2cf316ca565ae197ef8efb9c04a42e1a777944ada19c3d,2014-08,Essex Police,Essex Police,0.055877,51.642324,On or near Sports/Recreation Area,E01021791,Epping Forest 012F,Burglary,Under investigation,
6ff22c100243ad060479367d5385eecc5e6f92132b8bb00f96b38f25b8369bf0,2014-08,Essex Police,Essex Police,0.055328,51.648719,On or near Parking Area,E01021791,Epping Forest 012F,Other theft,Under investigation,
ac4104a87b3e48975f4e58404e4bd64dc51176cc5ca8ab0bf5c572ccd389727d,2014-08,Essex Police,Essex Police,0.057030,51.649274,On or near High Road,E01021791,Epping Forest 012F,Public order,Under investigation,
86e071ac4176a8e02524c9e4393b738a92b838d0af1e45acff82250af6a008b7,2014-08,Essex Police,Essex Police,0.055328,51.648719,On or near Parking Area,E01021791,Epping Forest 012F,Public order,Under investigation,
cc6faedab931cbc720bab5ab4fe6d977fa970da2d33b10a5485febf98d975256,2014-08,Essex Police,Essex Police,0.054196,51.647669,On or near Clifton Road,E01021791,Epping Forest 012F,Shoplifting,Investigation complete; no suspect identified,
7a261a95fac37712f21dc8a0624418f1e53713a34bf8a306df78d3ac436e73c0,2014-08,Essex Police,Essex Police,0.054196,51.647669,On or near Clifton Road,E01021791,Epping Forest 012F,Shoplifting,Under investigation,
9a74d6336e09608a17d248b88e7859b313daab3c68e345a3700f486f38a8863d,2014-08,Essex Police,Essex Police,0.054196,51.647669,On or near Clifton Road,E01021791,Epping Forest 012F,Shoplifting,Awaiting court outcome,
147c518063a971bcf2457cf30ba67231348b875a77d122fae6461a5025bc5dcc,2014-08,Essex Police,Essex Police,0.055328,51.648719,On or near Parking Area,E01021791,Epping Forest 012F,Shoplifting,Under investigation,
f9249db4d8d5df5870778192c31a789558f0d1cdce319c303d0a3f0d232bb5f8,2014-08,Essex Police,Essex Police,0.054196,51.647669,On or near Clifton Road,E01021791,Epping Forest 012F,Shoplifting,Investigation complete; no suspect identified,
5691f740d495c465559ccbf4db87b913133fbd95434ac0dd796c9c9392c616f1,2014-08,Essex Police,Essex Police,0.055328,51.648719,On or near Parking Area,E01021791,Epping Forest 012F,Shoplifting,Awaiting court outcome,
3d115253b2f37b5835ee6c0a2ea1a62f7817b9188d87655447a27b96f0113307,2014-08,Essex Police,Essex Police,0.055328,51.648719,On or near Parking Area,E01021791,Epping Forest 012F,Shoplifting,Under investigation,
e4ec74d26b7547d61bcaf3bb285d1816ecacc1e8fa3bd1f01dbfd157c7dec772,2014-08,Essex Police,Essex Police,0.055877,51.642324,On or near Sports/Recreation Area,E01021791,Epping Forest 012F,Violence and sexual offences,Awaiting court outcome,
ef4c1007944182d36bf940a807419b26c94db1cd556cecc303e59622706dc742,2014-08,Essex Police,Essex Police,0.056248,51.647021,On or near Priory Road,E01021791,Epping Forest 012F,Violence and sexual offences,Under investigation,
97bb8fbd69b4ae130775353e9f86865b402c104367818f159f00c5f4995a07ec,2014-08,Essex Police,Essex Police,0.055877,51.642324,On or near Sports/Recreation Area,E01021791,Epping Forest 012F,Violence and sexual offences,Investigation complete; no suspect identified,
c7d616db9799dffcc32d4e2029d837317bc1422df2fb85c0f84d97ecfa967790,2014-08,Essex Police,Essex Police,0.051140,51.650087,On or near Shaftesbury,E01021791,Epping Forest 012F,Violence and sexual offences,Unable to prosecute suspect,
,2014-08,Essex Police,Essex Police,0.072310,51.642000,On or near Longcroft Rise,E01021771,Epping Forest 013A,Anti-social behaviour,,
,2014-08,Essex Police,Essex Police,0.074693,51.641337,On or near Marlescroft Way,E01021771,Epping Forest 013A,Anti-social behaviour,,
,2014-08,Essex Police,Essex Police,0.072179,51.640069,On or near Highwood Lane,E01021771,Epping Forest 013A,Anti-social behaviour,,
,2014-08,Essex Police,Essex Police,0.072177,51.642254,On or near Oakwood Hill,E01021771,Epping Forest 013A,Anti-social behaviour,,
,2014-08,Essex Police,Essex Police,0.072177,51.642254,On or near Oakwood Hill,E01021771,Epping Forest 013A,Anti-social behaviour,,
,2014-08,Essex Police,Essex Police,0.074693,51.641337,On or near Marlescroft Way,E01021771,Epping Forest 013A,Anti-social behaviour,,
,2014-08,Essex Police,Essex Police,0.072034,51.641015,On or near Monksgrove,E01021771,Epping Forest 013A,Anti-social behaviour,,
,2014-08,Essex Police,Essex Police,0.072310,51.642000,On or near Longcroft Rise,E01021771,Epping Forest 013A,Anti-social behaviour,,
,2014-08,Essex Police,Essex Police,0.072310,51.642000,On or near Longcroft Rise,E01021771,Epping Forest 013A,Anti-social behaviour,,
,2014-08,Essex Police,Essex Police,0.072192,51.643845,On or near Bushfields,E01021771,Epping Forest 013A,Anti-social behaviour,,
,2014-08,Essex Police,Essex Police,0.072177,51.642254,On or near Oakwood Hill,E01021771,Epping Forest 013A,Anti-social behaviour,,
ef392a1041eb548ad46db70a7ea7fa9db0dff0d40a61e0b9ccb39c554f65146b,2014-08,Essex Police,Essex Police,0.069748,51.641595,On or near Lower Alderton Hall Lane,E01021771,Epping Forest 013A,Burglary,Under investigation,
94c96a567757ff3d19e20ec9884aa5e3b9ef75e960278bf3997d4757eabbe2e2,2014-08,Essex Police,Essex Police,0.072177,51.642254,On or near Oakwood Hill,E01021771,Epping Forest 013A,Burglary,Under investigation,
9b6b4f7530e24b173bcd08a60d07a331c5a8b12bf83f037e797817e1f5ea6cf6,2014-08,Essex Police,Essex Police,0.072177,51.642254,On or near Oakwood Hill,E01021771,Epping Forest 013A,Burglary,Under investigation,
957cdb6430ecfa2a22e991584d525813c85b0ce85d2b207dd43ee46510a6489f,2014-08,Essex Police,Essex Police,0.069748,51.641595,On or near Lower Alderton Hall Lane,E01021771,Epping Forest 013A,Criminal damage and arson,Investigation complete; no suspect identified,
70cf3fd15dd9df6a93ac192948e3e63c4053add5e0274c8f8c49b8e6b88cc294,2014-08,Essex Police,Essex Police,0.069748,51.641595,On or near Lower Alderton Hall Lane,E01021771,Epping Forest 013A,Criminal damage and arson,Investigation complete; no suspect identified,
d5ffaa8c5ce6e75a7b85d5d648d2a1d4a429ea78af1a12adefa22336db72392b,2014-08,Essex Police,Essex Police,0.074693,51.641337,On or near Marlescroft Way,E01021771,Epping Forest 013A,Other theft,Unable to prosecute suspect,
62e90875e703c8c926ca73dbc0b3a044357d7341c483bb5cef364bd0ff171bb7,2014-08,Essex Police,Essex Police,0.069748,51.641595,On or near Lower Alderton Hall Lane,E01021771,Epping Forest 013A,Robbery,Under investigation,
39c709c3dbb04a250edb068525bb7f916de576e2fc2deb740a6e0e0caec4326c,2014-08,Essex Police,Essex Police,0.072177,51.642254,On or near Oakwood Hill,E01021771,Epping Forest 013A,Vehicle crime,Unable to prosecute suspect,
afba3ed0af8aee1e0cb6d3714a63d26d43d4f9a14a662038def89942c6b7b431,2014-08,Essex Police,Essex Police,0.072034,51.641015,On or near Monksgrove,E01021771,Epping Forest 013A,Violence and sexual offences,Unable to prosecute suspect,
,2014-08,Essex Police,Essex Police,0.072078,51.647687,On or near Colson Path,E01021772,Epping Forest 013B,Anti-social behaviour,,
,2014-08,Essex Police,Essex Police,0.065217,51.643662,On or near The Lindens,E01021772,Epping Forest 013B,Anti-social behaviour,,
,2014-08,Essex Police,Essex Police,0.072078,51.647687,On or near Colson Path,E01021772,Epping Forest 013B,Anti-social behaviour,,
,2014-08,Essex Police,Essex Police,0.065217,51.643662,On or near The Lindens,E01021772,Epping Forest 013B,Anti-social behaviour,,
9900785554201b87f99ad53fb3b31f6875d4443e3c251d5b751f1c1c729ee72b,2014-08,Essex Police,Essex Police,0.067921,51.646555,On or near Alderton Rise,E01021772,Epping Forest 013B,Burglary,Investigation complete; no suspect identified,
088e839f2abb774f94156af2a962a9713a7b07a9ea94090f510538c4af301098,2014-08,Essex Police,Essex Police,0.067921,51.646555,On or near Alderton Rise,E01021772,Epping Forest 013B,Burglary,Under investigation,
644ac33e701b9a36399bf5bf947b2c2a3f3c911318562d574c10beca510a31ec,2014-08,Essex Police,Essex Police,0.061542,51.642639,On or near Hogarth Reach,E01021772,Epping Forest 013B,Burglary,Under investigation,
d95f61209fe2df861b892c97bbc139a9a0d1d405579319797e9d251ff100e9f9,2014-08,Essex Police,Essex Police,0.072078,51.647687,On or near Colson Path,E01021772,Epping Forest 013B,Robbery,Investigation complete; no suspect identified,
f74f070fc91f3d3ee3ce7f96742caad989992e92e2ea29889267a3405c11b91b,2014-08,Essex Police,Essex Police,0.072078,51.647687,On or near Colson Path,E01021772,Epping Forest 013B,Robbery,Investigation complete; no suspect identified,
8a88463e904552827ba16291ef069b18c9fae08b46d427388f84d270a5020299,2014-08,Essex Police,Essex Police,0.072078,51.647687,On or near Colson Path,E01021772,Epping Forest 013B,Robbery,Investigation complete; no suspect identified,
839caae12f5b8e72817d57e33e38954c3eda4a8e0f3b39a087b45189c579d975,2014-08,Essex Police,Essex Police,0.072078,51.647687,On or near Colson Path,E01021772,Epping Forest 013B,Robbery,Investigation complete; no suspect identified,
167cf7f3b488846e29a52946bd1e3cbe35725f0dbf7482244af8afb7e9cdd7d0,2014-08,Essex Police,Essex Police,0.072078,51.647687,On or near Colson Path,E01021772,Epping Forest 013B,Violence and sexual offences,Under investigation,
a1f808b3b0ccb897876535fa29365c7074d9fd0bf5aa989b15d7248efa85ad36,2014-08,Essex Police,Essex Police,0.072078,51.647687,On or near Colson Path,E01021772,Epping Forest 013B,Violence and sexual offences,Investigation complete; no suspect identified,
b996519094367cc4ae1473e9ff0cb8e4428b8e8578b078e24979abe4a0c610d0,2014-08,Essex Police,Essex Police,0.074617,51.647264,On or near Homecroft Gardens,E01021772,Epping Forest 013B,Violence and sexual offences,Unable to prosecute suspect,
b0852ce6689e2fb3ef33be8af4c3f0414a66c23ae3fc5f3582a2bf34b7c0aecc,2014-08,Essex Police,Essex Police,0.074617,51.647264,On or near Homecroft Gardens,E01021772,Epping Forest 013B,Violence and sexual offences,Unable to prosecute suspect,
0c2e66a4d9e5fdadfdd74f7d343076833644d95aca5417a38106cd408f2829f6,2014-08,Essex Police,Essex Police,0.077459,51.645883,On or near Sports/Recreation Area,E01021773,Epping Forest 013C,Criminal damage and arson,Under investigation,
2148dc8a5339c9440e1aebe504ce2a3e0cd370e67bde02f553b117249bc1652f,2014-08,Essex Police,Essex Police,0.073115,51.645699,On or near Honeycroft,E01021773,Epping Forest 013C,Criminal damage and arson,Investigation complete; no suspect identified,
1fb5a74dc4100b8d353653a4e1d0cb75901b8487d5027724c748831c65a97041,2014-08,Essex Police,Essex Police,0.070517,51.643893,On or near Parkmead,E01021773,Epping Forest 013C,Robbery,Under investigation,
3415adc2d9adc7c70bfab86dd36268028d1cae175009e3c823fce1c9569038e7,2014-08,Essex Police,Essex Police,0.070136,51.644412,On or near Poundfield Road,E01021773,Epping Forest 013C,Robbery,Under investigation,
b1f753979ddd5a608387876491ec35ac86779a6e36f24e744ba26bdb74995756,2014-08,Essex Police,Essex Police,0.077459,51.645883,On or near Sports/Recreation Area,E01021773,Epping Forest 013C,Robbery,Under investigation,
639a6c967b027135cfa8d0a700194b55d00289c5af89301840c1d388f014eb4e,2014-08,Essex Police,Essex Police,0.077459,51.645883,On or near Sports/Recreation Area,E01021773,Epping Forest 013C,Other crime,Under investigation,
,2014-08,Essex Police,Essex Police,0.061180,51.637843,On or near Malvern Gardens,E01021783,Epping Forest 013D,Anti-social behaviour,,
,2014-08,Essex Police,Essex Police,0.061180,51.637843,On or near Malvern Gardens,E01021783,Epping Forest 013D,Anti-social behaviour,,
,2014-08,Essex Police,Essex Police,0.061180,51.637843,On or near Malvern Gardens,E01021783,Epping Forest 013D,Anti-social behaviour,,
,2014-08,Essex Police,Essex Police,0.063675,51.638681,On or near South View Road,E01021783,Epping Forest 013D,Anti-social behaviour,,
,2014-08,Essex Police,Essex Police,0.061180,51.637843,On or near Malvern Gardens,E01021783,Epping Forest 013D,Anti-social behaviour,,
,2014-08,Essex Police,Essex Police,0.061180,51.637843,On or near Malvern Gardens,E01021783,Epping Forest 013D,Anti-social behaviour,,
,2014-08,Essex Police,Essex Police,0.061180,51.637843,On or near Malvern Gardens,E01021783,Epping Forest 013D,Anti-social behaviour,,
,2014-08,Essex Police,Essex Police,0.068143,51.640940,On or near Leycroft Close,E01021783,Epping Forest 013D,Anti-social behaviour,,
,2014-08,Essex Police,Essex Police,0.061180,51.637843,On or near Malvern Gardens,E01021783,Epping Forest 013D,Anti-social behaviour,,
ceb41133ca534fed66dfd42707a0428a58fc457b6430515263fdea4295a4e349,2014-08,Essex Police,Essex Police,0.061180,51.637843,On or near Malvern Gardens,E01021783,Epping Forest 013D,Burglary,Under investigation,
2ede16457591ed1663b147e2b6f9fcabe6f9907b59513458b07640fbb35e792d,2014-08,Essex Police,Essex Police,0.063675,51.638681,On or near South View Road,E01021783,Epping Forest 013D,Burglary,Under investigation,
fa3aa3d439a2042a99fd931c6e634d9210c176d1f4ee8fc18909e8e039186a56,2014-08,Essex Police,Essex Police,0.060114,51.639822,On or near Roding Road,E01021783,Epping Forest 013D,Burglary,Under investigation,
b7e8ac8416b91a6c90b5cba75b8c77cc0ddbacd6575dd29f2ed7774c4ea879a5,2014-08,Essex Police,Essex Police,0.062505,51.640284,On or near Stonards Hill,E01021783,Epping Forest 013D,Violence and sexual offences,Unable to prosecute suspect,
d34c000e53f60e9ad4d8fe05e02a63c6c5e58e189a8268f4988e99141fc27763,2014-08,Essex Police,Essex Police,0.061180,51.637843,On or near Malvern Gardens,E01021783,Epping Forest 013D,Other crime,Awaiting court outcome,
,2014-08,Essex Police,Essex Police,0.057116,51.636503,On or near Valley Hill,E01021784,Epping Forest 013E,Anti-social behaviour,,
,2014-08,Essex Police,Essex Police,0.056826,51.637119,On or near Cheltenham Gardens,E01021784,Epping Forest 013E,Anti-social behaviour,,
,2014-08,Essex Police,Essex Police,0.067121,51.639456,On or near River Way,E01021784,Epping Forest 013E,Anti-social behaviour,,
,2014-08,Essex Police,Essex Police,0.057116,51.636503,On or near Valley Hill,E01021784,Epping Forest 013E,Anti-social behaviour,,
37bb1bd6ba3e0efef4f2c52090a7b9e4b5ac185bc4226f613e64df6f5e3cf270,2014-08,Essex Police,Essex Police,0.055669,51.636141,On or near Nevill Way,E01021784,Epping Forest 013E,Burglary,Investigation complete; no suspect identified,
94b88737705197ce3f9662d1a88fb23d010562e51e086b9d2e136d9b2cdd743a,2014-08,Essex Police,Essex Police,0.056848,51.638558,On or near Cleves Close,E01021784,Epping Forest 013E,Criminal damage and arson,Under investigation,
ee874425249d162a853d722305c40f42a7c29b515919326adffd007012d9e757,2014-08,Essex Police,Essex Police,0.057482,51.634032,On or near Greensted Road,E01021784,Epping Forest 013E,Other theft,Local resolution,
092180815e886e4c41aab8085c13586317ee9b8743df9000e7975183f56f8c53,2014-08,Essex Police,Essex Police,0.055669,51.636141,On or near Nevill Way,E01021784,Epping Forest 013E,Vehicle crime,Investigation complete; no suspect identified,
89c54383178967b98c80b1f77c4bf95b99d9ad5535fe66e7562bf201d98224c0,2014-08,Essex Police,Essex Police,0.055856,51.638350,On or near Seymour Close,E01021784,Epping Forest 013E,Violence and sexual offences,Awaiting court outcome,
,2014-08,Essex Police,Essex Police,0.029433,51.637281,On or near Ranger'S Road,E01021780,Epping Forest 014A,Anti-social behaviour,,
5873456845e148ebdf31013558aed11bae6a4de982e4f586ba7ddba975fbb80d,2014-08,Essex Police,Essex Police,0.046565,51.638701,On or near Summerfield Road,E01021780,Epping Forest 014A,Burglary,Investigation complete; no suspect identified,
62bb60c275da2394a905c2b30fe7e291fda526cdd508a11ffb699618284ef764,2014-08,Essex Police,Essex Police,0.045511,51.639376,On or near Newnham Close,E01021780,Epping Forest 014A,Burglary,Under investigation,
,2014-08,Essex Police,Essex Police,0.052255,51.645661,On or near Parking Area,E01021781,Epping Forest 014B,Anti-social behaviour,,
,2014-08,Essex Police,Essex Police,0.051540,51.648380,On or near Smart'S Lane,E01021781,Epping Forest 014B,Anti-social behaviour,,
,2014-08,Essex Police,Essex Police,0.052255,51.645661,On or near Parking Area,E01021781,Epping Forest 014B,Anti-social behaviour,,
,2014-08,Essex Police,Essex Police,0.049066,51.647057,On or near Forest View Road,E01021781,Epping Forest 014B,Anti-social behaviour,,
,2014-08,Essex Police,Essex Police,0.052255,51.645661,On or near Parking Area,E01021781,Epping Forest 014B,Anti-social behaviour,,
,2014-08,Essex Police,Essex Police,0.051961,51.645217,On or near Parking Area,E01021781,Epping Forest 014B,Anti-social behaviour,,
,2014-08,Essex Police,Essex Police,0.051961,51.645217,On or near Parking Area,E01021781,Epping Forest 014B,Anti-social behaviour,,
,2014-08,Essex Police,Essex Police,0.053139,51.645061,On or near Conference/Exhibition Centre,E01021781,Epping Forest 014B,Anti-social behaviour,,
,2014-08,Essex Police,Essex Police,0.053376,51.644553,On or near Parking Area,E01021781,Epping Forest 014B,Anti-social behaviour,,
,2014-08,Essex Police,Essex Police,0.052051,51.648830,On or near Forest Road,E01021781,Epping Forest 014B,Anti-social behaviour,,
,2014-08,Essex Police,Essex Police,0.053376,51.644553,On or near Parking Area,E01021781,Epping Forest 014B,Anti-social behaviour,,
,2014-08,Essex Police,Essex Police,0.051540,51.648380,On or near Smart'S Lane,E01021781,Epping Forest 014B,Anti-social behaviour,,
33215a1e4da18fa06a8c28d1bf8ed1ee329670f9de77b7c9d4274a0b14bf4880,2014-08,Essex Police,Essex Police,0.051540,51.648380,On or near Smart'S Lane,E01021781,Epping Forest 014B,Burglary,Under investigation,
aae63d795298e30a3b62ac924567a962844527ba16bd9858b892466a33f1367a,2014-08,Essex Police,Essex Police,0.049066,51.647057,On or near Forest View Road,E01021781,Epping Forest 014B,Burglary,Under investigation,
98bd0c3bfd907ab6a5c1299d3597435fb9e120fa11fca9f104fca2d1b0a66de0,2014-08,Essex Police,Essex Police,0.044121,51.644463,On or near Longfield,E01021781,Epping Forest 014B,Burglary,Under investigation,
adf8878db13128ae4188195a43a148d40321f3188cbcccab32313f4c5a59f0a8,2014-08,Essex Police,Essex Police,0.053397,51.646298,On or near Police Station,E01021781,Epping Forest 014B,Burglary,Under investigation,
30bde2d64ae4f9e90708aca1e93d4e8851d2a7521f6ec26e9566295d1113c68f,2014-08,Essex Police,Essex Police,0.053139,51.645061,On or near Conference/Exhibition Centre,E01021781,Epping Forest 014B,Burglary,Under investigation,
c510a65bed016fd2e9b62c603cc409e92c3c6e4cb1b4415e78fc1464a2b82a32,2014-08,Essex Police,Essex Police,0.052255,51.645661,On or near Parking Area,E01021781,Epping Forest 014B,Criminal damage and arson,Under investigation,
530608e32c52fa09b18f05b04d8fc59973d68b9108fc6f1d23186e5e6440378f,2014-08,Essex Police,Essex Police,0.053376,51.644553,On or near Parking Area,E01021781,Epping Forest 014B,Criminal damage and arson,Under investigation,
989d1add9aede89044d6c9d1430d54338b2241326d7acf7a102d73fc45722820,2014-08,Essex Police,Essex Police,0.051540,51.648380,On or near Smart'S Lane,E01021781,Epping Forest 014B,Criminal damage and arson,Under investigation,
79f000b2db8a9488398de17c621ce68edfd96b72091d32a834e3b19c6121e9ab,2014-08,Essex Police,Essex Police,0.053376,51.644553,On or near Parking Area,E01021781,Epping Forest 014B,Criminal damage and arson,Investigation complete; no suspect identified,
3cedeb773187fae19b8e19b7ca9caee3484b61f924d26ff1964283367210b4e3,2014-08,Essex Police,Essex Police,0.053397,51.646298,On or near Police Station,E01021781,Epping Forest 014B,Criminal damage and arson,Investigation complete; no suspect identified,
177dd0a7b277611caeadb59ef1f54c94995f4d9eef84ca239d95381457123e7d,2014-08,Essex Police,Essex Police,0.051540,51.648380,On or near Smart'S Lane,E01021781,Epping Forest 014B,Criminal damage and arson,Investigation complete; no suspect identified,
149c4e5f3c63ac688e14871aa975fe43afe1e7ec680b17e762916b1a8b18f5fa,2014-08,Essex Police,Essex Police,0.051961,51.645217,On or near Parking Area,E01021781,Epping Forest 014B,Other theft,Under investigation,
6c01a3cb0ca39e6c343032438684a5ed61fd40ae314e5a879bac22a51c97019a,2014-08,Essex Police,Essex Police,0.053305,51.643628,On or near Old Station Road,E01021781,Epping Forest 014B,Other theft,Investigation complete; no suspect identified,
3f2ccd1b3cabae9069eecbe85fb128aadbd19056ed12573ba682f4c7ede87782,2014-08,Essex Police,Essex Police,0.053397,51.646298,On or near Police Station,E01021781,Epping Forest 014B,Public order,Unable to prosecute suspect,
117b401e54f9cba7bcc27578d89753518f894da62ef04bd1b72941cc730e3a14,2014-08,Essex Police,Essex Police,0.053305,51.643628,On or near Old Station Road,E01021781,Epping Forest 014B,Shoplifting,Under investigation,
9556ee502a6e73fab4166cf3fe79c0974e0cc1e36a422ada19a26b1d8347aea2,2014-08,Essex Police,Essex Police,0.053305,51.643628,On or near Old Station Road,E01021781,Epping Forest 014B,Shoplifting,Under investigation,
3bad4530ed521533787f04fb19691e73b3f79236071cc0c4ea0b1c664d5e7377,2014-08,Essex Police,Essex Police,0.052051,51.648830,On or near Forest Road,E01021781,Epping Forest 014B,Vehicle crime,Local resolution,
d6b58f00f8c2902f471cd4a055a60dbad6bcdf18cd6f47c87846f9f46e8523e6,2014-08,Essex Police,Essex Police,0.052255,51.645661,On or near Parking Area,E01021781,Epping Forest 014B,Vehicle crime,Investigation complete; no suspect identified,
87c6187d5dc9bb7c36b2552d8787d4b915649d2329aed5e332111d84fb62a063,2014-08,Essex Police,Essex Police,0.051540,51.648380,On or near Smart'S Lane,E01021781,Epping Forest 014B,Violence and sexual offences,Unable to prosecute suspect,
4e27437ad189c1372aaa2129e1482dba57a6fa10fa0ce4a5381bca58e11e6e9b,2014-08,Essex Police,Essex Police,0.053376,51.644553,On or near Parking Area,E01021781,Epping Forest 014B,Violence and sexual offences,Under investigation,
,2014-08,Essex Police,Essex Police,0.049683,51.645346,On or near Ollard'S Grove,E01021782,Epping Forest 014C,Anti-social behaviour,,
8db7d844443cac4cb62ad839e06fab2eaea3a107ccfbd76fd7be6eb69ae2aec0,2014-08,Essex Police,Essex Police,0.054037,51.640945,On or near Parking Area,E01021782,Epping Forest 014C,Burglary,Under investigation,
2d8d30c629703ee37c17bf33328e15b8254e9c438b6f9cd0f6d7c6d41c3eba5f,2014-08,Essex Police,Essex Police,0.051069,51.641159,On or near Algers Road,E01021782,Epping Forest 014C,Vehicle crime,Under investigation,
b9a5e5ec116f20f16f42d1d83dada6aadc78f2fc96ae3c2a88b1597ec9e78fac,2014-08,Essex Police,Essex Police,0.050934,51.639452,On or near The Avenue,E01021782,Epping Forest 014C,Violence and sexual offences,Offender given a caution,
409cc92ca56d0205786bfcab0ae640ace4dfd2348d1fcf69cc660060d93c1af3,2014-08,Essex Police,Essex Police,0.052114,51.641572,On or near Lower Park Road,E01021782,Epping Forest 014C,Violence and sexual offences,Local resolution,
cd70fc9cbaf58b07258f317d42d266cdc1cea84edc853bce0d9a423608ec6b9d,2014-08,Essex Police,Essex Police,0.050934,51.639452,On or near The Avenue,E01021782,Epping Forest 014C,Violence and sexual offences,Unable to prosecute suspect,
,2014-08,Essex Police,Essex Police,0.053954,51.633357,On or near Loughton Way,E01021785,Epping Forest 014D,Anti-social behaviour,,
,2014-08,Essex Police,Essex Police,0.061449,51.636112,On or near Avondale Drive,E01021785,Epping Forest 014D,Anti-social behaviour,,
,2014-08,Essex Police,Essex Police,0.057341,51.631876,On or near Sports/Recreation Area,E01021785,Epping Forest 014D,Anti-social behaviour,,
1bb9a07437773228a6b346b8963e16b53f183d62923d595941e087fc0de08365,2014-08,Essex Police,Essex Police,0.054922,51.637197,On or near Dunmow Close,E01021785,Epping Forest 014D,Burglary,Investigation complete; no suspect identified,
38f1b48c306ca9dea1a66f3ea74fc7ad6ac156d5292d93746d1964c2e047bef1,2014-08,Essex Police,Essex Police,0.059752,51.634712,On or near Avondale Close,E01021785,Epping Forest 014D,Public order,Under investigation,
05336a51427cd8605f153f8370bede61d3b79a09134aa4884f67f443c3824b2f,2014-08,Essex Police,Essex Police,0.052695,51.635240,On or near Tylers Close,E01021785,Epping Forest 014D,Vehicle crime,Under investigation,
32147a89560146193bc984dafbe38168adb7ccf4b22db8800d8e6754417ede53,2014-08,Essex Police,Essex Police,0.053404,51.634931,On or near Felstead Road,E01021785,Epping Forest 014D,Violence and sexual offences,Local resolution,
,2014-08,Essex Police,Essex Police,0.051740,51.629439,On or near Rous Road,E01021742,Epping Forest 015A,Anti-social behaviour,,
,2014-08,Essex Police,Essex Police,0.054524,51.632214,On or near Pentlow Way,E01021742,Epping Forest 015A,Anti-social behaviour,,
,2014-08,Essex Police,Essex Police,0.055489,51.631513,On or near Bradwell Road,E01021742,Epping Forest 015A,Anti-social behaviour,,
,2014-08,Essex Police,Essex Police,0.050757,51.630400,On or near Loughton Way,E01021742,Epping Forest 015A,Anti-social behaviour,,
,2014-08,Essex Police,Essex Police,0.054524,51.632214,On or near Pentlow Way,E01021742,Epping Forest 015A,Anti-social behaviour,,
,2014-08,Essex Police,Essex Police,0.054524,51.632214,On or near Pentlow Way,E01021742,Epping Forest 015A,Anti-social behaviour,,
,2014-08,Essex Police,Essex Police,0.054524,51.632214,On or near Pentlow Way,E01021742,Epping Forest 015A,Anti-social behaviour,,
,2014-08,Essex Police,Essex Police,0.054524,51.632214,On or near Pentlow Way,E01021742,Epping Forest 015A,Anti-social behaviour,,
,2014-08,Essex Police,Essex Police,0.050757,51.630400,On or near Loughton Way,E01021742,Epping Forest 015A,Anti-social behaviour,,
,2014-08,Essex Police,Essex Police,0.054524,51.632214,On or near Pentlow Way,E01021742,Epping Forest 015A,Anti-social behaviour,,
f2b56790530f6b127c42efb68c65f154d5b4abc421b2bcc6a206d3c403318b0a,2014-08,Essex Police,Essex Police,0.049304,51.630533,On or near Roding View,E01021742,Epping Forest 015A,Criminal damage and arson,Under investigation,
0dc1569665b105715295018e7ffbbdfad7dadbfca514551e4150ec36c21aba8e,2014-08,Essex Police,Essex Police,0.049304,51.630533,On or near Roding View,E01021742,Epping Forest 015A,Drugs,Under investigation,
69635ac31fc4dac884fa02a5ae13e0769bf4fdcca2fab9eb8d1cc2ee8af2d37c,2014-08,Essex Police,Essex Police,0.049304,51.630533,On or near Roding View,E01021742,Epping Forest 015A,Violence and sexual offences,Under investigation,
f41856c8dcba83c5aaeac67cf7fff0db6fd07c78e44529849f6c56c87f3deb50,2014-08,Essex Police,Essex Police,0.055489,51.631513,On or near Bradwell Road,E01021742,Epping Forest 015A,Violence and sexual offences,Investigation complete; no suspect identified,
aca57d3f9d527017da15d6eed18be816f97e3fd2546e907160c72ac03c3f0e4f,2014-08,Essex Police,Essex Police,0.055489,51.631513,On or near Bradwell Road,E01021742,Epping Forest 015A,Violence and sexual offences,Investigation complete; no suspect identified,
,2014-08,Essex Police,Essex Police,0.047437,51.625989,On or near Yew Close,E01021743,Epping Forest 015B,Anti-social behaviour,,
,2014-08,Essex Police,Essex Police,0.049490,51.626016,On or near Alfred Road,E01021743,Epping Forest 015B,Anti-social behaviour,,
24083de34e0a060974b4d73b8d6567ccc1b7cb2f788b328fd3a7a95a8c561a06,2014-08,Essex Police,Essex Police,0.049614,51.622677,On or near Cascade Close,E01021743,Epping Forest 015B,Criminal damage and arson,Investigation complete; no suspect identified,
7e40cc841642fe43773807554fe95acef25f758ad0f430ae5f23cd2481b0b012,2014-08,Essex Police,Essex Police,0.050153,51.628216,On or near Hurst Road,E01021743,Epping Forest 015B,Drugs,Under investigation,
74db46d19c2be8dc89acd34a5d1aca61d2be2a28d2f248db3d162ab7e7d77faf,2014-08,Essex Police,Essex Police,0.048389,51.624659,On or near Mountbatten Court,E01021743,Epping Forest 015B,Public order,Under investigation,
5bd966188604f034f92d246c149adb0d5ebdb3c47f440e3d8f49aa1a9f97452d,2014-08,Essex Police,Essex Police,0.048389,51.624659,On or near Mountbatten Court,E01021743,Epping Forest 015B,Public order,Under investigation,
fca0197998f1d675b825c13d0777be8e38bb3133d39c7c47f2c7aaee5dc9d23f,2014-08,Essex Police,Essex Police,0.048389,51.624659,On or near Mountbatten Court,E01021743,Epping Forest 015B,Robbery,Investigation complete; no suspect identified,
3db0add573e1362ccafc2cbce8c9559b183bf9499688bea84ab9ee8e9ffc0247,2014-08,Essex Police,Essex Police,0.047437,51.625989,On or near Yew Close,E01021743,Epping Forest 015B,Vehicle crime,Unable to prosecute suspect,
374446900019d77745f3b41f48ff292ddb686d4ff1aa23dd6999ee7e5a4c1f01,2014-08,Essex Police,Essex Police,0.049490,51.626016,On or near Alfred Road,E01021743,Epping Forest 015B,Violence and sexual offences,Under investigation,
,2014-08,Essex Police,Essex Police,0.049293,51.621955,On or near Hornbeam Close,E01021744,Epping Forest 015C,Anti-social behaviour,,
,2014-08,Essex Police,Essex Police,0.043969,51.618585,On or near Walnut Way,E01021744,Epping Forest 015C,Anti-social behaviour,,
,2014-08,Essex Police,Essex Police,0.043969,51.618585,On or near Walnut Way,E01021744,Epping Forest 015C,Anti-social behaviour,,
,2014-08,Essex Police,Essex Police,0.046714,51.623088,On or near Elm Close,E01021744,Epping Forest 015C,Anti-social behaviour,,
,2014-08,Essex Police,Essex Police,0.048708,51.619878,On or near Hornbeam Road,E01021744,Epping Forest 015C,Anti-social behaviour,,
50f7dae5b84ab48f715faf50fcfef61edf624c9015bd3e9ab8d7377928ec5e57,2014-08,Essex Police,Essex Police,0.043969,51.618585,On or near Walnut Way,E01021744,Epping Forest 015C,Public order,Unable to prosecute suspect,
ad3bec73a326abd2f8e383160faf16e9aecf114308942eda691341eda8eb2f4b,2014-08,Essex Police,Essex Police,0.047947,51.621906,On or near Oak Rise,E01021744,Epping Forest 015C,Vehicle crime,Investigation complete; no suspect identified,
e34517e6e33275eb3e52c11b7f1060dfc2bc067788efcf7ae2c1c6caabedd6f9,2014-08,Essex Police,Essex Police,0.048708,51.619878,On or near Hornbeam Road,E01021744,Epping Forest 015C,Violence and sexual offences,Awaiting court outcome,
9b435baf0e4a2a1b8f521ed5cd4900ad971e5c398023da00aee915471300f26f,2014-08,Essex Police,Essex Police,0.049293,51.621955,On or near Hornbeam Close,E01021744,Epping Forest 015C,Violence and sexual offences,Unable to prosecute suspect,
a8326944d82af309afd6324d8903f0a043e23b6cc3c84eb237b6e8b577a0b8a6,2014-08,Essex Police,Essex Police,0.048708,51.619878,On or near Hornbeam Road,E01021744,Epping Forest 015C,Other crime,Awaiting court outcome,
35229eae4562e9c0bf3165a1f5bafde30009f710935e8b6155924f8e2e3a2d4d,2014-08,Essex Police,Essex Police,0.046327,51.621862,On or near Maple Close,E01021744,Epping Forest 015C,Other crime,Under investigation,
,2014-08,Essex Police,Essex Police,0.027209,51.628561,On or near Brook Road,E01021745,Epping Forest 015D,Anti-social behaviour,,
,2014-08,Essex Police,Essex Police,0.027209,51.628561,On or near Brook Road,E01021745,Epping Forest 015D,Anti-social behaviour,,
,2014-08,Essex Police,Essex Police,0.031899,51.627131,On or near Devon Close,E01021745,Epping Forest 015D,Anti-social behaviour,,
,2014-08,Essex Police,Essex Police,0.026822,51.629916,On or near Heron Close,E01021745,Epping Forest 015D,Anti-social behaviour,,
,2014-08,Essex Police,Essex Police,0.027209,51.628561,On or near Brook Road,E01021745,Epping Forest 015D,Anti-social behaviour,,
,2014-08,Essex Police,Essex Police,0.030822,51.626304,On or near Stag Lane,E01021745,Epping Forest 015D,Anti-social behaviour,,
0477303a63423bbf5be18d09545a6071e20a19fe7cbed126b2a0cfc8176d9750,2014-08,Essex Police,Essex Police,0.033209,51.624437,On or near The Drummonds,E01021745,Epping Forest 015D,Burglary,Under investigation,
0ae4c2a2ddc23d92a65675350516e5ae0d1510a2a1993acdb60de6ed0808e58b,2014-08,Essex Police,Essex Police,0.027209,51.628561,On or near Brook Road,E01021745,Epping Forest 015D,Criminal damage and arson,Unable to prosecute suspect,
a80d684c6134cca5d7ba2fd62cb86f40ab868d71977c93533a3c2aab4453e2fb,2014-08,Essex Police,Essex Police,0.030938,51.624693,On or near Petrol Station,E01021745,Epping Forest 015D,Other theft,Under investigation,
59dd220658004e28520e0fdf16ad20a5e72970988573df13daed88e39d96a8a2,2014-08,Essex Police,Essex Police,0.030938,51.624693,On or near Petrol Station,E01021745,Epping Forest 015D,Other theft,Under investigation,
27c975354539eb33e578a0b8c3c6bb6f9f251f75f68459a3b89df2c671a7249b,2014-08,Essex Police,Essex Police,0.030938,51.624693,On or near Petrol Station,E01021745,Epping Forest 015D,Other theft,Under investigation,
4aebcc591e1a8cd2ceba20914557339d28f44f6b2ec24223607fbcf4e6a04084,2014-08,Essex Police,Essex Police,0.033209,51.624437,On or near The Drummonds,E01021745,Epping Forest 015D,Theft from the person,Under investigation,
,2014-08,Essex Police,Essex Police,0.028739,51.627878,On or near Boleyn Court,E01021746,Epping Forest 015E,Anti-social behaviour,,
,2014-08,Essex Police,Essex Police,0.028739,51.627878,On or near Boleyn Court,E01021746,Epping Forest 015E,Anti-social behaviour,,
,2014-08,Essex Police,Essex Police,0.038642,51.627679,On or near Westbury Road,E01021746,Epping Forest 015E,Anti-social behaviour,,
,2014-08,Essex Police,Essex Police,0.031460,51.629279,On or near Fernbank,E01021746,Epping Forest 015E,Anti-social behaviour,,
dd90ce2bb884ac7d709ef954e3aa2bbdc49e159dffdc1a6fd18bb8df116cace8,2014-08,Essex Police,Essex Police,0.031460,51.629279,On or near Fernbank,E01021746,Epping Forest 015E,Burglary,Under investigation,
6fdcba86792ba16bec5f116a6214e0246de11c1d867a31e823d0c96681b2e7f5,2014-08,Essex Police,Essex Police,0.036113,51.630259,On or near Forest Side,E01021746,Epping Forest 015E,Burglary,Investigation complete; no suspect identified,
3092df07c1db4f0825acb9fcdc85474c7976ef2d71e2e9a1ff1774b836624d82,2014-08,Essex Police,Essex Police,0.036807,51.630904,On or near Greenhill,E01021746,Epping Forest 015E,Burglary,Investigation complete; no suspect identified,
cb7565fd9b2801b51dcc74627c92ec076abc69d55de0ef42d02e97b69ec0a1bd,2014-08,Essex Police,Essex Police,0.031578,51.633863,On or near Petrol Station,E01021746,Epping Forest 015E,Other theft,Under investigation,
84a5afb365985238fbb43176d54167e758cf927d6ffd939f6a741b284db3cbba,2014-08,Essex Police,Essex Police,0.039468,51.627081,On or near Palmerston Court,E01021746,Epping Forest 015E,Vehicle crime,Under investigation,
3a088ca7d5c5dc8ad84024aa6a3cf97f547586002ad8dbcb4fcaa9d9cd26d18c,2014-08,Essex Police,Essex Police,0.032012,51.628694,On or near Church Road,E01021746,Epping Forest 015E,Vehicle crime,Investigation complete; no suspect identified,
69d8928cbf970bfd560c2390b48c54b80f30c24114559fe478b4540907dd33b6,2014-08,Essex Police,Essex Police,0.031460,51.629279,On or near Fernbank,E01021746,Epping Forest 015E,Violence and sexual offences,Under investigation,
c72f1ec32a14a850deb8cf17d58d1032a0d90a6f37b9bd210aaab71d45bf696c,2014-08,Essex Police,Essex Police,0.040555,51.627170,On or near Palmerston Road,E01021746,Epping Forest 015E,Violence and sexual offences,Under investigation,
90e1223cde411345829f5e8b52395bba77044e51faa9e6310ab4cc16da6132a8,2014-08,Essex Police,Essex Police,0.032012,51.628694,On or near Church Road,E01021746,Epping Forest 015E,Violence and sexual offences,Unable to prosecute suspect,
78d90a5b4143db8ede0e00efcfd306c5a39eb540c410b4165e7e62bd277212a6,2014-08,Essex Police,Essex Police,0.040555,51.627170,On or near Palmerston Road,E01021746,Epping Forest 015E,Violence and sexual offences,Under investigation,
b5af676020aa05af9dceaedc4613fcc28e4ac552f6ec20c435703b6f3c249c70,2014-08,Essex Police,Essex Police,0.040555,51.627170,On or near Palmerston Road,E01021746,Epping Forest 015E,Violence and sexual offences,Under investigation,
,2014-08,Essex Police,Essex Police,0.042059,51.632350,On or near Powell Road,E01021747,Epping Forest 015F,Anti-social behaviour,,
,2014-08,Essex Police,Essex Police,0.040103,51.632555,On or near The Drive,E01021747,Epping Forest 015F,Anti-social behaviour,,
b557c247d87c344f60694d141b5bd91af2975654e3d89dfd2cd72d5cd49ab844,2014-08,Essex Police,Essex Police,0.042059,51.632350,On or near Powell Road,E01021747,Epping Forest 015F,Burglary,Under investigation,
,2014-08,Essex Police,Essex Police,0.046635,51.625499,On or near Pedestrian Subway,E01021748,Epping Forest 015G,Anti-social behaviour,,
,2014-08,Essex Police,Essex Police,0.042843,51.624711,On or near Kings Place,E01021748,Epping Forest 015G,Anti-social behaviour,,
,2014-08,Essex Police,Essex Police,0.046635,51.625499,On or near Pedestrian Subway,E01021748,Epping Forest 015G,Anti-social behaviour,,
,2014-08,Essex Police,Essex Police,0.045463,51.625447,On or near Parking Area,E01021748,Epping Forest 015G,Anti-social behaviour,,
,2014-08,Essex Police,Essex Police,0.042843,51.624711,On or near Kings Place,E01021748,Epping Forest 015G,Anti-social behaviour,,
,2014-08,Essex Police,Essex Police,0.035532,51.626304,On or near Parking Area,E01021748,Epping Forest 015G,Anti-social behaviour,,
7ee5052b5b2096183d443ee86bf6003cdee3155e6264e11bf0f41d4c6bb8c661,2014-08,Essex Police,Essex Police,0.039813,51.618666,On or near Broadfield Way,E01021748,Epping Forest 015G,Burglary,Investigation complete; no suspect identified,
fdfeb9f60073fb7163b605d5c712da650e9043aaf7f8a277ebf5151fcd5d6326,2014-08,Essex Police,Essex Police,0.043943,51.626355,On or near Langfords,E01021748,Epping Forest 015G,Burglary,Investigation complete; no suspect identified,
0a5e28cf034b9a9933ab436ba8969eae76034d67ce4f505f0d03752694bc8828,2014-08,Essex Police,Essex Police,0.035712,51.624835,On or near Wimborne Close,E01021748,Epping Forest 015G,Burglary,Investigation complete; no suspect identified,
3ea399ebfe184b2c816ccd484f07f3bace798069aadf991477586e92ce1a0e55,2014-08,Essex Police,Essex Police,0.042843,51.624711,On or near Kings Place,E01021748,Epping Forest 015G,Burglary,Investigation complete; no suspect identified,
611fd297dfc7991c0f27ee145041db57504676e2292af468ee67dbfa3e78282e,2014-08,Essex Police,Essex Police,0.045913,51.626141,On or near Victoria Road,E01021748,Epping Forest 015G,Criminal damage and arson,Investigation complete; no suspect identified,
ebdc93b06ed13f3f9ce64dddae3b0da77c5f4ccae354f2b1088245c0c30ed892,2014-08,Essex Police,Essex Police,0.045084,51.625382,On or near Supermarket,E01021748,Epping Forest 015G,Criminal damage and arson,Investigation complete; no suspect identified,
c0bfab8bb52316e463402065e23c20706ffe126711103d2cd656ba44e5468f5e,2014-08,Essex Police,Essex Police,0.045084,51.625382,On or near Supermarket,E01021748,Epping Forest 015G,Shoplifting,Investigation complete; no suspect identified,
cecd00a026d1c871b5502138c79f89b60c28db96fd18976f5ee35e7059cf9d1e,2014-08,Essex Police,Essex Police,0.045084,51.625382,On or near Supermarket,E01021748,Epping Forest 015G,Shoplifting,Investigation complete; no suspect identified,
ab62ff402bbd371ffcb912b06fb73956db8a68867b34c8b5f191a9787a01b89b,2014-08,Essex Police,Essex Police,0.045084,51.625382,On or near Supermarket,E01021748,Epping Forest 015G,Shoplifting,Investigation complete; no suspect identified,
0c11616d04851f92c224cde40fabd48a8972153df39316c0a3c78c4b0ec89c25,2014-08,Essex Police,Essex Police,0.045084,51.625382,On or near Supermarket,E01021748,Epping Forest 015G,Shoplifting,Investigation complete; no suspect identified,
6f5fd8166cb83cf55e6624c15e5272aeb39a54aa2f1953f5ccbc69d28ca53ea6,2014-08,Essex Police,Essex Police,0.045084,51.625382,On or near Supermarket,E01021748,Epping Forest 015G,Shoplifting,Under investigation,
f0432056a25e94e411500bf623dfda4632e1950e01def93d15c40392bd9ff2b3,2014-08,Essex Police,Essex Police,0.045084,51.625382,On or near Supermarket,E01021748,Epping Forest 015G,Shoplifting,Under investigation,
12c186dc209818dcebcbe30d355189b9a7a4dda476457c354d3010a16c46904f,2014-08,Essex Police,Essex Police,0.043943,51.626355,On or near Langfords,E01021748,Epping Forest 015G,Vehicle crime,Investigation complete; no suspect identified,
7a7bbdff03ed5b5767db6192c3a5acdebeb63e627f0bdf27323d31f132403e88,2014-08,Essex Police,Essex Police,0.040453,51.625867,On or near Andrews Close,E01021748,Epping Forest 015G,Vehicle crime,Investigation complete; no suspect identified,
11ca9ce2484af9302b05063bdac00a729c765b3e211022966dff2ebc7c3279f0,2014-08,Essex Police,Essex Police,0.043943,51.626355,On or near Langfords,E01021748,Epping Forest 015G,Vehicle crime,Investigation complete; no suspect identified,
45fbe4871450b7614a11f6757aae9a0d0ec763daba28ed6ea2a6a298b666888f,2014-08,Essex Police,Essex Police,0.045084,51.625382,On or near Supermarket,E01021748,Epping Forest 015G,Vehicle crime,Under investigation,
,2014-08,Essex Police,Essex Police,0.120045,51.621759,On or near Lambourne Road,E01021749,Epping Forest 016A,Anti-social behaviour,,
,2014-08,Essex Police,Essex Police,0.114684,51.619572,On or near All Saints Close,E01021749,Epping Forest 016A,Anti-social behaviour,,
,2014-08,Essex Police,Essex Police,0.117961,51.620754,On or near Raymond Gardens,E01021749,Epping Forest 016A,Anti-social behaviour,,
3f21ce887994c74543b66cc5ee1cfd794cb2765a11a28993ed7312b836712f22,2014-08,Essex Police,Essex Police,0.117493,51.620016,On or near Retreat Way,E01021749,Epping Forest 016A,Burglary,Under investigation,
7639c401cf4038e400b860ab65c41b5cb6af56c0ac59eed9e57b17d64b499d7a,2014-08,Essex Police,Essex Police,0.120045,51.621759,On or near Lambourne Road,E01021749,Epping Forest 016A,Other theft,Under investigation,
aa494bbccd9b60433926cc1a0d922ebb6662aadd74c2ff544a05648f00a0c904,2014-08,Essex Police,Essex Police,0.120291,51.622708,On or near Coopers Close,E01021749,Epping Forest 016A,Other theft,Under investigation,
79a3af399fa44aee5f426410f1d26d8d74e27337349d10fe3b0fef1676ee3b73,2014-08,Essex Police,Essex Police,0.120291,51.622708,On or near Coopers Close,E01021749,Epping Forest 016A,Vehicle crime,Investigation complete; no suspect identified,
b99105c41017c8a263f232d3a28a98cc8db146f4cf93f0e02a570839ac5805c5,2014-08,Essex Police,Essex Police,0.112038,51.621688,On or near Gravel Close,E01021749,Epping Forest 016A,Violence and sexual offences,Unable to prosecute suspect,
d8797fa5405538abf0cc02379285995ae48842d1786fe4c244cac0cea908fa62,2014-08,Essex Police,Essex Police,0.118814,51.620765,On or near Lambourne Close,E01021749,Epping Forest 016A,Violence and sexual offences,Awaiting court outcome,
,2014-08,Essex Police,Essex Police,0.080111,51.620432,On or near Courtland Drive,E01021750,Epping Forest 016B,Anti-social behaviour,,
,2014-08,Essex Police,Essex Police,0.086528,51.627737,On or near Sports/Recreation Area,E01021750,Epping Forest 016B,Anti-social behaviour,,
,2014-08,Essex Police,Essex Police,0.080544,51.623905,On or near King'S Mews,E01021750,Epping Forest 016B,Anti-social behaviour,,
,2014-08,Essex Police,Essex Police,0.083955,51.623943,On or near Lingmere Close,E01021750,Epping Forest 016B,Anti-social behaviour,,
,2014-08,Essex Police,Essex Police,0.074639,51.618928,On or near Shopping Area,E01021750,Epping Forest 016B,Anti-social behaviour,,
3db08196c1fb56112af5d8c0a12876e363e10c5ff80936907ec936093c5a4a29,2014-08,Essex Police,Essex Police,0.060358,51.630538,On or near Park/Open Space,E01021750,Epping Forest 016B,Other theft,Investigation complete; no suspect identified,
168cb9412cd0a0bd60953f0d44465dbaa1353f171aaced1d55b784bc911a5a37,2014-08,Essex Police,Essex Police,0.096120,51.641172,On or near Sports/Recreation Area,E01021750,Epping Forest 016B,Other theft,Investigation complete; no suspect identified,
e2f8f1c8938ce5b1f8cddc7446cee0d6ed920e98c7417b9af07fba32ccea1c1e,2014-08,Essex Police,Essex Police,0.089775,51.639918,On or near Park/Open Space,E01021750,Epping Forest 016B,Vehicle crime,Investigation complete; no suspect identified,
a8682191aea10ac43c6b3092666e6a74821c3721047c48b9ce156e70390e142b,2014-08,Essex Police,Essex Police,0.080544,51.623905,On or near King'S Mews,E01021750,Epping Forest 016B,Violence and sexual offences,Under investigation,
2945dfe634c4a62ab82ee766cbfa045a89ea5d5b49ed686c76665eeca592e20e,2014-08,Essex Police,Essex Police,0.080544,51.623905,On or near King'S Mews,E01021750,Epping Forest 016B,Violence and sexual offences,Under investigation,
25d05dba65abd47a8f634710b9e0da80dfea29c335e3ccef74c0c31a776ad3f0,2014-08,Essex Police,Essex Police,0.082159,51.623202,On or near Barton Close,E01021750,Epping Forest 016B,Violence and sexual offences,Local resolution,
ec34c130e662074476117d6f1731dd338a49ece8a1fcd9378aabff0dd88f9bae,2014-08,Essex Police,Essex Police,0.080544,51.623905,On or near King'S Mews,E01021750,Epping Forest 016B,Violence and sexual offences,Under investigation,
,2014-08,Essex Police,Essex Police,0.061181,51.616827,On or near Luxborough Lane,E01021751,Epping Forest 016C,Anti-social behaviour,,
e6ea5e1dca9b14c11013e2449bbfebc24500102d167da39b9f3167e29aa7db70,2014-08,Essex Police,Essex Police,0.068665,51.617478,On or near Chigwell Park Drive,E01021751,Epping Forest 016C,Vehicle crime,Investigation complete; no suspect identified,
686e77e9c5c5c8b6e125cdcc42a5f3df05f55d558085ce195803ae2aeae7d531,2014-08,Essex Police,Essex Police,0.068928,51.616592,On or near Lyndhurst Rise,E01021751,Epping Forest 016C,Violence and sexual offences,Unable to prosecute suspect,
,2014-08,Essex Police,Essex Police,0.058523,51.609473,On or near The Childers,E01021752,Epping Forest 016D,Anti-social behaviour,,
,2014-08,Essex Police,Essex Police,0.061506,51.609637,On or near Smeaton Road,E01021752,Epping Forest 016D,Anti-social behaviour,,
,2014-08,Essex Police,Essex Police,0.066131,51.611300,On or near Forest Avenue,E01021752,Epping Forest 016D,Anti-social behaviour,,
,2014-08,Essex Police,Essex Police,0.061506,51.609637,On or near Smeaton Road,E01021752,Epping Forest 016D,Anti-social behaviour,,
f224dfa608df40448ee9a040cfacd127ecf807e1453e8ad780a9382baff982ed,2014-08,Essex Police,Essex Police,0.059931,51.609943,On or near Chigwell Road,E01021752,Epping Forest 016D,Burglary,Investigation complete; no suspect identified,
2a51525447608cb61adb8f35335d9640c40e9f1f8f2f6743b425519f004c02bf,2014-08,Essex Police,Essex Police,0.061869,51.608731,On or near Love Lane,E01021752,Epping Forest 016D,Burglary,Under investigation,
ada4b7dfdede80d4b397b7cc2d0b9d16bf5d146451b35cc11f3288c089bc20d4,2014-08,Essex Police,Essex Police,0.063386,51.609073,On or near Turpin'S Lane,E01021752,Epping Forest 016D,Vehicle crime,Investigation complete; no suspect identified,
6822c89e3c9143e31ad6ffcb61b30ef010ab308a80d599d9529459515e3e0497,2014-08,Essex Police,Essex Police,0.071140,51.616328,On or near Tudor Close,E01021752,Epping Forest 016D,Vehicle crime,Under investigation,
53acfdf16acf09d8f822d1f3b29307d29889da3b8b089202abf88208c1799698,2014-08,Essex Police,Essex Police,0.063386,51.609073,On or near Turpin'S Lane,E01021752,Epping Forest 016D,Vehicle crime,Investigation complete; no suspect identified,
791c57feac7223b7a203e50971c34a3704614815599273df1fc5a6a2147e2444,2014-08,Essex Police,Essex Police,0.066131,51.611300,On or near Forest Avenue,E01021752,Epping Forest 016D,Violence and sexual offences,Unable to prosecute suspect,
,2014-08,Essex Police,Essex Police,0.088736,51.605046,On or near Amanda Close,E01021764,Epping Forest 017A,Anti-social behaviour,,
,2014-08,Essex Police,Essex Police,0.088736,51.605046,On or near Amanda Close,E01021764,Epping Forest 017A,Anti-social behaviour,,
,2014-08,Essex Police,Essex Police,0.084822,51.607228,On or near Keats Close,E01021764,Epping Forest 017A,Anti-social behaviour,,
,2014-08,Essex Police,Essex Police,0.088736,51.605046,On or near Amanda Close,E01021764,Epping Forest 017A,Anti-social behaviour,,
581c7623bbcf3cb10b80d96649c414b9687ed63ce66f883e9d62fdbba1eda8c8,2014-08,Essex Police,Essex Police,0.091052,51.606416,On or near Elmswood,E01021764,Epping Forest 017A,Other theft,Under investigation,
67b15f19d8ced11bce5b0ddc75ee58f817a4f63b52c8989ba715b4e04b8fbcce,2014-08,Essex Police,Essex Police,0.088758,51.607410,On or near Copperfield,E01021764,Epping Forest 017A,Robbery,Under investigation,
67651ae9d3da46563e420f525daf6d097e279c70c1d4f6485e0d982531eb6c94,2014-08,Essex Police,Essex Police,0.088758,51.607410,On or near Copperfield,E01021764,Epping Forest 017A,Vehicle crime,Under investigation,
0e9df6707ed53ba5b7dd75c13a079fc10d6aeef9915f0adfed6bcb0ae7027315,2014-08,Essex Police,Essex Police,0.088758,51.607410,On or near Copperfield,E01021764,Epping Forest 017A,Violence and sexual offences,Investigation complete; no suspect identified,
,2014-08,Essex Police,Essex Police,0.091222,51.607591,On or near Trotwood,E01021765,Epping Forest 017B,Anti-social behaviour,,
f9b6dc3e495e006ed30e56a61a8d86548963af6e354b163467972d09a885649c,2014-08,Essex Police,Essex Police,0.090342,51.611069,On or near Oak Lodge Avenue,E01021765,Epping Forest 017B,Burglary,Under investigation,
6ebdbce34f635b6773dbb51271d9e2afdce68465e11b982adb5bca189f53b81b,2014-08,Essex Police,Essex Police,0.097962,51.615942,On or near High Elms,E01021765,Epping Forest 017B,Criminal damage and arson,Investigation complete; no suspect identified,
69c4d16db41355142f3383e30c406b2a424b52b2f1e90e07e0386abe92c1c1af,2014-08,Essex Police,Essex Police,0.090342,51.611069,On or near Oak Lodge Avenue,E01021765,Epping Forest 017B,Vehicle crime,Investigation complete; no suspect identified,
4a318e9b56aa5057d74026ae8dc95285ca702675d92f4e9ec6824e5e06cf90cc,2014-08,Essex Police,Essex Police,0.097962,51.615942,On or near High Elms,E01021765,Epping Forest 017B,Violence and sexual offences,Investigation complete; no suspect identified,
,2014-08,Essex Police,Essex Police,0.068922,51.607564,On or near New Forest Lane,E01021766,Epping Forest 017C,Anti-social behaviour,,
67b5433f6a14eb46ca2d834aefc5da626e506b0e616502af5c8b24b28dec4b89,2014-08,Essex Police,Essex Police,0.081672,51.608139,On or near Shrublands Close,E01021766,Epping Forest 017C,Burglary,Investigation complete; no suspect identified,
f97919912719e219e33b78b423c6ca3775782d8cbd5d583ebcc9a06c9e198169,2014-08,Essex Police,Essex Police,0.081672,51.608139,On or near Shrublands Close,E01021766,Epping Forest 017C,Burglary,Under investigation,
e999239453988fd6410426f8167ff8d03f6783e0b7dd93312c89a3d182f0b6c5,2014-08,Essex Police,Essex Police,0.082528,51.608546,On or near Fencepiece Road,E01021766,Epping Forest 017C,Criminal damage and arson,Investigation complete; no suspect identified,
77f0141f131d14147ed2e82d3a1074e4b6476bd46e456329ca7d0ab068ac201b,2014-08,Essex Police,Essex Police,0.069194,51.606561,On or near Tomswood Road,E01021766,Epping Forest 017C,Vehicle crime,Investigation complete; no suspect identified,
,2014-08,Essex Police,Essex Police,0.081931,51.614753,On or near Broadhurst Gardens,E01021767,Epping Forest 017D,Anti-social behaviour,,
,2014-08,Essex Police,Essex Police,0.083362,51.610672,On or near St Winifred'S Close,E01021767,Epping Forest 017D,Anti-social behaviour,,
,2014-08,Essex Police,Essex Police,0.081345,51.610779,On or near Petrol Station,E01021767,Epping Forest 017D,Anti-social behaviour,,
,2014-08,Essex Police,Essex Police,0.081931,51.614753,On or near Broadhurst Gardens,E01021767,Epping Forest 017D,Anti-social behaviour,,
4451a2ee5a0e523aadc97cf62f51032fa944dca5fe0296ebf22f2d6532b18679,2014-08,Essex Police,Essex Police,0.084421,51.614250,On or near Dacre Gardens,E01021767,Epping Forest 017D,Burglary,Under investigation,
fc9b530904bb4d88fe64e34c29f565fad9f0d9832d80bfe949ab52ae952f7d43,2014-08,Essex Police,Essex Police,0.084421,51.614250,On or near Dacre Gardens,E01021767,Epping Forest 017D,Burglary,Under investigation,
0287636aa2a2f7e42306ea20cc48d45e1ea869fd43a0d3501bb813a4ae4bbb07,2014-08,Essex Police,Essex Police,0.083492,51.613511,On or near Fontayne Avenue,E01021767,Epping Forest 017D,Burglary,Under investigation,
41826762b3b48495ca556b943e31b1ba5e01516c7e2ead84ab397eebc6e0287f,2014-08,Essex Police,Essex Police,0.081345,51.610779,On or near Petrol Station,E01021767,Epping Forest 017D,Other theft,Under investigation,
2d22e6f851cfefa4083917f1b44cab18ad4771fe3cba542d9c52d59aca996f5d,2014-08,Essex Police,Essex Police,0.081345,51.610779,On or near Petrol Station,E01021767,Epping Forest 017D,Other theft,Under investigation,
87e898aa48ba530866932bafbfd1eff1123e528ec20c74f7e4f2122bb1dc6dc8,2014-08,Essex Police,Essex Police,0.081345,51.610779,On or near Petrol Station,E01021767,Epping Forest 017D,Public order,Under investigation,
0cc084894a79880b98e9af3ef21abf3f32585d0e2f3904f6ca2d7bd96e1f8cad,2014-08,Essex Police,Essex Police,0.081972,51.615651,On or near Hycliffe Gardens,E01021767,Epping Forest 017D,Vehicle crime,Investigation complete; no suspect identified,
fa1313c8c1ec3a64466eec51e8453f062957fdb9669c883d75958ca1dd7e29dc,2014-08,Essex Police,Essex Police,0.086861,51.610753,On or near Northdene,E01021767,Epping Forest 017D,Violence and sexual offences,Under investigation,
b990ef45876c08e21b11330e901020fdc68dcae3d624e121549f587386d0effb,2014-08,Essex Police,Essex Police,0.085378,51.613064,On or near Dacre Close,E01021767,Epping Forest 017D,Violence and sexual offences,Awaiting court outcome,
0eba4e0137592c3c1fe1ede0df46617393c248369a388a70133f1d719239afdf,2014-08,Essex Police,Essex Police,0.081917,51.610661,On or near Manor Road,E01021767,Epping Forest 017D,Violence and sexual offences,Unable to prosecute suspect,
,2014-08,Essex Police,Essex Police,0.132995,51.791727,On or near Cambridge Road,E01021854,Harlow 001A,Anti-social behaviour,,
,2014-08,Essex Police,Essex Police,0.132995,51.791727,On or near Cambridge Road,E01021854,Harlow 001A,Anti-social behaviour,,
f6cf70dbaddfc8add086ede31c330d33173360f3af75fa7dd1a2d5ed0d5f196c,2014-08,Essex Police,Essex Police,0.132455,51.795631,On or near Harlow Road,E01021854,Harlow 001A,Burglary,Investigation complete; no suspect identified,
b0ef3ab9556f9d1874e458fcdfce080003be7c3f765aeed4f21bef367889657d,2014-08,Essex Police,Essex Police,0.138983,51.789865,On or near Guilfords,E01021854,Harlow 001A,Criminal damage and arson,Under investigation,
39a5f6881a7844b754d761a5a37c35b45b125e759c4c8127db927f4a0587f760,2014-08,Essex Police,Essex Police,0.134727,51.791858,On or near Hart Road,E01021854,Harlow 001A,Vehicle crime,Under investigation,
cd9abc2818fe23d3cdf33b65f4da80e72238a2b288c1c0eebd419bed807d0951,2014-08,Essex Police,Essex Police,0.134727,51.791858,On or near Hart Road,E01021854,Harlow 001A,Vehicle crime,Under investigation,
9bc1b42c192b2f86c8e49d983ab2664c0d36f160cf96a45ed64dca4cff53d611,2014-08,Essex Police,Essex Police,0.135975,51.788490,On or near Priory Avenue,E01021854,Harlow 001A,Violence and sexual offences,Unable to prosecute suspect,
,2014-08,Essex Police,Essex Police,0.135828,51.781397,On or near Chippingfield,E01021855,Harlow 001B,Anti-social behaviour,,
,2014-08,Essex Police,Essex Police,0.135828,51.781397,On or near Chippingfield,E01021855,Harlow 001B,Anti-social behaviour,,
bf99b8a2075ccd3020fd21348e2758e6bb0c2d093a1417eb7e1ef7844b312674,2014-08,Essex Police,Essex Police,0.137415,51.785514,On or near St John'S Avenue,E01021855,Harlow 001B,Criminal damage and arson,Investigation complete; no suspect identified,
c1195c18e8426b983596f1126679d7e59865f104b594f5ec99ff165a2af855aa,2014-08,Essex Police,Essex Police,0.133364,51.783564,On or near Supermarket,E01021855,Harlow 001B,Shoplifting,Under investigation,
02c999eb01e1eba20d878c4f9a65851f8c2a4b348034443cdef3ef38311f5062,2014-08,Essex Police,Essex Police,0.133364,51.783564,On or near Supermarket,E01021855,Harlow 001B,Shoplifting,Under investigation,
23f039542274ea35fb1218fcbd9e92334e7335fb42efa8ca53ec648ccfda5f87,2014-08,Essex Police,Essex Police,0.137415,51.785514,On or near St John'S Avenue,E01021855,Harlow 001B,Vehicle crime,Investigation complete; no suspect identified,
,2014-08,Essex Police,Essex Police,0.132259,51.780113,On or near London Road,E01021856,Harlow 001C,Anti-social behaviour,,
,2014-08,Essex Police,Essex Police,0.131308,51.783916,On or near Black Lion Court,E01021856,Harlow 001C,Anti-social behaviour,,
,2014-08,Essex Police,Essex Police,0.134840,51.786271,On or near The Hill,E01021856,Harlow 001C,Anti-social behaviour,,
,2014-08,Essex Police,Essex Police,0.128599,51.784901,On or near Marigold Place,E01021856,Harlow 001C,Anti-social behaviour,,
e367bd998a0d600ebf79bac77de15ca1e9599b6c9db430194ec5cc8e007255b5,2014-08,Essex Police,Essex Police,0.132902,51.786360,On or near Station Road,E01021856,Harlow 001C,Vehicle crime,Under investigation,
,2014-08,Essex Police,Essex Police,0.138429,51.772007,On or near Great Augur Street,E01021857,Harlow 001D,Anti-social behaviour,,
,2014-08,Essex Police,Essex Police,0.134861,51.771964,On or near Basil Mews,E01021857,Harlow 001D,Anti-social behaviour,,
,2014-08,Essex Police,Essex Police,0.134347,51.771209,On or near Flint Lane,E01021857,Harlow 001D,Anti-social behaviour,,
,2014-08,Essex Police,Essex Police,0.137428,51.783949,On or near High Street,E01021857,Harlow 001D,Anti-social behaviour,,
ef02b543a71d3720349c7e92b76f0f952a74cf8e7d41b61e8a53c1c7d241766a,2014-08,Essex Police,Essex Police,0.141140,51.782739,On or near Mulberry Gardens,E01021857,Harlow 001D,Other theft,Under investigation,
19550c39d7fb9db54bb77cd39dc063c25c65b7779c1eea68a896491d9c9c10ea,2014-08,Essex Police,Essex Police,0.137411,51.771324,On or near Simplicity Lane,E01021857,Harlow 001D,Vehicle crime,Investigation complete; no suspect identified,
ff0e4bbb1bcf1d559bf756781536715fd6a339c7e0648d0de78482dc27b451d4,2014-08,Essex Police,Essex Police,0.134261,51.770914,On or near Moss Lane,E01021857,Harlow 001D,Violence and sexual offences,Under investigation,
,2014-08,Essex Police,Essex Police,0.122786,51.775033,On or near Churchfield,E01021844,Harlow 002A,Anti-social behaviour,,
,2014-08,Essex Police,Essex Police,0.122786,51.775033,On or near Churchfield,E01021844,Harlow 002A,Anti-social behaviour,,
,2014-08,Essex Police,Essex Police,0.116516,51.777664,On or near Mistley Road,E01021844,Harlow 002A,Anti-social behaviour,,
,2014-08,Essex Police,Essex Police,0.115272,51.774611,On or near Parking Area,E01021844,Harlow 002A,Anti-social behaviour,,
,2014-08,Essex Police,Essex Police,0.118336,51.779376,On or near Mowbray Road,E01021844,Harlow 002A,Anti-social behaviour,,
7e5bf322de287e4001a866c236520f3bb5cfe1e5ba7c75c379853575114962f9,2014-08,Essex Police,Essex Police,0.122786,51.775033,On or near Churchfield,E01021844,Harlow 002A,Burglary,Investigation complete; no suspect identified,
42e7694759981d50071d9a1efc08de23d88ce82d025ed52cce7cc18ba3a5dd2f,2014-08,Essex Police,Essex Police,0.118336,51.779376,On or near Mowbray Road,E01021844,Harlow 002A,Public order,Offender given a caution,
794d414da1cf4fcfb44545d38e36dbf8ff536023b114eb6855921b031323c90f,2014-08,Essex Police,Essex Police,0.118336,51.779376,On or near Mowbray Road,E01021844,Harlow 002A,Violence and sexual offences,Under investigation,
,2014-08,Essex Police,Essex Police,0.115390,51.784591,On or near Supermarket,E01021845,Harlow 002B,Anti-social behaviour,,
,2014-08,Essex Police,Essex Police,0.113929,51.775651,On or near The Stow,E01021845,Harlow 002B,Anti-social behaviour,,
,2014-08,Essex Police,Essex Police,0.113929,51.775651,On or near The Stow,E01021845,Harlow 002B,Anti-social behaviour,,
,2014-08,Essex Police,Essex Police,0.113864,51.777379,On or near Great Plumtree,E01021845,Harlow 002B,Anti-social behaviour,,
,2014-08,Essex Police,Essex Police,0.114475,51.776487,On or near Parking Area,E01021845,Harlow 002B,Anti-social behaviour,,
,2014-08,Essex Police,Essex Police,0.113929,51.775651,On or near The Stow,E01021845,Harlow 002B,Anti-social behaviour,,
,2014-08,Essex Police,Essex Police,0.113929,51.775651,On or near The Stow,E01021845,Harlow 002B,Anti-social behaviour,,
,2014-08,Essex Police,Essex Police,0.113136,51.779784,On or near Glebelands,E01021845,Harlow 002B,Anti-social behaviour,,
,2014-08,Essex Police,Essex Police,0.113929,51.775651,On or near The Stow,E01021845,Harlow 002B,Anti-social behaviour,,
,2014-08,Essex Police,Essex Police,0.113929,51.775651,On or near The Stow,E01021845,Harlow 002B,Anti-social behaviour,,
,2014-08,Essex Police,Essex Police,0.115390,51.784591,On or near Supermarket,E01021845,Harlow 002B,Anti-social behaviour,,
,2014-08,Essex Police,Essex Police,0.113929,51.775651,On or near The Stow,E01021845,Harlow 002B,Anti-social behaviour,,
,2014-08,Essex Police,Essex Police,0.113929,51.775651,On or near The Stow,E01021845,Harlow 002B,Anti-social behaviour,,
,2014-08,Essex Police,Essex Police,0.109228,51.781779,On or near Shopping Area,E01021845,Harlow 002B,Anti-social behaviour,,
,2014-08,Essex Police,Essex Police,0.113929,51.775651,On or near The Stow,E01021845,Harlow 002B,Anti-social behaviour,,
,2014-08,Essex Police,Essex Police,0.113929,51.775651,On or near The Stow,E01021845,Harlow 002B,Anti-social behaviour,,
,2014-08,Essex Police,Essex Police,0.116417,51.779581,On or near Tany'S Dell,E01021845,Harlow 002B,Anti-social behaviour,,
,2014-08,Essex Police,Essex Police,0.113929,51.775651,On or near The Stow,E01021845,Harlow 002B,Anti-social behaviour,,
,2014-08,Essex Police,Essex Police,0.114475,51.776487,On or near Parking Area,E01021845,Harlow 002B,Anti-social behaviour,,
,2014-08,Essex Police,Essex Police,0.113929,51.775651,On or near The Stow,E01021845,Harlow 002B,Anti-social behaviour,,
,2014-08,Essex Police,Essex Police,0.109228,51.781779,On or near Shopping Area,E01021845,Harlow 002B,Anti-social behaviour,,
,2014-08,Essex Police,Essex Police,0.113929,51.775651,On or near The Stow,E01021845,Harlow 002B,Anti-social behaviour,,
,2014-08,Essex Police,Essex Police,0.113929,51.775651,On or near The Stow,E01021845,Harlow 002B,Anti-social behaviour,,
,2014-08,Essex Police,Essex Police,0.113929,51.775651,On or near The Stow,E01021845,Harlow 002B,Anti-social behaviour,,
,2014-08,Essex Police,Essex Police,0.114475,51.776487,On or near Parking Area,E01021845,Harlow 002B,Anti-social behaviour,,
,2014-08,Essex Police,Essex Police,0.114475,51.776487,On or near Parking Area,E01021845,Harlow 002B,Anti-social behaviour,,
,2014-08,Essex Police,Essex Police,0.115390,51.784591,On or near Supermarket,E01021845,Harlow 002B,Anti-social behaviour,,
,2014-08,Essex Police,Essex Police,0.113929,51.775651,On or near The Stow,E01021845,Harlow 002B,Anti-social behaviour,,
80287c64241a9f4e3cd0754e7b42d58288cdb8f995cd32e54087892ea1b5850d,2014-08,Essex Police,Essex Police,0.113929,51.775651,On or near The Stow,E01021845,Harlow 002B,Bicycle theft,Under investigation,
f5356dd26534f7b84b74bfbe13b3f3bff8bf94d7880966da6657d78c87bd20d7,2014-08,Essex Police,Essex Police,0.113864,51.777379,On or near Great Plumtree,E01021845,Harlow 002B,Burglary,Under investigation,
f8873c4a72ceefecb2b720b8fa90bb1a3c4c556ca421b9595cb3263e1ca07523,2014-08,Essex Police,Essex Police,0.109228,51.781779,On or near Shopping Area,E01021845,Harlow 002B,Burglary,Investigation complete; no suspect identified,
02e7ecac4fb998ed56e6c45fcbe0ce7f4f3e22de460473d114db937b6c2196d0,2014-08,Essex Police,Essex Police,0.113929,51.775651,On or near The Stow,E01021845,Harlow 002B,Criminal damage and arson,Investigation complete; no suspect identified,
1e2a2d5cd1501b614a1fc7312a0ec8def255138b635a9583aed8b96e9ef38893,2014-08,Essex Police,Essex Police,0.108431,51.784581,On or near Shopping Area,E01021845,Harlow 002B,Criminal damage and arson,Under investigation,
44ad3a6b557afe54a8e46288959f1503d53f62bca593bc76d89c59d9571993d1,2014-08,Essex Police,Essex Police,0.108431,51.784581,On or near Shopping Area,E01021845,Harlow 002B,Criminal damage and arson,Investigation complete; no suspect identified,
7a4ed16ccde5113f79242716d960dd05e1d2d909bd36ae8bb4358b22b37111c3,2014-08,Essex Police,Essex Police,0.113929,51.775651,On or near The Stow,E01021845,Harlow 002B,Criminal damage and arson,Under investigation,
9fa2673b12e3929c6cb8b6db80026c13748bbe990b712ab7ffc023fb473d248a,2014-08,Essex Police,Essex Police,0.113929,51.775651,On or near The Stow,E01021845,Harlow 002B,Criminal damage and arson,Awaiting court outcome,
a4d47f427e06a385b31d6d590feceeb7fe388c73e8f9e7802ea88f25472c3217,2014-08,Essex Police,Essex Police,0.114475,51.776487,On or near Parking Area,E01021845,Harlow 002B,Public order,Offender given suspended prison sentence,
74fc12f2e1a16a8100199eceed9da6093e91713dd3f871ff763e73cc4e4b7d19,2014-08,Essex Police,Essex Police,0.113929,51.775651,On or near The Stow,E01021845,Harlow 002B,Public order,Under investigation,
179cd063a65d12f809c0e0a187f5c8ef0f9336ac9a8bd80140d26f3f15e44ff8,2014-08,Essex Police,Essex Police,0.113571,51.775748,On or near Parking Area,E01021845,Harlow 002B,Public order,Under investigation,
f8d216e29485254f0debd0f84f6bfcf38343fcfa8dfc6fd951553a6290c9c0b1,2014-08,Essex Police,Essex Police,0.109228,51.781779,On or near Shopping Area,E01021845,Harlow 002B,Shoplifting,Investigation complete; no suspect identified,
9f1f7b2dc66450586943a49003e56c2d9fa1fbc86fa80be07c6af283bb8021ae,2014-08,Essex Police,Essex Police,0.109228,51.781779,On or near Shopping Area,E01021845,Harlow 002B,Shoplifting,Under investigation,
8f7ce9fafeebe501d1a1006834aa79e94ea57f8830a5d3ac8db896fc3a54ca76,2014-08,Essex Police,Essex Police,0.114475,51.776487,On or near Parking Area,E01021845,Harlow 002B,Shoplifting,Offender given suspended prison sentence,
377ef6a2ef9c809200e9d9d5782d481cd7537ba89cb3a10c3a2fdcf030504630,2014-08,Essex Police,Essex Police,0.113571,51.775748,On or near Parking Area,E01021845,Harlow 002B,Shoplifting,Under investigation,
ccaa6d4121c3f5010ba7565097edc58023864ef133964f2a2361f99312a320c8,2014-08,Essex Police,Essex Police,0.109228,51.781779,On or near Shopping Area,E01021845,Harlow 002B,Shoplifting,Under investigation,
f94b528adc98df4cbe015c5e3491830799d4aa31ba04c19db1c844307d28ce44,2014-08,Essex Police,Essex Police,0.114475,51.776487,On or near Parking Area,E01021845,Harlow 002B,Shoplifting,Unable to prosecute suspect,
91dff388745e7bf738d1171cc443a33e2d404bafd6cbe606f59779ba0c260b1a,2014-08,Essex Police,Essex Police,0.110047,51.782879,On or near Dukes Path,E01021845,Harlow 002B,Shoplifting,Investigation complete; no suspect identified,
a0a5ab093671f6c0ebf213501525e16cfda5d90602302135fe9cda88cd40dbc2,2014-08,Essex Police,Essex Police,0.108431,51.784581,On or near Shopping Area,E01021845,Harlow 002B,Shoplifting,Investigation complete; no suspect identified,
3642e6f830e6c47ea47f7481d8f22291390c60309c016deed8e0c29d07372a1b,2014-08,Essex Police,Essex Police,0.114475,51.776487,On or near Parking Area,E01021845,Harlow 002B,Shoplifting,Under investigation,
b07ef0115a6742159f31cf8f1272d57a92aa0b6a89139dca1cf7949cde02c3a8,2014-08,Essex Police,Essex Police,0.113929,51.775651,On or near The Stow,E01021845,Harlow 002B,Shoplifting,Under investigation,
293dc1ed68449c489eebbea7729ac1f1530483c8b314d1b9f6a2a668d1271004,2014-08,Essex Police,Essex Police,0.113929,51.775651,On or near The Stow,E01021845,Harlow 002B,Shoplifting,Under investigation,
e7407d755b744d8f03115ad818a07a77cc1ac2cc06271c2ba24fc15e9d9ddd7a,2014-08,Essex Police,Essex Police,0.115390,51.784591,On or near Supermarket,E01021845,Harlow 002B,Vehicle crime,Investigation complete; no suspect identified,
75319bbb6d174eba58ffb1c88ae4f9d5b023d42dd10a3c7ccf7561f32d8bd96e,2014-08,Essex Police,Essex Police,0.110047,51.782879,On or near Dukes Path,E01021845,Harlow 002B,Vehicle crime,Investigation complete; no suspect identified,
c28529558d04b80746f31d4ea690f9b1c55d11a1f6717c6e6110b1dd4cd2f31e,2014-08,Essex Police,Essex Police,0.114475,51.776487,On or near Parking Area,E01021845,Harlow 002B,Violence and sexual offences,Under investigation,
0a94a88a7f81c415ce83e94067106ae468d8fa2cea5aa1e4fc9441ad8c2741b7,2014-08,Essex Police,Essex Police,0.108431,51.784581,On or near Shopping Area,E01021845,Harlow 002B,Violence and sexual offences,Under investigation,
c49b2999a416858c861adef5b6d921446352f13b5ce41c3cf14578d6939d93d0,2014-08,Essex Police,Essex Police,0.116417,51.779581,On or near Tany'S Dell,E01021845,Harlow 002B,Violence and sexual offences,Unable to prosecute suspect,
0dd6e5ea9b4d02d96aaf948a0c4d720fb7faf02439a36970274ca73d90ed32ee,2014-08,Essex Police,Essex Police,0.113136,51.779784,On or near Glebelands,E01021845,Harlow 002B,Violence and sexual offences,Unable to prosecute suspect,
6c6128535b67583aab3ade19b9ffd948dfe77424a498a5b122e58845d0cc8d24,2014-08,Essex Police,Essex Police,0.113136,51.779784,On or near Glebelands,E01021845,Harlow 002B,Violence and sexual offences,Unable to prosecute suspect,
52593df43e5f4051c17e5eb15b3a73bed70e66225d831b0a15ef26ce493a9f71,2014-08,Essex Police,Essex Police,0.113864,51.777379,On or near Great Plumtree,E01021845,Harlow 002B,Violence and sexual offences,Under investigation,
91af777c3cbfc0c5c5968f29f9380aeb53b90eecd5f0abb53c9e5f0b64ff06c2,2014-08,Essex Police,Essex Police,0.114475,51.776487,On or near Parking Area,E01021845,Harlow 002B,Violence and sexual offences,Investigation complete; no suspect identified,
c0c541ba1802f91ef2774a08066cc9de8c15a2c163496945dd2f2d9d9150c0b8,2014-08,Essex Police,Essex Police,0.113136,51.779784,On or near Glebelands,E01021845,Harlow 002B,Violence and sexual offences,Unable to prosecute suspect,
eb2a779284a81ab466f06a15476d0e9d9005e1bd2924e934e95cb3ee86a89b96,2014-08,Essex Police,Essex Police,0.108431,51.784581,On or near Shopping Area,E01021845,Harlow 002B,Other crime,Investigation complete; no suspect identified,
,2014-08,Essex Police,Essex Police,0.120113,51.769668,On or near Pennymead,E01021846,Harlow 002C,Anti-social behaviour,,
,2014-08,Essex Police,Essex Police,0.117502,51.768690,On or near Quarry Spring,E01021846,Harlow 002C,Anti-social behaviour,,
,2014-08,Essex Police,Essex Police,0.117502,51.768690,On or near Quarry Spring,E01021846,Harlow 002C,Anti-social behaviour,,
,2014-08,Essex Police,Essex Police,0.124906,51.764941,On or near Latton Street,E01021846,Harlow 002C,Anti-social behaviour,,
,2014-08,Essex Police,Essex Police,0.120113,51.769668,On or near Pennymead,E01021846,Harlow 002C,Anti-social behaviour,,
,2014-08,Essex Police,Essex Police,0.117502,51.768690,On or near Quarry Spring,E01021846,Harlow 002C,Anti-social behaviour,,
,2014-08,Essex Police,Essex Police,0.117502,51.768690,On or near Quarry Spring,E01021846,Harlow 002C,Anti-social behaviour,,
,2014-08,Essex Police,Essex Police,0.117502,51.768690,On or near Quarry Spring,E01021846,Harlow 002C,Anti-social behaviour,,
,2014-08,Essex Police,Essex Police,0.120113,51.769668,On or near Pennymead,E01021846,Harlow 002C,Anti-social behaviour,,
,2014-08,Essex Police,Essex Police,0.122640,51.772536,On or near Ladyshot,E01021846,Harlow 002C,Anti-social behaviour,,
,2014-08,Essex Police,Essex Police,0.117502,51.768690,On or near Quarry Spring,E01021846,Harlow 002C,Anti-social behaviour,,
,2014-08,Essex Police,Essex Police,0.117502,51.768690,On or near Quarry Spring,E01021846,Harlow 002C,Anti-social behaviour,,
780f321b7687d2ee9161c4307a5ca2bf7c9e81e55f3c1ce89a713c136b2621d6,2014-08,Essex Police,Essex Police,0.117502,51.768690,On or near Quarry Spring,E01021846,Harlow 002C,Burglary,Under investigation,
e2e9aa7822af3932dc5c539714cc33104a6a9e6568db0da961ddc33d6a1c0984,2014-08,Essex Police,Essex Police,0.122640,51.772536,On or near Ladyshot,E01021846,Harlow 002C,Criminal damage and arson,Investigation complete; no suspect identified,
418a338fed16983ab8c91155c1ea86316a5005f8b0e17e48bbc5d747831673c7,2014-08,Essex Police,Essex Police,0.117502,51.768690,On or near Quarry Spring,E01021846,Harlow 002C,Drugs,Under investigation,
a6128880649d2beaadde36f07051874b6adcd322a96d9afb77fe45a81cda89ab,2014-08,Essex Police,Essex Police,0.125744,51.763946,On or near Second Avenue,E01021846,Harlow 002C,Other theft,Investigation complete; no suspect identified,
01a3e408da3f08c36d87fcedc5c8996892d0d2a311b2a7ec8acb825b57236c5c,2014-08,Essex Police,Essex Police,0.117502,51.768690,On or near Quarry Spring,E01021846,Harlow 002C,Public order,Offender fined,
2e0b6fea7a80f8225d42799cea982296a5a120426e009782de6db8da6f89b85b,2014-08,Essex Police,Essex Police,0.122640,51.772536,On or near Ladyshot,E01021846,Harlow 002C,Vehicle crime,Under investigation,
70cd6c0ee7d2a24259b1ffa45155a14bb90f5ce792c58685b737bcded9e0bc9d,2014-08,Essex Police,Essex Police,0.120113,51.769668,On or near Pennymead,E01021846,Harlow 002C,Violence and sexual offences,Under investigation,
69a2ed3adfead7971b666859f779007e1032fb1eb6006f1f69635b4271255406,2014-08,Essex Police,Essex Police,0.117502,51.768690,On or near Quarry Spring,E01021846,Harlow 002C,Violence and sexual offences,Under investigation,
b634ac2ea064e36747cb779a5ee241c4d504aee56c4aeac3664ffd59c8923e6f,2014-08,Essex Police,Essex Police,0.117502,51.768690,On or near Quarry Spring,E01021846,Harlow 002C,Violence and sexual offences,Unable to prosecute suspect,
df1b083f0e792e70d226d9aeea22927207207aa27be6440be3594151919e7a1e,2014-08,Essex Police,Essex Police,0.125771,51.773172,On or near Sports/Recreation Area,E01021846,Harlow 002C,Violence and sexual offences,Unable to prosecute suspect,
34820e26abdd4bb1b72cdb2a8c95c3d5081a2c22e3112df387c0c320109901c6,2014-08,Essex Police,Essex Police,0.117502,51.768690,On or near Quarry Spring,E01021846,Harlow 002C,Violence and sexual offences,Unable to prosecute suspect,
,2014-08,Essex Police,Essex Police,0.117167,51.772365,On or near Blackbush Spring,E01021847,Harlow 002D,Anti-social behaviour,,
,2014-08,Essex Police,Essex Police,0.117167,51.772365,On or near Blackbush Spring,E01021847,Harlow 002D,Anti-social behaviour,,
,2014-08,Essex Police,Essex Police,0.115093,51.771719,On or near Vicarage Wood,E01021847,Harlow 002D,Anti-social behaviour,,
d8f75b245a78359e906f1fe967e79d8ca9e6102b18a96bf0862d806fb16db0dc,2014-08,Essex Police,Essex Police,0.116622,51.769713,On or near Tunnmeade,E01021847,Harlow 002D,Criminal damage and arson,Under investigation,
16940da8dbde24f7c0e1fd69691eb19ef57da024e6cb56497de2d415f56c454b,2014-08,Essex Police,Essex Police,0.116622,51.769713,On or near Tunnmeade,E01021847,Harlow 002D,Other theft,Investigation complete; no suspect identified,
12f4389d91e181975972d376caf7417ed315d97838be940b38508de05e1d5401,2014-08,Essex Police,Essex Police,0.117918,51.770445,On or near Harefield,E01021847,Harlow 002D,Public order,Under investigation,
e679203cd252c7aae3d83083cd41fce5ef52b8941059cf66091ab1983c34c856,2014-08,Essex Police,Essex Police,0.116622,51.769713,On or near Tunnmeade,E01021847,Harlow 002D,Vehicle crime,Under investigation,
989b9a9acec74b879b1e6876a7b1c62643e8d2cefea858ab1dad4120e78c7c0e,2014-08,Essex Police,Essex Police,0.116622,51.769713,On or near Tunnmeade,E01021847,Harlow 002D,Violence and sexual offences,Under investigation,
,2014-08,Essex Police,Essex Police,0.132401,51.790200,On or near Parking Area,E01021848,Harlow 002E,Anti-social behaviour,,
,2014-08,Essex Police,Essex Police,0.132401,51.790200,On or near Parking Area,E01021848,Harlow 002E,Anti-social behaviour,,
,2014-08,Essex Police,Essex Police,0.126125,51.781627,On or near Broomfield,E01021848,Harlow 002E,Anti-social behaviour,,
,2014-08,Essex Police,Essex Police,0.126116,51.776493,On or near Felmongers,E01021848,Harlow 002E,Anti-social behaviour,,
,2014-08,Essex Police,Essex Police,0.124229,51.785708,On or near Petrol Station,E01021848,Harlow 002E,Anti-social behaviour,,
,2014-08,Essex Police,Essex Police,0.122586,51.780351,On or near Mark Hall Moors,E01021848,Harlow 002E,Anti-social behaviour,,
,2014-08,Essex Police,Essex Police,0.126116,51.776493,On or near Felmongers,E01021848,Harlow 002E,Anti-social behaviour,,
df7ff538d4717571e104ce7ffc91b867b44310d6ce15db389baf52c10df58000,2014-08,Essex Police,Essex Police,0.123515,51.785928,On or near East Road,E01021848,Harlow 002E,Burglary,Under investigation,
0af73ba1ae90b6804a62df2bd9a1d3136cbe9c4ff8576f796ccb9cf509ac031d,2014-08,Essex Police,Essex Police,0.126116,51.776493,On or near Felmongers,E01021848,Harlow 002E,Burglary,Under investigation,
3522ea887a6aa55939d3a3a0749c19814fb5e819e7a40aed2f3b15bb60f0641c,2014-08,Essex Police,Essex Police,0.128505,51.791215,On or near Temple Bank,E01021848,Harlow 002E,Burglary,Under investigation,
fddcc72dff68a2764037c1fd6acde6d6c0e888992729a44532cd531311742c8a,2014-08,Essex Police,Essex Police,0.128505,51.791215,On or near Temple Bank,E01021848,Harlow 002E,Burglary,Under investigation,
690081a223a2a4505039d1fe25cdc568fd80497fc8b9c3e22f3d6536782b685f,2014-08,Essex Police,Essex Police,0.124229,51.785708,On or near Petrol Station,E01021848,Harlow 002E,Burglary,Under investigation,
a0d3ec9ffe0a3d5157428ae4a638fbbfb28dde3d53e14f52dde3589122845322,2014-08,Essex Police,Essex Police,0.128505,51.791215,On or near Temple Bank,E01021848,Harlow 002E,Burglary,Under investigation,
474bf98a2da2fa469aacdf2685f3d1297597a6e96db0025ee22236f44cdbcfea,2014-08,Essex Police,Essex Police,0.123515,51.785928,On or near East Road,E01021848,Harlow 002E,Other theft,Investigation complete; no suspect identified,
f4695178ba44d89dcde4a55b4413dd4799b0e963729de49a0bce707255dcdd39,2014-08,Essex Police,Essex Police,0.124229,51.785708,On or near Petrol Station,E01021848,Harlow 002E,Other theft,Under investigation,
311919c5b15047cd846fb4e058ff77156591d96a9c3f81fed026767dcac89bc6,2014-08,Essex Police,Essex Police,0.124229,51.785708,On or near Petrol Station,E01021848,Harlow 002E,Other theft,Under investigation,
0e78972142455e4f844397d6c6138b15721057118ea517a5281abf83edaffce2,2014-08,Essex Police,Essex Police,0.125080,51.783750,On or near Bromley Close,E01021848,Harlow 002E,Other theft,Under investigation,
1b7fd517fac87ac7faea2c84c2e7d34c05f5788ee5d3663f068724b337dbb405,2014-08,Essex Police,Essex Police,0.124229,51.785708,On or near Petrol Station,E01021848,Harlow 002E,Other theft,Under investigation,
30670425c2dff2399b9bec595155ccd1a493a5ccdc9e20c670df97dda8149f37,2014-08,Essex Police,Essex Police,0.117296,51.785653,On or near Petrol Station,E01021848,Harlow 002E,Shoplifting,Under investigation,
b72e5d399943a242815b8d3c915cd381b3d06b92587425ef1f25b63d48366fcf,2014-08,Essex Police,Essex Police,0.123515,51.785928,On or near East Road,E01021848,Harlow 002E,Theft from the person,Investigation complete; no suspect identified,
fe6c50561e222931054021a8e0dd1b3794e34b7ff0545c63ec9c3df10cc9829e,2014-08,Essex Police,Essex Police,0.116772,51.783747,On or near West Road,E01021848,Harlow 002E,Vehicle crime,Under investigation,
c46b463488e9413f0cec84c991d7013488a9b35e97e6e5bfacc131c5e0240c18,2014-08,Essex Police,Essex Police,0.125376,51.779563,On or near Fesants Croft,E01021848,Harlow 002E,Vehicle crime,Investigation complete; no suspect identified,
bafc672dbbefa30935e30890fabac33d22e73dc31cd7535390b3bbb5abcdf8dd,2014-08,Essex Police,Essex Police,0.128181,51.778793,On or near Pedestrian Subway,E01021848,Harlow 002E,Violence and sexual offences,Awaiting court outcome,
01f0c43b2c8f2c22896a4dc8d0dc08f7871e7fea3a4a941b69f9c6b00d0ca743,2014-08,Essex Police,Essex Police,0.117296,51.785653,On or near Petrol Station,E01021848,Harlow 002E,Violence and sexual offences,Under investigation,
b373475671a30bd8578acf339a75d8b7a031dae6837df271b3e0e872b14273fb,2014-08,Essex Police,Essex Police,0.125080,51.783750,On or near Bromley Close,E01021848,Harlow 002E,Violence and sexual offences,Unable to prosecute suspect,
,2014-08,Essex Police,Essex Police,0.103079,51.770217,On or near Broadfield,E01021849,Harlow 003A,Anti-social behaviour,,
,2014-08,Essex Police,Essex Police,0.105174,51.770368,On or near Maddox Road,E01021849,Harlow 003A,Anti-social behaviour,,
,2014-08,Essex Police,Essex Police,0.103079,51.770217,On or near Broadfield,E01021849,Harlow 003A,Anti-social behaviour,,
,2014-08,Essex Police,Essex Police,0.100383,51.768341,On or near Sports/Recreation Area,E01021849,Harlow 003A,Anti-social behaviour,,
,2014-08,Essex Police,Essex Police,0.105174,51.770368,On or near Maddox Road,E01021849,Harlow 003A,Anti-social behaviour,,
,2014-08,Essex Police,Essex Police,0.102693,51.771572,On or near Sports/Recreation Area,E01021849,Harlow 003A,Anti-social behaviour,,
,2014-08,Essex Police,Essex Police,0.105268,51.768352,On or near The Downs,E01021849,Harlow 003A,Anti-social behaviour,,
9f703d6301dab2c8af9b807e2518625b6f5ab11df8cba4673eaf69d5e1d4a557,2014-08,Essex Police,Essex Police,0.099018,51.767969,On or near Sports/Recreation Area,E01021849,Harlow 003A,Bicycle theft,Investigation complete; no suspect identified,
c6c977b4e7aaba0243f6ccc6143b1e9a516b749bb98338554b2a0f6e384d0ac7,2014-08,Essex Police,Essex Police,0.099018,51.767969,On or near Sports/Recreation Area,E01021849,Harlow 003A,Bicycle theft,Under investigation,
ac2f633373b4a40e4445c060d20d39ed80a5a3351003ebc151b8f8c6036eb839,2014-08,Essex Police,Essex Police,0.103993,51.768672,On or near Green Park,E01021849,Harlow 003A,Burglary,Under investigation,
f6c8b196b7dfb7da7be4edb5811292ab5ae68b9d1a2a7f85a452a5e975f4d2ac,2014-08,Essex Police,Essex Police,0.105268,51.768352,On or near The Downs,E01021849,Harlow 003A,Burglary,Investigation complete; no suspect identified,
f247853f54ace17b044443d58feff9c4abbc0cd8d5814e261a5a9d2016635c98,2014-08,Essex Police,Essex Police,0.105174,51.770368,On or near Maddox Road,E01021849,Harlow 003A,Criminal damage and arson,Under investigation,
3cdabc163a9576de5a44d9f7d5b6e2cb77dab7426058c03f4e9d5e5361beca44,2014-08,Essex Police,Essex Police,0.106192,51.772319,On or near Lavender Close,E01021849,Harlow 003A,Public order,Investigation complete; no suspect identified,
75a2f8f43b66cf196e415ff533014a10f6ce04b916cfcb54cdc45126b1af1305,2014-08,Essex Police,Essex Police,0.103079,51.770217,On or near Broadfield,E01021849,Harlow 003A,Public order,Under investigation,
66a6fc199560d12e0aabe58af13e113dffaca05799e450d6fe33d5505ae544ef,2014-08,Essex Police,Essex Police,0.102693,51.771572,On or near Sports/Recreation Area,E01021849,Harlow 003A,Vehicle crime,Investigation complete; no suspect identified,
64b0091f3bbde7a12b6e763181048255542f8f3f676b05d4fcccb5f2010f435d,2014-08,Essex Police,Essex Police,0.103993,51.768672,On or near Green Park,E01021849,Harlow 003A,Violence and sexual offences,Offender fined,
918c5c625d6a58279752b282acebff259ccf4913f029ec13f0bf5d9f5ca729e8,2014-08,Essex Police,Essex Police,0.105268,51.768352,On or near The Downs,E01021849,Harlow 003A,Violence and sexual offences,Under investigation,
e3fd536f2684ee5996772ee6b9e5b193e7fc4f1f7f5452433032135bc828f7a6,2014-08,Essex Police,Essex Police,0.105268,51.768352,On or near The Downs,E01021849,Harlow 003A,Violence and sexual offences,Unable to prosecute suspect,
,2014-08,Essex Police,Essex Police,0.109725,51.772544,On or near Monkswick Road,E01021850,Harlow 003B,Anti-social behaviour,,
,2014-08,Essex Police,Essex Police,0.109666,51.772832,On or near Pittman'S Field,E01021850,Harlow 003B,Anti-social behaviour,,
,2014-08,Essex Police,Essex Police,0.112398,51.774852,On or near Howard Way,E01021850,Harlow 003B,Anti-social behaviour,,
,2014-08,Essex Police,Essex Police,0.109666,51.772832,On or near Pittman'S Field,E01021850,Harlow 003B,Anti-social behaviour,,
,2014-08,Essex Police,Essex Police,0.111014,51.770974,On or near Arkwrights,E01021850,Harlow 003B,Anti-social behaviour,,
,2014-08,Essex Police,Essex Police,0.109666,51.772832,On or near Pittman'S Field,E01021850,Harlow 003B,Anti-social behaviour,,
19145f2016bd0709a8beca7edd46641c3c295672b5460dbc96a764ec93510b7e,2014-08,Essex Police,Essex Police,0.110153,51.775189,On or near Halling Hill,E01021850,Harlow 003B,Burglary,Under investigation,
9f79b8838ee299e9e9b821348079bbbd374bc8e91aa435075b984fe1ee741398,2014-08,Essex Police,Essex Police,0.111014,51.770974,On or near Arkwrights,E01021850,Harlow 003B,Drugs,Under investigation,
92600c56da638f21fe4999644ee71b88348dbb75dc7b8014eeadbb51f646bc5d,2014-08,Essex Police,Essex Police,0.109725,51.772544,On or near Monkswick Road,E01021850,Harlow 003B,Public order,Offender given a caution,
33c0f42e6ffed150cb9c7c1e255ed2cf7b06ad5de2d695e5504f498f36de21d5,2014-08,Essex Police,Essex Police,0.110153,51.775189,On or near Halling Hill,E01021850,Harlow 003B,Public order,Under investigation,
dfce4277328d0a0670c64a9afab40eb56252c55a501992a7fcdcd7f7cef40fca,2014-08,Essex Police,Essex Police,0.109725,51.772544,On or near Monkswick Road,E01021850,Harlow 003B,Public order,Under investigation,
ad053e2ecad0f42236420d49362cfde92df3c21ed49e02a7a3aa2d7d50be6d42,2014-08,Essex Police,Essex Police,0.110153,51.775189,On or near Halling Hill,E01021850,Harlow 003B,Violence and sexual offences,Under investigation,
656f2bc2bf0acf964bed395caf4f5f1c7a1ae48fcc8eb202d1cc8280172188c7,2014-08,Essex Police,Essex Police,0.109666,51.772832,On or near Pittman'S Field,E01021850,Harlow 003B,Violence and sexual offences,Offender given conditional discharge,
63775e7bbe8c1f30a9898789dcc100954478181b3075ed10c5d8de57b7227fc9,2014-08,Essex Police,Essex Police,0.110153,51.775189,On or near Halling Hill,E01021850,Harlow 003B,Violence and sexual offences,Unable to prosecute suspect,
,2014-08,Essex Police,Essex Police,0.098220,51.773883,On or near Amberry Court,E01021851,Harlow 003C,Anti-social behaviour,,
,2014-08,Essex Police,Essex Police,0.100077,51.773598,On or near Pedestrian Subway,E01021851,Harlow 003C,Anti-social behaviour,,
,2014-08,Essex Police,Essex Police,0.100077,51.773598,On or near Pedestrian Subway,E01021851,Harlow 003C,Anti-social behaviour,,
,2014-08,Essex Police,Essex Police,0.098586,51.771475,On or near The Hides,E01021851,Harlow 003C,Anti-social behaviour,,
,2014-08,Essex Police,Essex Police,0.102691,51.773722,On or near The Dashes,E01021851,Harlow 003C,Anti-social behaviour,,
,2014-08,Essex Police,Essex Police,0.102691,51.773722,On or near The Dashes,E01021851,Harlow 003C,Anti-social behaviour,,
210ce27cafb0246070702c03070ce271dfbf9718d1c581d03e3cd1c9d36a56b5,2014-08,Essex Police,Essex Police,0.098586,51.771475,On or near The Hides,E01021851,Harlow 003C,Burglary,Under investigation,
8ed5a14b0c09d9691dae08fc5e829da5249db54fbdc67bbd0b310128501bf285,2014-08,Essex Police,Essex Police,0.098586,51.771475,On or near The Hides,E01021851,Harlow 003C,Criminal damage and arson,Offender sent to prison,
6354af8f7c8471e7ce7217bdec779428a542e74d19da7f7c554dafba4f19d320,2014-08,Essex Police,Essex Police,0.102691,51.773722,On or near The Dashes,E01021851,Harlow 003C,Criminal damage and arson,Investigation complete; no suspect identified,
24e93e9d88959cf4be974b4a03ffc9631ad740e1a3ffb14d6916cb77d63e47f3,2014-08,Essex Police,Essex Police,0.102691,51.773722,On or near The Dashes,E01021851,Harlow 003C,Criminal damage and arson,Investigation complete; no suspect identified,
d7ba4002d41805d012ba2e0fc3f29ab6ce8322cf8b10dc3014113deb3cc26f5b,2014-08,Essex Police,Essex Police,0.095424,51.773609,On or near Pedestrian Subway,E01021851,Harlow 003C,Drugs,Offender given a caution,
9c7cdc1ed0a5ea812ff7168f36771b625485cc0cb0c127effbd8ea3718bfd0eb,2014-08,Essex Police,Essex Police,0.098220,51.773883,On or near Amberry Court,E01021851,Harlow 003C,Drugs,Offender given a drugs possession warning,
5830696d9169a1cbaa749adb86b814c76ce07ef32e63501fc0c653e6c58fb06e,2014-08,Essex Police,Essex Police,0.102691,51.773722,On or near The Dashes,E01021851,Harlow 003C,Other theft,Investigation complete; no suspect identified,
d8d9885bdc4b78cf802b7ad688fee76b51ceb846f611b14c5b15230e608111f7,2014-08,Essex Police,Essex Police,0.099552,51.774470,On or near Park Court,E01021851,Harlow 003C,Public order,Under investigation,
2e5a80f85b220dd21e50e1663a63ab9c69e9bacd08de24fc16f27ef93c7c6314,2014-08,Essex Police,Essex Police,0.102691,51.773722,On or near The Dashes,E01021851,Harlow 003C,Vehicle crime,Investigation complete; no suspect identified,
e1e6c4b3b8d08aa62f0bf5877b5bc417d814876919ce177428bbd13465479fae,2014-08,Essex Police,Essex Police,0.098220,51.773883,On or near Amberry Court,E01021851,Harlow 003C,Violence and sexual offences,Under investigation,
2d4a3bbbad40d9dfcbe5102d7ede4041f1cb014c3f845f39e4a9c131d7b47a73,2014-08,Essex Police,Essex Police,0.102691,51.773722,On or near The Dashes,E01021851,Harlow 003C,Violence and sexual offences,Unable to prosecute suspect,
9fb2ec38fbd850fcc0f34affa0d293dd942bbef2212177021b625f29d719edc3,2014-08,Essex Police,Essex Police,0.098586,51.771475,On or near The Hides,E01021851,Harlow 003C,Violence and sexual offences,Under investigation,
578d14000c5825c58c32184fa5cdd5ddfbe387f57e212c5c289d2d0b7956a614,2014-08,Essex Police,Essex Police,0.102691,51.773722,On or near The Dashes,E01021851,Harlow 003C,Violence and sexual offences,Unable to prosecute suspect,
,2014-08,Essex Police,Essex Police,0.111088,51.769758,On or near Sports/Recreation Area,E01021852,Harlow 003D,Anti-social behaviour,,
,2014-08,Essex Police,Essex Police,0.110807,51.769026,On or near Sports/Recreation Area,E01021852,Harlow 003D,Anti-social behaviour,,
,2014-08,Essex Police,Essex Police,0.107473,51.770255,On or near Whitewaits,E01021852,Harlow 003D,Anti-social behaviour,,
,2014-08,Essex Police,Essex Police,0.108443,51.768997,On or near Parsonage Leys,E01021852,Harlow 003D,Anti-social behaviour,,
5a908b4af55c1d73d02e46bfa4a9899ec94795297f87fae993ba6c84b72f80b5,2014-08,Essex Police,Essex Police,0.114717,51.768956,On or near Roselyn Gardens,E01021852,Harlow 003D,Possession of weapons,Under investigation,
52e084ef3b9043ba825d795c3ee2396a5d17bbe9bd2ff9bf1312c2d7c460d3ac,2014-08,Essex Police,Essex Police,0.108443,51.768997,On or near Parsonage Leys,E01021852,Harlow 003D,Public order,Awaiting court outcome,
a3af34c9ec7435a5901e8bcbf300b350e492fa54e9c555f9700b8ca089e348a9,2014-08,Essex Police,Essex Police,0.113519,51.768429,On or near Long Ley,E01021852,Harlow 003D,Robbery,Under investigation,
7a3603f67c5e6fb3573a7fc026b2799b4bad925688ce2157af728098bc012696,2014-08,Essex Police,Essex Police,0.111088,51.769758,On or near Sports/Recreation Area,E01021852,Harlow 003D,Violence and sexual offences,Under investigation,
,2014-08,Essex Police,Essex Police,0.109402,51.778358,On or near Altham Grove,E01021853,Harlow 003E,Anti-social behaviour,,
,2014-08,Essex Police,Essex Police,0.105862,51.779231,On or near Netteswell Road,E01021853,Harlow 003E,Anti-social behaviour,,
,2014-08,Essex Police,Essex Police,0.109402,51.778358,On or near Altham Grove,E01021853,Harlow 003E,Anti-social behaviour,,
,2014-08,Essex Police,Essex Police,0.097001,51.781044,On or near Parking Area,E01021853,Harlow 003E,Anti-social behaviour,,
,2014-08,Essex Police,Essex Police,0.103241,51.776194,On or near School Lane,E01021853,Harlow 003E,Anti-social behaviour,,
,2014-08,Essex Police,Essex Police,0.097001,51.781044,On or near Parking Area,E01021853,Harlow 003E,Anti-social behaviour,,
,2014-08,Essex Police,Essex Police,0.098783,51.776013,On or near Park Lane,E01021853,Harlow 003E,Anti-social behaviour,,
,2014-08,Essex Police,Essex Police,0.109402,51.778358,On or near Altham Grove,E01021853,Harlow 003E,Anti-social behaviour,,
,2014-08,Essex Police,Essex Police,0.097001,51.781044,On or near Parking Area,E01021853,Harlow 003E,Anti-social behaviour,,
,2014-08,Essex Police,Essex Police,0.097001,51.781044,On or near Parking Area,E01021853,Harlow 003E,Anti-social behaviour,,
,2014-08,Essex Police,Essex Police,0.097001,51.781044,On or near Parking Area,E01021853,Harlow 003E,Anti-social behaviour,,
,2014-08,Essex Police,Essex Police,0.106355,51.773638,On or near Commonfields,E01021853,Harlow 003E,Anti-social behaviour,,
,2014-08,Essex Police,Essex Police,0.100397,51.780804,On or near Edinburgh Way,E01021853,Harlow 003E,Anti-social behaviour,,
,2014-08,Essex Police,Essex Police,0.097001,51.781044,On or near Parking Area,E01021853,Harlow 003E,Anti-social behaviour,,
a9441ef1c830fd7371a756c9925f6026f6ceda595989f0ef0e6847affb10e060,2014-08,Essex Police,Essex Police,0.097001,51.781044,On or near Parking Area,E01021853,Harlow 003E,Burglary,Under investigation,
d93eb9110826c50e483df115d924cf5f4cb1afe42d4c466987062720b1afb014,2014-08,Essex Police,Essex Police,0.109402,51.778358,On or near Altham Grove,E01021853,Harlow 003E,Burglary,Investigation complete; no suspect identified,
9d817beda832ebae9be645175c469669c24eaeb9408553ea54d2bdc758113eab,2014-08,Essex Police,Essex Police,0.105370,51.775220,On or near Oldhouse Croft,E01021853,Harlow 003E,Criminal damage and arson,Under investigation,
e22b9e3ed20544a144592bd2dec6b3a9669afc1f4ca14dd892737c00190404ba,2014-08,Essex Police,Essex Police,0.097001,51.781044,On or near Parking Area,E01021853,Harlow 003E,Criminal damage and arson,Investigation complete; no suspect identified,
26c5d05ab0bb2e7ae6c3245fc450c4eb40158c6b90f4163d6777e7901b894488,2014-08,Essex Police,Essex Police,0.103241,51.776194,On or near School Lane,E01021853,Harlow 003E,Drugs,Offender given a caution,
6c18acd776f9db1c7a9646b6f8e46191e96553df7094d2bb9142380ea0aea500,2014-08,Essex Police,Essex Police,0.109402,51.778358,On or near Altham Grove,E01021853,Harlow 003E,Other theft,Under investigation,
bf67887195bea04cb9bb353c20f97da521f41d8a2c6f1cbcff20b8223d828775,2014-08,Essex Police,Essex Police,0.097001,51.781044,On or near Parking Area,E01021853,Harlow 003E,Other theft,Under investigation,
b3bdc860f283d5444771d16d13240923685708aa7dcf1a090e779b0bf36d37e1,2014-08,Essex Police,Essex Police,0.098783,51.776013,On or near Park Lane,E01021853,Harlow 003E,Other theft,Under investigation,
ca8630c4ebdd47cfdf173ce349378c2f2ab01c67b1aeb376d5d0adabed7e958b,2014-08,Essex Police,Essex Police,0.097001,51.781044,On or near Parking Area,E01021853,Harlow 003E,Other theft,Investigation complete; no suspect identified,
7e8f4d3fb9176b667654fdfdd77f3928aa5e62efb50727b706878380eac664b0,2014-08,Essex Police,Essex Police,0.098783,51.776013,On or near Park Lane,E01021853,Harlow 003E,Other theft,Unable to prosecute suspect,
dc5fd04a181f419524f5e25efd8a6b1fc1d3c6d0d443daa78eba2824d16dd35f,2014-08,Essex Police,Essex Police,0.105370,51.775220,On or near Oldhouse Croft,E01021853,Harlow 003E,Public order,Under investigation,
d37e1c8d2f8b2c4cfbfb37d2192b648940c45898ab92256f95c5bdc6a7bef981,2014-08,Essex Police,Essex Police,0.105370,51.775220,On or near Oldhouse Croft,E01021853,Harlow 003E,Public order,Unable to prosecute suspect,
d152d9385af80249dfbf665c4adf0eab799b328eb5601c48f800e34691bc5770,2014-08,Essex Police,Essex Police,0.105862,51.779231,On or near Netteswell Road,E01021853,Harlow 003E,Shoplifting,Investigation complete; no suspect identified,
dc3aac3fd28d7687cd3a974388328f71e57ddacb099bebe2a9e6a2448a863ab1,2014-08,Essex Police,Essex Police,0.098783,51.776013,On or near Park Lane,E01021853,Harlow 003E,Theft from the person,Investigation complete; no suspect identified,
4803bf652ee0eb7851f5b38335c11017424cd73067fa3dde4d63424aa10e4005,2014-08,Essex Police,Essex Police,0.097001,51.781044,On or near Parking Area,E01021853,Harlow 003E,Vehicle crime,Investigation complete; no suspect identified,
c3396238c259f4cfacd61d05a6907d478055e32206d56d0591ceffde865d81bd,2014-08,Essex Police,Essex Police,0.098783,51.776013,On or near Park Lane,E01021853,Harlow 003E,Violence and sexual offences,Unable to prosecute suspect,
,2014-08,Essex Police,Essex Police,0.086195,51.776857,On or near The Hornbeams,E01021839,Harlow 004A,Anti-social behaviour,,
,2014-08,Essex Police,Essex Police,0.082338,51.778409,On or near Sports/Recreation Area,E01021839,Harlow 004A,Anti-social behaviour,,
,2014-08,Essex Police,Essex Police,0.083956,51.774181,On or near Park Mead,E01021839,Harlow 004A,Anti-social behaviour,,
,2014-08,Essex Police,Essex Police,0.086195,51.776857,On or near The Hornbeams,E01021839,Harlow 004A,Anti-social behaviour,,
,2014-08,Essex Police,Essex Police,0.086195,51.776857,On or near The Hornbeams,E01021839,Harlow 004A,Anti-social behaviour,,
,2014-08,Essex Police,Essex Police,0.086195,51.776857,On or near The Hornbeams,E01021839,Harlow 004A,Anti-social behaviour,,
538d984afd929373f3c66b39c6dc2edc1b386d2845bc33b2478adacd02cee81f,2014-08,Essex Police,Essex Police,0.083313,51.776270,On or near Herons Wood,E01021839,Harlow 004A,Criminal damage and arson,Investigation complete; no suspect identified,
b3f61ff00fbfe903173aa9bd19eb842084435a2051e766b734d028e85e947fcd,2014-08,Essex Police,Essex Police,0.086195,51.776857,On or near The Hornbeams,E01021839,Harlow 004A,Criminal damage and arson,Awaiting court outcome,
5d6e3f441815003e2ccdd3bd5d7ede3b08bae6ee9b3ed89b3ad90e1a1cdf5c8d,2014-08,Essex Police,Essex Police,0.086195,51.776857,On or near The Hornbeams,E01021839,Harlow 004A,Other theft,Under investigation,
1fdabce115e4dac9a74433a4ba612104b416aea5a96c029e821aa66b27611442,2014-08,Essex Police,Essex Police,0.082338,51.778409,On or near Sports/Recreation Area,E01021839,Harlow 004A,Other theft,Investigation complete; no suspect identified,
cb68b385b4876bc95317bb8ec22ef2f3f7b5f03349082dcc40eb7c7c407a95ed,2014-08,Essex Police,Essex Police,0.088454,51.779299,On or near Burnt Mill,E01021839,Harlow 004A,Shoplifting,Under investigation,
0512fc472418243e7e86782e7de65b37a8c1386d75a8c54befddefe3bc307d87,2014-08,Essex Police,Essex Police,0.083956,51.774181,On or near Park Mead,E01021839,Harlow 004A,Violence and sexual offences,Under investigation,
78aa81fd50b38a68dee58ed4f634a01884a9033aa8a7264c785d28fe39cc29e9,2014-08,Essex Police,Essex Police,0.085261,51.775147,On or near Hodings Road,E01021839,Harlow 004A,Violence and sexual offences,Under investigation,
a46aed6077e8f4e2d76a58ab6af6d42c93cc4a3d51ef30291b9dc29565d63152,2014-08,Essex Police,Essex Police,0.083313,51.776270,On or near Herons Wood,E01021839,Harlow 004A,Violence and sexual offences,Investigation complete; no suspect identified,
,2014-08,Essex Police,Essex Police,0.063519,51.770423,On or near Sports/Recreation Area,E01021840,Harlow 004B,Anti-social behaviour,,
,2014-08,Essex Police,Essex Police,0.075640,51.774598,On or near Canons Gate,E01021840,Harlow 004B,Anti-social behaviour,,
,2014-08,Essex Police,Essex Police,0.077480,51.771427,On or near Fold Croft,E01021840,Harlow 004B,Anti-social behaviour,,
,2014-08,Essex Police,Essex Police,0.077480,51.771427,On or near Fold Croft,E01021840,Harlow 004B,Anti-social behaviour,,
,2014-08,Essex Police,Essex Police,0.074724,51.772007,On or near Sports/Recreation Area,E01021840,Harlow 004B,Anti-social behaviour,,
,2014-08,Essex Police,Essex Police,0.077480,51.771427,On or near Fold Croft,E01021840,Harlow 004B,Anti-social behaviour,,
,2014-08,Essex Police,Essex Police,0.077480,51.771427,On or near Fold Croft,E01021840,Harlow 004B,Anti-social behaviour,,
,2014-08,Essex Police,Essex Police,0.080081,51.774718,On or near Supermarket,E01021840,Harlow 004B,Anti-social behaviour,,
,2014-08,Essex Police,Essex Police,0.074724,51.772007,On or near Sports/Recreation Area,E01021840,Harlow 004B,Anti-social behaviour,,
,2014-08,Essex Police,Essex Police,0.077480,51.771427,On or near Fold Croft,E01021840,Harlow 004B,Anti-social behaviour,,
80dab5c084329445cdd7450fde5464f463152bd40f9034404771f1579fc90756,2014-08,Essex Police,Essex Police,0.077480,51.771427,On or near Fold Croft,E01021840,Harlow 004B,Criminal damage and arson,Under investigation,
cf96adac0a59cb31340f9b168baba2b2ac24971fb3678390b142e4c96d703ad9,2014-08,Essex Police,Essex Police,0.066882,51.765338,On or near Bus/Coach Station,E01021840,Harlow 004B,Other theft,Investigation complete; no suspect identified,
f0cd24bfe56ac77e953a96221b80f3776e39451d669a9be0068c0f2077bf3374,2014-08,Essex Police,Essex Police,0.066882,51.765338,On or near Bus/Coach Station,E01021840,Harlow 004B,Other theft,Investigation complete; no suspect identified,
4efd95d96ae7f2616b54c51c34b2a600aa37accbbb2884484674d65531ce9297,2014-08,Essex Police,Essex Police,0.074724,51.772007,On or near Sports/Recreation Area,E01021840,Harlow 004B,Other theft,Investigation complete; no suspect identified,
7cab48e8ebb3003ec158f5dd571b31050ab6ce26a85c72a85c77aafe0f2ef6e2,2014-08,Essex Police,Essex Police,0.080081,51.774718,On or near Supermarket,E01021840,Harlow 004B,Shoplifting,Investigation complete; no suspect identified,
d6e7a1e1cbf5b35347ba89967400aa5295396241f1886fbb0c5af14658241bf6,2014-08,Essex Police,Essex Police,0.080081,51.774718,On or near Supermarket,E01021840,Harlow 004B,Vehicle crime,Investigation complete; no suspect identified,
a818a3d29149ba9a1c5557190f2e414452ceb031cd8d659c095af6f8801e6bb7,2014-08,Essex Police,Essex Police,0.080081,51.774718,On or near Supermarket,E01021840,Harlow 004B,Violence and sexual offences,Under investigation,
a0c170b937077bc40a9cd3b044c97de4ed2b0623b192a8ad851f513e9d4bdd7a,2014-08,Essex Police,Essex Police,0.080081,51.774718,On or near Supermarket,E01021840,Harlow 004B,Violence and sexual offences,Unable to prosecute suspect,
85b25cebba5e7a0b7b85b832e976c07e6b080e29c6872e97963dd1e2bbdb77b0,2014-08,Essex Police,Essex Police,0.063519,51.770423,On or near Sports/Recreation Area,E01021840,Harlow 004B,Violence and sexual offences,Under investigation,
,2014-08,Essex Police,Essex Police,0.081422,51.765423,On or near Collins Meadow,E01021841,Harlow 004C,Anti-social behaviour,,
,2014-08,Essex Police,Essex Police,0.078545,51.767794,On or near Canons Brook,E01021841,Harlow 004C,Anti-social behaviour,,
,2014-08,Essex Police,Essex Police,0.078545,51.767794,On or near Canons Brook,E01021841,Harlow 004C,Anti-social behaviour,,
,2014-08,Essex Police,Essex Police,0.078545,51.767794,On or near Canons Brook,E01021841,Harlow 004C,Anti-social behaviour,,
,2014-08,Essex Police,Essex Police,0.078545,51.767794,On or near Canons Brook,E01021841,Harlow 004C,Anti-social behaviour,,
,2014-08,Essex Police,Essex Police,0.078545,51.767794,On or near Canons Brook,E01021841,Harlow 004C,Anti-social behaviour,,
,2014-08,Essex Police,Essex Police,0.078545,51.767794,On or near Canons Brook,E01021841,Harlow 004C,Anti-social behaviour,,
,2014-08,Essex Police,Essex Police,0.078545,51.767794,On or near Canons Brook,E01021841,Harlow 004C,Anti-social behaviour,,
aeadc31c1c43791a414d23a9ffc4f30e426796c563e47614843102cae8de6b2f,2014-08,Essex Police,Essex Police,0.078545,51.767794,On or near Canons Brook,E01021841,Harlow 004C,Burglary,Under investigation,
77d6047e5f13f1167556afefaae3679606b388ec3cc792b7aa0b875c31d1d980,2014-08,Essex Police,Essex Police,0.078545,51.767794,On or near Canons Brook,E01021841,Harlow 004C,Other theft,Under investigation,
deba6270613867cc0deb8f3439ca9985b13b755eda7811ff463a48e601ad16b9,2014-08,Essex Police,Essex Police,0.081422,51.765423,On or near Collins Meadow,E01021841,Harlow 004C,Vehicle crime,Under investigation,
60b5ab8f567699516debf1c9be38ab456837dce56bb70863a3176c0894d38aab,2014-08,Essex Police,Essex Police,0.073190,51.764471,On or near Lovet Road,E01021841,Harlow 004C,Vehicle crime,Investigation complete; no suspect identified,
76e975b6c1ce3ca4256e26e16dfb486c91d2c7212cfac8d30bf6cde524ecd962,2014-08,Essex Police,Essex Police,0.078545,51.767794,On or near Canons Brook,E01021841,Harlow 004C,Violence and sexual offences,Under investigation,
4f49a25e4015c5b536dda3285d7a02ae5afaf83774f60c105cf2fa344dd9c937,2014-08,Essex Police,Essex Police,0.078545,51.767794,On or near Canons Brook,E01021841,Harlow 004C,Violence and sexual offences,Unable to prosecute suspect,
,2014-08,Essex Police,Essex Police,0.088333,51.770399,On or near Nightclub,E01021842,Harlow 004D,Anti-social behaviour,,
,2014-08,Essex Police,Essex Police,0.085387,51.766881,On or near Harberts Road,E01021842,Harlow 004D,Anti-social behaviour,,
,2014-08,Essex Police,Essex Police,0.084919,51.764884,On or near Sports/Recreation Area,E01021842,Harlow 004D,Anti-social behaviour,,
,2014-08,Essex Police,Essex Police,0.087505,51.767851,On or near Little Grove Field,E01021842,Harlow 004D,Anti-social behaviour,,
131ce0cd518995143c72f17b23fbb5bf942e3c8cd48718e2d1327d5760e9f012,2014-08,Essex Police,Essex Police,0.088038,51.768722,On or near Wedhey,E01021842,Harlow 004D,Burglary,Investigation complete; no suspect identified,
6c9d7f9558b79c77f618acad3d8650c9ef3c245bbb9f864d980fa6802ec060a6,2014-08,Essex Police,Essex Police,0.088038,51.768722,On or near Wedhey,E01021842,Harlow 004D,Criminal damage and arson,Investigation complete; no suspect identified,
fe0b14bce7c62a13a0c7f0391235740171aebcac0061561fd7d517c2a47c6d22,2014-08,Essex Police,Essex Police,0.085834,51.767754,On or near Hare Street Springs,E01021842,Harlow 004D,Other theft,Under investigation,
7c47692d0cc0f9981b77cd30d082499d8e0c3212281d5cfb82c82c7a28a094fa,2014-08,Essex Police,Essex Police,0.081569,51.767039,On or near Ryecroft,E01021842,Harlow 004D,Public order,Under investigation,
46b39477753aecb806fbaeaa2a4f850dd10f750f531ebb6e4bf80fa38592aa58,2014-08,Essex Police,Essex Police,0.081569,51.767039,On or near Ryecroft,E01021842,Harlow 004D,Public order,Under investigation,
4969449754b8e4b24b09690ca3ce9f09c1c18bb9e854365f0a6eeea82499b7cb,2014-08,Essex Police,Essex Police,0.083274,51.766631,On or near The Wrens,E01021842,Harlow 004D,Vehicle crime,Investigation complete; no suspect identified,
78f215a0a3a397d38d3cc20e3c0517fc45387659acb42917a699730198ae6b5d,2014-08,Essex Police,Essex Police,0.081569,51.767039,On or near Ryecroft,E01021842,Harlow 004D,Vehicle crime,Investigation complete; no suspect identified,
07077478b830d4c69418945184cca8ce99c4f6dfd3b1fd9c9e66076478e9a68b,2014-08,Essex Police,Essex Police,0.085834,51.767754,On or near Hare Street Springs,E01021842,Harlow 004D,Violence and sexual offences,Awaiting court outcome,
00005cca9b0dc386771aea44b6b422950de20804af720dac0445c35f5a47ffd7,2014-08,Essex Police,Essex Police,0.087505,51.767851,On or near Little Grove Field,E01021842,Harlow 004D,Violence and sexual offences,Unable to prosecute suspect,
13f5bb288b4b1825c86e49fee0a2db6fe8d97ab41628d735b52691aa404f1e65,2014-08,Essex Police,Essex Police,0.084919,51.764884,On or near Sports/Recreation Area,E01021842,Harlow 004D,Violence and sexual offences,Under investigation,
,2014-08,Essex Police,Essex Police,0.090424,51.774561,On or near Morley Grove,E01021843,Harlow 004E,Anti-social behaviour,,
,2014-08,Essex Police,Essex Police,0.092811,51.774150,On or near Supermarket,E01021843,Harlow 004E,Anti-social behaviour,,
,2014-08,Essex Police,Essex Police,0.091992,51.776493,On or near Parish Way,E01021843,Harlow 004E,Anti-social behaviour,,
,2014-08,Essex Police,Essex Police,0.086303,51.771334,On or near Hospital,E01021843,Harlow 004E,Anti-social behaviour,,
,2014-08,Essex Police,Essex Police,0.094104,51.777661,On or near Gladwin Way,E01021843,Harlow 004E,Anti-social behaviour,,
,2014-08,Essex Police,Essex Police,0.094542,51.776475,On or near Sports/Recreation Area,E01021843,Harlow 004E,Anti-social behaviour,,
,2014-08,Essex Police,Essex Police,0.092648,51.772201,On or near Pedestrian Subway,E01021843,Harlow 004E,Anti-social behaviour,,
f6d838aafc4632eda8a7f64e962682e48a4b5cf75add134e8c923bf57005bbbf,2014-08,Essex Police,Essex Police,0.086303,51.771334,On or near Hospital,E01021843,Harlow 004E,Bicycle theft,Investigation complete; no suspect identified,
1434ce2a23f635c4f969f0057805e8bf6b0c2ed1913f1da0584f007beaf089a9,2014-08,Essex Police,Essex Police,0.092811,51.774150,On or near Supermarket,E01021843,Harlow 004E,Bicycle theft,Under investigation,
d1a55825206dd93795d3492ea7735b57a33a8a3423bf0f4bb72a708067bd26de,2014-08,Essex Police,Essex Police,0.089752,51.777585,On or near Rivermill,E01021843,Harlow 004E,Burglary,Under investigation,
f99bed20d337879bca5a2f1061802812371405298bc1056a54de3c8c94d45a79,2014-08,Essex Police,Essex Police,0.086303,51.771334,On or near Hospital,E01021843,Harlow 004E,Criminal damage and arson,Under investigation,
23e23586a05b1703d91cb3d02a404b6b625724a7e3b14ec1a327d020dbe2f204,2014-08,Essex Police,Essex Police,0.091665,51.773496,On or near Bramble Rise,E01021843,Harlow 004E,Criminal damage and arson,Under investigation,
01c285f932fefe3a7c3b9a00a7ca499e29dead0a20b495ea1231aa545d29a273,2014-08,Essex Police,Essex Police,0.086303,51.771334,On or near Hospital,E01021843,Harlow 004E,Criminal damage and arson,Investigation complete; no suspect identified,
a7055722a3547e479931495a7455a88f66a9fb82e64315337153f3a8537db81c,2014-08,Essex Police,Essex Police,0.086303,51.771334,On or near Hospital,E01021843,Harlow 004E,Criminal damage and arson,Under investigation,
c178fe7dd928fdac7300bca250debfb7a04a6bf613856bb95c9c9084a3e2e2ee,2014-08,Essex Police,Essex Police,0.092811,51.774150,On or near Supermarket,E01021843,Harlow 004E,Drugs,Offender fined,
bcce0c8984aef40f0b30e7bd4bd76db8e5de6f3b4be4aef0522815104f2deb73,2014-08,Essex Police,Essex Police,0.086303,51.771334,On or near Hospital,E01021843,Harlow 004E,Other theft,Under investigation,
4f1878801fd772f496da46985b517bbf14b5cc7c3b5234fb41811917ecc3bfc0,2014-08,Essex Police,Essex Police,0.095110,51.774657,On or near Petrol Station,E01021843,Harlow 004E,Other theft,Investigation complete; no suspect identified,
ad5bf03c3c20e2c29c1b68a937636eac944f75dbbf52a2152e50cdb3d5a5d8fe,2014-08,Essex Police,Essex Police,0.086303,51.771334,On or near Hospital,E01021843,Harlow 004E,Other theft,Investigation complete; no suspect identified,
68175760b1efb6b9deaacafdf9b5ce78e4862f05060aa9eaf52a55f924435c3e,2014-08,Essex Police,Essex Police,0.092811,51.774150,On or near Supermarket,E01021843,Harlow 004E,Other theft,Under investigation,
3478310e1601af9a10c408bc632a8be3e9c542af1dc4fc27be483d51f864b015,2014-08,Essex Police,Essex Police,0.095110,51.774657,On or near Petrol Station,E01021843,Harlow 004E,Other theft,Under investigation,
b52920d5f1275c368e2a4993768248eeac6a38687865dc9b1538ac8d02e355ca,2014-08,Essex Police,Essex Police,0.095110,51.774657,On or near Petrol Station,E01021843,Harlow 004E,Other theft,Under investigation,
bde2dd3414f80eff5d7323bc02e86df62a9846e42ccb365b691bf17fe36b2bd0,2014-08,Essex Police,Essex Police,0.089372,51.770938,On or near Hospital,E01021843,Harlow 004E,Public order,Under investigation,
2a30106c6e735da992f89f2f812c9733d3481feb4a55884579ec78366a414b02,2014-08,Essex Police,Essex Police,0.086303,51.771334,On or near Hospital,E01021843,Harlow 004E,Public order,Under investigation,
0a3e7291bb310d8ca62d01dafd8f84dacefcac2560200b6bf433bcfdfa3647c8,2014-08,Essex Police,Essex Police,0.092811,51.774150,On or near Supermarket,E01021843,Harlow 004E,Shoplifting,Offender fined,
11c8a66dbe140fde4bd03deceaeaebacdb5b256b0de68a8275d7cd3ed4a8f8a1,2014-08,Essex Police,Essex Police,0.092811,51.774150,On or near Supermarket,E01021843,Harlow 004E,Shoplifting,Offender fined,
33edd8c14bf1e5f760b5a34f879d800d27e0ae6088650006d0bb8988a67c1455,2014-08,Essex Police,Essex Police,0.092811,51.774150,On or near Supermarket,E01021843,Harlow 004E,Shoplifting,Local resolution,
3829a0a27fefb769d72025ad009a6481f40a235a996a3800c38213166672aeb2,2014-08,Essex Police,Essex Police,0.092811,51.774150,On or near Supermarket,E01021843,Harlow 004E,Shoplifting,Under investigation,
af6b841bb956a15556097dfcfd29a3d049f2d339359a0b5ca6002df6a8424267,2014-08,Essex Police,Essex Police,0.092811,51.774150,On or near Supermarket,E01021843,Harlow 004E,Shoplifting,Offender given penalty notice,
40678fa7278064f70ea8bca7d3a148f3de7baf97a2da96a76a145c6cab62cebd,2014-08,Essex Police,Essex Police,0.092811,51.774150,On or near Supermarket,E01021843,Harlow 004E,Shoplifting,Under investigation,
7af2c0d2dda204c724056a2db7ea9ac442aa6cfb444c0d1a86569fae931479b9,2014-08,Essex Police,Essex Police,0.095110,51.774657,On or near Petrol Station,E01021843,Harlow 004E,Shoplifting,Investigation complete; no suspect identified,
c782193479df6dad3305bd9cc36727955e1b4c6a3ab9dd5880c04eadfb8bd9d5,2014-08,Essex Police,Essex Police,0.092648,51.772201,On or near Pedestrian Subway,E01021843,Harlow 004E,Vehicle crime,Investigation complete; no suspect identified,
4ec3c5b65a52cd461fa3babd1a5bfca8449a9f02ea8727ef1ce085d1e9bf14fb,2014-08,Essex Police,Essex Police,0.090560,51.772176,On or near Wych Elm,E01021843,Harlow 004E,Vehicle crime,Investigation complete; no suspect identified,
b23e8ec1da7258f2b5c485cac2c9d278df592c5b6b93d5493438b5c2a2fc7ce9,2014-08,Essex Police,Essex Police,0.086303,51.771334,On or near Hospital,E01021843,Harlow 004E,Violence and sexual offences,Under investigation,
622e1d41e29cef171667ed06567145e1109de630f37eeda52c5d2016c8ce8d73,2014-08,Essex Police,Essex Police,0.086303,51.771334,On or near Hospital,E01021843,Harlow 004E,Violence and sexual offences,Under investigation,
b905dfd74fa0f32c449aad16967fcb3c6d3f2002e7657b4b0c32cb490e198a42,2014-08,Essex Police,Essex Police,0.092811,51.774150,On or near Supermarket,E01021843,Harlow 004E,Violence and sexual offences,Under investigation,
ff96a6849b79dbf2e44471b40628db3410ff0f4797b15ce86d7aa2d84fb4ee39,2014-08,Essex Police,Essex Police,0.086303,51.771334,On or near Hospital,E01021843,Harlow 004E,Violence and sexual offences,Unable to prosecute suspect,
b54cfef6e66da94b051feeb9c509e13e80d0b59327faaa0718e7abfcc4104172,2014-08,Essex Police,Essex Police,0.092811,51.774150,On or near Supermarket,E01021843,Harlow 004E,Violence and sexual offences,Under investigation,
d56ee628883f28dc8396555e3e7618130f4ffe95423003c24df2120db9435eff,2014-08,Essex Police,Essex Police,0.086303,51.771334,On or near Hospital,E01021843,Harlow 004E,Violence and sexual offences,Local resolution,
f1f6daba8a40c82754810292ad51b556baf479d0c71e4fccc882f4c4b2db7fe5,2014-08,Essex Police,Essex Police,0.092427,51.778698,On or near Parking Area,E01021843,Harlow 004E,Violence and sexual offences,Awaiting court outcome,
,2014-08,Essex Police,Essex Police,0.146263,51.764526,On or near Elwood,E01021824,Harlow 005A,Anti-social behaviour,,
,2014-08,Essex Police,Essex Police,0.149561,51.765914,On or near Ridgeways,E01021824,Harlow 005A,Anti-social behaviour,,
,2014-08,Essex Police,Essex Police,0.149561,51.765914,On or near Ridgeways,E01021824,Harlow 005A,Anti-social behaviour,,
59c1e246e60ec6df2af28d5f99226194718fec8fe0853704d468018b5bd9f0c0,2014-08,Essex Police,Essex Police,0.148113,51.764106,On or near Doulton Close,E01021824,Harlow 005A,Burglary,Under investigation,
e00c17df92229a72510b5bb5c754be92628dd8e33c5e008f5860e85bac0c3a20,2014-08,Essex Police,Essex Police,0.146664,51.765328,On or near Heathcote Gardens,E01021824,Harlow 005A,Public order,Under investigation,
,2014-08,Essex Police,Essex Police,0.135641,51.761464,On or near Coalport Close,E01021825,Harlow 005B,Anti-social behaviour,,
48399fa1acb27135d677942cec6c767250ed1800ad986486d1612b413bd74e09,2014-08,Essex Police,Essex Police,0.134009,51.763131,On or near Bellfield Gardens,E01021825,Harlow 005B,Criminal damage and arson,Under investigation,
,2014-08,Essex Police,Essex Police,0.137581,51.764495,On or near Tickenhall Drive,E01021826,Harlow 005C,Anti-social behaviour,,
a6466619a553fef85cf297c8c385df9bca8daec7318d0c21e23a6b9352fab866,2014-08,Essex Police,Essex Police,0.141390,51.764741,On or near Pilkingtons,E01021826,Harlow 005C,Vehicle crime,Investigation complete; no suspect identified,
,2014-08,Essex Police,Essex Police,0.128944,51.765435,On or near Victoria Gate,E01021827,Harlow 005D,Anti-social behaviour,,
,2014-08,Essex Police,Essex Police,0.137629,51.766437,On or near Mallards Rise,E01021827,Harlow 005D,Anti-social behaviour,,
,2014-08,Essex Police,Essex Police,0.131407,51.764491,On or near Fenton Grange,E01021827,Harlow 005D,Anti-social behaviour,,
,2014-08,Essex Police,Essex Police,0.128334,51.763243,On or near Potter Street,E01021827,Harlow 005D,Anti-social behaviour,,
,2014-08,Essex Police,Essex Police,0.133734,51.765600,On or near Chamberlain Close,E01021827,Harlow 005D,Anti-social behaviour,,
9d32764daa899da65cb2029ed1e43aa06a3a363cf8f55c3e1fa559548c73c5eb,2014-08,Essex Police,Essex Police,0.128334,51.763243,On or near Potter Street,E01021827,Harlow 005D,Burglary,Investigation complete; no suspect identified,
e6e58c1aa02589624a6c996bf0aa4fe9c22bbf1376c4fa0fa0996f021000573e,2014-08,Essex Police,Essex Police,0.133734,51.765600,On or near Chamberlain Close,E01021827,Harlow 005D,Criminal damage and arson,Under investigation,
6d760dc29b36b685c684d7e8b04c60f5f2cfc76e741f5b7c8012cabba97a200a,2014-08,Essex Police,Essex Police,0.130609,51.766636,On or near Petrol Station,E01021827,Harlow 005D,Criminal damage and arson,Investigation complete; no suspect identified,
ea31da652eee007cb0a8831597714cae08f5c8b8c5c4eeaeee97a40c0c66210a,2014-08,Essex Police,Essex Police,0.135055,51.766259,On or near Aynsley Gardens,E01021827,Harlow 005D,Criminal damage and arson,Investigation complete; no suspect identified,
a2d823c68ad3e757780d10726450b2c290db20f206f3a0bb450c49d391c4148d,2014-08,Essex Police,Essex Police,0.131357,51.763134,On or near Abbey Dale Close,E01021827,Harlow 005D,Drugs,Under investigation,
b5f3cf2c868c9bb31c98c7830d810777214483aaabd3511da6228a80ac21e554,2014-08,Essex Police,Essex Police,0.132511,51.766089,On or near Supermarket,E01021827,Harlow 005D,Other theft,Under investigation,
f6abef2105785261916f9de35e99870062b4f0f78fba59de798b68fb407308f6,2014-08,Essex Police,Essex Police,0.132511,51.766089,On or near Supermarket,E01021827,Harlow 005D,Other theft,Investigation complete; no suspect identified,
e5bf7df98fc7c2d3c9c0f70fe04c07cd9928a33b00fa783b0a7f74afd7ad94bd,2014-08,Essex Police,Essex Police,0.132511,51.766089,On or near Supermarket,E01021827,Harlow 005D,Other theft,Investigation complete; no suspect identified,
7487069b1f868227b195593f06e9180dfd4df4453e71b419735b6c21787f1dd3,2014-08,Essex Police,Essex Police,0.132511,51.766089,On or near Supermarket,E01021827,Harlow 005D,Public order,Under investigation,
dd538b776426acfceebe8e81e236fa0b8c9ddb8c0ffe7584e07f8ecb982bccf4,2014-08,Essex Police,Essex Police,0.132511,51.766089,On or near Supermarket,E01021827,Harlow 005D,Public order,Awaiting court outcome,
f47d79d0b247e68d765e95e0035d238690365d5cd7996850ad94e40269ab0eb5,2014-08,Essex Police,Essex Police,0.132511,51.766089,On or near Supermarket,E01021827,Harlow 005D,Shoplifting,Awaiting court outcome,
7ae8579041788b38e52c49ecf5a8c313affc636cda3a8a8e40639075ef674f92,2014-08,Essex Police,Essex Police,0.132511,51.766089,On or near Supermarket,E01021827,Harlow 005D,Shoplifting,Investigation complete; no suspect identified,
c9b779c2ff169d6f3cce508931454ed5fffdf58416a1163f022fe5674df8ca76,2014-08,Essex Police,Essex Police,0.132511,51.766089,On or near Supermarket,E01021827,Harlow 005D,Shoplifting,Offender given a caution,
600c8bc5558f95864482b1a0861842e75fab0a0ec66ff37421894b3d74bf70f0,2014-08,Essex Police,Essex Police,0.132511,51.766089,On or near Supermarket,E01021827,Harlow 005D,Shoplifting,Offender given a caution,
61475f0468b1934b1126092446f3f3213d69cda96339b255b113348c87a3cdc5,2014-08,Essex Police,Essex Police,0.135055,51.766259,On or near Aynsley Gardens,E01021827,Harlow 005D,Violence and sexual offences,Awaiting court outcome,
665ec0c532e736b5d97784051a7012d272183bfc3a41bd104f1c2b986243571a,2014-08,Essex Police,Essex Police,0.135055,51.766259,On or near Aynsley Gardens,E01021827,Harlow 005D,Violence and sexual offences,Awaiting court outcome,
27e44bd9ae4094f6ab781b9f59ab59dc8516e4f13da8c51e64263e4176ad9680,2014-08,Essex Police,Essex Police,0.131357,51.763134,On or near Abbey Dale Close,E01021827,Harlow 005D,Other crime,Awaiting court outcome,
,2014-08,Essex Police,Essex Police,0.146891,51.762788,On or near Chelsea Gardens,E01021828,Harlow 005E,Anti-social behaviour,,
,2014-08,Essex Police,Essex Police,0.146293,51.760560,On or near Malkin Drive,E01021828,Harlow 005E,Anti-social behaviour,,
dbde2883f6f871c3faa0d8933a42165ee263d32d2f4af910ec3d758425618198,2014-08,Essex Police,Essex Police,0.146891,51.762788,On or near Chelsea Gardens,E01021828,Harlow 005E,Bicycle theft,Investigation complete; no suspect identified,
d52c799f9a8e6982aeb66d7b72347cfb7562d4dfaeb5cd19b98b4330b1ea9ed5,2014-08,Essex Police,Essex Police,0.146891,51.762788,On or near Chelsea Gardens,E01021828,Harlow 005E,Other theft,Under investigation,
b91c407d7bbad092d347fb0129514ec0f6961dbf8b76c67bccf1ac52804eda27,2014-08,Essex Police,Essex Police,0.142744,51.762738,On or near Albert Gardens,E01021828,Harlow 005E,Violence and sexual offences,Under investigation,
,2014-08,Essex Police,Essex Police,0.115839,51.763819,On or near Great Brays,E01021819,Harlow 006A,Anti-social behaviour,,
,2014-08,Essex Police,Essex Police,0.120947,51.760238,On or near Tilbury Mead,E01021819,Harlow 006A,Anti-social behaviour,,
,2014-08,Essex Police,Essex Police,0.120947,51.760238,On or near Tilbury Mead,E01021819,Harlow 006A,Anti-social behaviour,,
,2014-08,Essex Police,Essex Police,0.115839,51.763819,On or near Great Brays,E01021819,Harlow 006A,Anti-social behaviour,,
58b109bc0a25dcf888f2ba2b2f7e0d20fcac224bcfc1f9de904cd8224a7cb6f9,2014-08,Essex Police,Essex Police,0.119010,51.763132,On or near Sadlers Mead,E01021819,Harlow 006A,Burglary,Investigation complete; no suspect identified,
359816aa996ef72a918244257ed656dff3ef5f31f12d8760e7e4c0f12a4220c7,2014-08,Essex Police,Essex Police,0.119010,51.763132,On or near Sadlers Mead,E01021819,Harlow 006A,Vehicle crime,Investigation complete; no suspect identified,
59eca5993326c53eb438aef05257f3f2cf5225ad98ecd0403991b6d221328465,2014-08,Essex Police,Essex Police,0.115839,51.763819,On or near Great Brays,E01021819,Harlow 006A,Vehicle crime,Investigation complete; no suspect identified,
7edeaedc9d97ead0bc70831d5d76398d909c2101526db72da50d09b25669c6c0,2014-08,Essex Police,Essex Police,0.119436,51.762018,On or near Purford Green,E01021819,Harlow 006A,Vehicle crime,Under investigation,
c30201c3d0ae07bed001aaff133e6b4cb193ee5676df84e5bd809104111cf54d,2014-08,Essex Police,Essex Police,0.116132,51.762941,On or near Tumbler Road,E01021819,Harlow 006A,Violence and sexual offences,Under investigation,
,2014-08,Essex Police,Essex Police,0.110305,51.761985,On or near Church Leys,E01021820,Harlow 006B,Anti-social behaviour,,
,2014-08,Essex Police,Essex Police,0.110441,51.762738,On or near Tendring Road,E01021820,Harlow 006B,Anti-social behaviour,,
,2014-08,Essex Police,Essex Police,0.113112,51.761899,On or near Sports/Recreation Area,E01021820,Harlow 006B,Anti-social behaviour,,
,2014-08,Essex Police,Essex Police,0.110441,51.762738,On or near Tendring Road,E01021820,Harlow 006B,Anti-social behaviour,,
,2014-08,Essex Police,Essex Police,0.109265,51.763937,On or near St Andrew'S Meadow,E01021820,Harlow 006B,Anti-social behaviour,,
,2014-08,Essex Police,Essex Police,0.109164,51.763309,On or near Waterhouse Moor,E01021820,Harlow 006B,Anti-social behaviour,,
,2014-08,Essex Police,Essex Police,0.115890,51.760868,On or near Little Brays,E01021820,Harlow 006B,Anti-social behaviour,,
,2014-08,Essex Police,Essex Police,0.109265,51.763937,On or near St Andrew'S Meadow,E01021820,Harlow 006B,Anti-social behaviour,,
,2014-08,Essex Police,Essex Police,0.115890,51.760868,On or near Little Brays,E01021820,Harlow 006B,Anti-social behaviour,,
fe270fdbc7e4b6818906aa51e55f3e88d51ac7d4858881426084f604ccb66081,2014-08,Essex Police,Essex Police,0.110441,51.762738,On or near Tendring Road,E01021820,Harlow 006B,Burglary,Under investigation,
7f1784dec9b070d8bb1abe65a731021c36504ffe1f5fb904683307bb2232947a,2014-08,Essex Police,Essex Police,0.113112,51.761899,On or near Sports/Recreation Area,E01021820,Harlow 006B,Burglary,Investigation complete; no suspect identified,
5c7046bac71be9efd12a18312da00bc955f28d25eb601b42d6ec23c2837abbab,2014-08,Essex Police,Essex Police,0.109265,51.763937,On or near St Andrew'S Meadow,E01021820,Harlow 006B,Criminal damage and arson,Investigation complete; no suspect identified,
2fe12beba3e65aa4efb738def121b24585d933622c9982f0ad46b39774b6437c,2014-08,Essex Police,Essex Police,0.109265,51.763937,On or near St Andrew'S Meadow,E01021820,Harlow 006B,Public order,Under investigation,
3cc4a96f518d3a0fbad10e9792c7deeae48d9fd1247e958ad24856acff3fbc69,2014-08,Essex Police,Essex Police,0.110305,51.761985,On or near Church Leys,E01021820,Harlow 006B,Vehicle crime,Investigation complete; no suspect identified,
4fee3604589bf4b2e0201e0612abc6fabd47e13b7ed2ffddb41427af58f88e29,2014-08,Essex Police,Essex Police,0.109265,51.763937,On or near St Andrew'S Meadow,E01021820,Harlow 006B,Violence and sexual offences,Investigation complete; no suspect identified,
f1752e59b545b33508e35a8c91a6cc16842e79f452e548642ec16f9f0d1519fd,2014-08,Essex Police,Essex Police,0.109265,51.763937,On or near St Andrew'S Meadow,E01021820,Harlow 006B,Violence and sexual offences,Investigation complete; no suspect identified,
211d2a8aa63d863726840a610853908044957a2c475ee9d9018b98385ef22e1e,2014-08,Essex Police,Essex Police,0.109265,51.763937,On or near St Andrew'S Meadow,E01021820,Harlow 006B,Violence and sexual offences,Investigation complete; no suspect identified,
697eef1c85dcc907c0eccfedcedbb5488ab162e10c6874307f2cdb0693bae2d1,2014-08,Essex Police,Essex Police,0.109164,51.763309,On or near Waterhouse Moor,E01021820,Harlow 006B,Violence and sexual offences,Investigation complete; no suspect identified,
,2014-08,Essex Police,Essex Police,0.107407,51.757945,On or near Hook Field,E01021822,Harlow 006C,Anti-social behaviour,,
,2014-08,Essex Police,Essex Police,0.110871,51.756112,On or near Primrose Field,E01021822,Harlow 006C,Anti-social behaviour,,
,2014-08,Essex Police,Essex Police,0.107407,51.757945,On or near Hook Field,E01021822,Harlow 006C,Anti-social behaviour,,
ec8263b5e8b9ee0ea419036caf24d55051c036d0443300487fe92f8f2819599c,2014-08,Essex Police,Essex Police,0.107407,51.757945,On or near Hook Field,E01021822,Harlow 006C,Criminal damage and arson,Offender given community sentence,
ec8f28de08c407910c59734e108f80fcc3f69536eb1fcf953de053ae33863808,2014-08,Essex Police,Essex Police,0.105749,51.759378,On or near Rushes Mead,E01021822,Harlow 006C,Criminal damage and arson,Under investigation,
aba09bd2c1d9acc677e7db82e1838bc0f3ebb6cf21a1ca24006db0e2e26df0e6,2014-08,Essex Police,Essex Police,0.107407,51.757945,On or near Hook Field,E01021822,Harlow 006C,Criminal damage and arson,Investigation complete; no suspect identified,
12f887b2909488288dce8429268f7fc3f3a0dbc1780ee918985585b975947010,2014-08,Essex Police,Essex Police,0.107407,51.757945,On or near Hook Field,E01021822,Harlow 006C,Drugs,Under investigation,
7f481a5c1ed9794aecae766a7bdb678a6ebf6c2f0a405defe68cbd7f21585375,2014-08,Essex Police,Essex Police,0.107407,51.757945,On or near Hook Field,E01021822,Harlow 006C,Public order,Awaiting court outcome,
e610704a5822dd52b131e71325ecb006c96c85b03a29c90a172eb6f024809176,2014-08,Essex Police,Essex Police,0.107407,51.757945,On or near Hook Field,E01021822,Harlow 006C,Public order,Awaiting court outcome,
71b94c3674cff99798d4f38ce9cd8efdfcb36bcc49c976732cf1524b5156e71f,2014-08,Essex Police,Essex Police,0.110871,51.756112,On or near Primrose Field,E01021822,Harlow 006C,Vehicle crime,Investigation complete; no suspect identified,
5681857cf75d4f9c3eecde85e1e369a061b8d8b94fcc38cfc89c0884dd75e902,2014-08,Essex Police,Essex Police,0.109996,51.757224,On or near Oak End,E01021822,Harlow 006C,Violence and sexual offences,Under investigation,
6c4ad37a22cd5822383005f37967f9dae543dfb0e91f82c8283990cf16abcc6e,2014-08,Essex Police,Essex Police,0.107407,51.757945,On or near Hook Field,E01021822,Harlow 006C,Violence and sexual offences,Awaiting court outcome,
,2014-08,Essex Police,Essex Police,0.113243,51.758173,On or near Tilegate Road,E01021823,Harlow 006D,Anti-social behaviour,,
,2014-08,Essex Police,Essex Police,0.116993,51.755327,On or near Pear Tree Mead,E01021823,Harlow 006D,Anti-social behaviour,,
,2014-08,Essex Police,Essex Police,0.113243,51.758173,On or near Tilegate Road,E01021823,Harlow 006D,Anti-social behaviour,,
,2014-08,Essex Police,Essex Police,0.112455,51.757441,On or near Supermarket,E01021823,Harlow 006D,Anti-social behaviour,,
,2014-08,Essex Police,Essex Police,0.113243,51.758173,On or near Tilegate Road,E01021823,Harlow 006D,Anti-social behaviour,,
,2014-08,Essex Police,Essex Police,0.116993,51.755327,On or near Pear Tree Mead,E01021823,Harlow 006D,Anti-social behaviour,,
,2014-08,Essex Police,Essex Police,0.113243,51.758173,On or near Tilegate Road,E01021823,Harlow 006D,Anti-social behaviour,,
,2014-08,Essex Police,Essex Police,0.112455,51.757441,On or near Supermarket,E01021823,Harlow 006D,Anti-social behaviour,,
,2014-08,Essex Police,Essex Police,0.114149,51.760513,On or near Tillwicks Road,E01021823,Harlow 006D,Anti-social behaviour,,
,2014-08,Essex Police,Essex Police,0.112938,51.756003,On or near Hospital,E01021823,Harlow 006D,Anti-social behaviour,,
,2014-08,Essex Police,Essex Police,0.112455,51.757441,On or near Supermarket,E01021823,Harlow 006D,Anti-social behaviour,,
,2014-08,Essex Police,Essex Police,0.112455,51.757441,On or near Supermarket,E01021823,Harlow 006D,Anti-social behaviour,,
,2014-08,Essex Police,Essex Police,0.112455,51.757441,On or near Supermarket,E01021823,Harlow 006D,Anti-social behaviour,,
,2014-08,Essex Police,Essex Police,0.114382,51.756822,On or near The Fairway,E01021823,Harlow 006D,Anti-social behaviour,,
,2014-08,Essex Police,Essex Police,0.112455,51.757441,On or near Supermarket,E01021823,Harlow 006D,Anti-social behaviour,,
,2014-08,Essex Police,Essex Police,0.113165,51.754955,On or near Little Pynchons,E01021823,Harlow 006D,Anti-social behaviour,,
,2014-08,Essex Police,Essex Police,0.116993,51.755327,On or near Pear Tree Mead,E01021823,Harlow 006D,Anti-social behaviour,,
,2014-08,Essex Police,Essex Police,0.112455,51.757441,On or near Supermarket,E01021823,Harlow 006D,Anti-social behaviour,,
,2014-08,Essex Police,Essex Police,0.116993,51.755327,On or near Pear Tree Mead,E01021823,Harlow 006D,Anti-social behaviour,,
,2014-08,Essex Police,Essex Police,0.116993,51.755327,On or near Pear Tree Mead,E01021823,Harlow 006D,Anti-social behaviour,,
,2014-08,Essex Police,Essex Police,0.112455,51.757441,On or near Supermarket,E01021823,Harlow 006D,Anti-social behaviour,,
,2014-08,Essex Police,Essex Police,0.117933,51.757774,On or near Longfield,E01021823,Harlow 006D,Anti-social behaviour,,
,2014-08,Essex Police,Essex Police,0.117933,51.757774,On or near Longfield,E01021823,Harlow 006D,Anti-social behaviour,,
,2014-08,Essex Police,Essex Police,0.114149,51.760513,On or near Tillwicks Road,E01021823,Harlow 006D,Anti-social behaviour,,
,2014-08,Essex Police,Essex Police,0.113243,51.758173,On or near Tilegate Road,E01021823,Harlow 006D,Anti-social behaviour,,
,2014-08,Essex Police,Essex Police,0.117097,51.756629,On or near Southern Way,E01021823,Harlow 006D,Anti-social behaviour,,
33e83d4eb819826c1111e3d519e5aa56de3517e418673294ad5f1b922fc9a85d,2014-08,Essex Police,Essex Police,0.112289,51.756671,On or near Parking Area,E01021823,Harlow 006D,Burglary,Under investigation,
987f80577e67a96f85b6318f9a24429d497048ca670c16b494c94a51ba95b692,2014-08,Essex Police,Essex Police,0.116993,51.755327,On or near Pear Tree Mead,E01021823,Harlow 006D,Burglary,Investigation complete; no suspect identified,
850a67d1d96b64ec37c94ca8aad77e75ab74bc2c5601a0760b1f94025352c6e0,2014-08,Essex Police,Essex Police,0.117933,51.757774,On or near Longfield,E01021823,Harlow 006D,Burglary,Under investigation,
650e6bd1965ce6383d93271c2127f195322dd4e4af7854d587961113ce7a7f6b,2014-08,Essex Police,Essex Police,0.117933,51.757774,On or near Longfield,E01021823,Harlow 006D,Burglary,Investigation complete; no suspect identified,
f0164c3d06c9d77cd4fd66614fb1579bdb8fc1676783c9f83b522ebf08df423b,2014-08,Essex Police,Essex Police,0.113778,51.755988,On or near Pedestrian Subway,E01021823,Harlow 006D,Criminal damage and arson,Investigation complete; no suspect identified,
4fcd96bd9932bc111b03b3c2a667b80d88de7b3276427a1b697f1968f3f4221d,2014-08,Essex Police,Essex Police,0.114883,51.758548,On or near Petrol Station,E01021823,Harlow 006D,Other theft,Under investigation,
135af67663acd36a059109fd657c522a0a76976a7fc43d0d4736c8a15124e038,2014-08,Essex Police,Essex Police,0.114883,51.758548,On or near Petrol Station,E01021823,Harlow 006D,Other theft,Investigation complete; no suspect identified,
70b83e15289610b170b50733e070861e8ec5ec1eb7eaaee2ee02c15490ee4aaa,2014-08,Essex Police,Essex Police,0.113243,51.758173,On or near Tilegate Road,E01021823,Harlow 006D,Other theft,Investigation complete; no suspect identified,
aca0538f8e1dd785b8797a6329f5c4e82e0ba2c8f8816e2975712f60930cdd3d,2014-08,Essex Police,Essex Police,0.114883,51.758548,On or near Petrol Station,E01021823,Harlow 006D,Other theft,Under investigation,
c69346265dcdd8139d8629d8449cf50c553e258a4e1b579390339a9501ae8526,2014-08,Essex Police,Essex Police,0.114883,51.758548,On or near Petrol Station,E01021823,Harlow 006D,Other theft,Under investigation,
2b0c84c511f8cd78339379b598de10c718ff4d5721b3cc0251551961f76909db,2014-08,Essex Police,Essex Police,0.112455,51.757441,On or near Supermarket,E01021823,Harlow 006D,Public order,Offender fined,
c4822bd20e88d816aa5f250221d3349af5f0eb657b9bd66e07a7ddd10661be30,2014-08,Essex Police,Essex Police,0.116993,51.755327,On or near Pear Tree Mead,E01021823,Harlow 006D,Public order,Under investigation,
31af86b6780b3a687248be6135867bc7c95faf3a8be10bbf7b9104cf5dd8bd64,2014-08,Essex Police,Essex Police,0.113243,51.758173,On or near Tilegate Road,E01021823,Harlow 006D,Public order,Unable to prosecute suspect,
8a5d48b0a88157f832227dc3e17c9f9fc445cd5117a0452a02e3ae580ebf9154,2014-08,Essex Police,Essex Police,0.112455,51.757441,On or near Supermarket,E01021823,Harlow 006D,Public order,Offender given suspended prison sentence,
404f3754bf37063c6360d5f8b4dc829e56367c004f91a74fbc8159b9c3a6f804,2014-08,Essex Police,Essex Police,0.112455,51.757441,On or near Supermarket,E01021823,Harlow 006D,Shoplifting,Investigation complete; no suspect identified,
d3bced02f2f032410a2ab1b6d59138b92f1f49007c3dcdc410407762cdc8c0e8,2014-08,Essex Police,Essex Police,0.112455,51.757441,On or near Supermarket,E01021823,Harlow 006D,Shoplifting,Offender fined,
f702d805a0a9a8f0c8d86cee4794017e21e0eb6d2bd8c523cb0948f80c2ab955,2014-08,Essex Police,Essex Police,0.114883,51.758548,On or near Petrol Station,E01021823,Harlow 006D,Shoplifting,Investigation complete; no suspect identified,
34206a19906df19bd03174b8d0a79cc3b4216a1ec17e556059e57703f58021be,2014-08,Essex Police,Essex Police,0.114883,51.758548,On or near Petrol Station,E01021823,Harlow 006D,Shoplifting,Under investigation,
afafdc422d67116307c6b8801105e1daae7a5520f09cea0a21f08d17912e6a86,2014-08,Essex Police,Essex Police,0.112455,51.757441,On or near Supermarket,E01021823,Harlow 006D,Shoplifting,Offender given suspended prison sentence,
4ec2be19f59413b4aef325087afa7f8084a21395812460f148ba244fd6661907,2014-08,Essex Police,Essex Police,0.113243,51.758173,On or near Tilegate Road,E01021823,Harlow 006D,Theft from the person,Unable to prosecute suspect,
0a3cdc30f85f61107d6a80643b654f459cd21f62e6f61b97b27858d06c796526,2014-08,Essex Police,Essex Police,0.114883,51.758548,On or near Petrol Station,E01021823,Harlow 006D,Vehicle crime,Under investigation,
2cafb48d5067e5669123202f810582fe3f073381e0fdd7f000de04b3033dc2d5,2014-08,Essex Police,Essex Police,0.114883,51.758548,On or near Petrol Station,E01021823,Harlow 006D,Vehicle crime,Investigation complete; no suspect identified,
30dcea97b153b052010d7dcf2d226ad511a8bcdaf5f124373531733c5292e660,2014-08,Essex Police,Essex Police,0.112455,51.757441,On or near Supermarket,E01021823,Harlow 006D,Violence and sexual offences,Investigation complete; no suspect identified,
28ad0c9cb140f15678acb6fdc9a68d063cbbc94254c61a9829eedb895bd06f26,2014-08,Essex Police,Essex Police,0.111357,51.754709,On or near Sunny Croft,E01021823,Harlow 006D,Violence and sexual offences,Unable to prosecute suspect,
02cdf94430cd5ff701443042f6416d50e02305895a564add1e689e8b39facb6b,2014-08,Essex Police,Essex Police,0.112455,51.757441,On or near Supermarket,E01021823,Harlow 006D,Violence and sexual offences,Under investigation,
8b44000ac7ac18baaea648e9344645f7f324059425b833f7e95d49098c341a51,2014-08,Essex Police,Essex Police,0.112455,51.757441,On or near Supermarket,E01021823,Harlow 006D,Violence and sexual offences,Under investigation,
283a7029b19ad566904dae451fc925225e6e1cefc54a3a70f3e8771d978ace7a,2014-08,Essex Police,Essex Police,0.114149,51.760513,On or near Tillwicks Road,E01021823,Harlow 006D,Violence and sexual offences,Investigation complete; no suspect identified,
1f759c4c6d9cb0040a159fd5a7e5ee50d8897091875c495dce50f33dd660e795,2014-08,Essex Police,Essex Police,0.112455,51.757441,On or near Supermarket,E01021823,Harlow 006D,Violence and sexual offences,Unable to prosecute suspect,
7b8085ed2e67ba559552b0db8320df1ac28ff458e14735924a66a47980366bdc,2014-08,Essex Police,Essex Police,0.117923,51.756309,On or near Trotters Road,E01021823,Harlow 006D,Violence and sexual offences,Under investigation,
73e49ae07e9f2005ba3e6195de247b1275a60278cf64e010892dff4631fcaca3,2014-08,Essex Police,Essex Police,0.111119,51.758616,On or near Brays Mead,E01021823,Harlow 006D,Violence and sexual offences,Awaiting court outcome,
,2014-08,Essex Police,Essex Police,0.098456,51.759284,On or near Tendring Road,E01021870,Harlow 006E,Anti-social behaviour,,
,2014-08,Essex Police,Essex Police,0.105609,51.761044,On or near Tawneys Road,E01021870,Harlow 006E,Anti-social behaviour,,
,2014-08,Essex Police,Essex Police,0.098456,51.759284,On or near Tendring Road,E01021870,Harlow 006E,Anti-social behaviour,,
,2014-08,Essex Police,Essex Police,0.098456,51.759284,On or near Tendring Road,E01021870,Harlow 006E,Anti-social behaviour,,
,2014-08,Essex Police,Essex Police,0.104052,51.762781,On or near Westfield,E01021870,Harlow 006E,Anti-social behaviour,,
,2014-08,Essex Police,Essex Police,0.094165,51.759873,On or near Willowfield,E01021870,Harlow 006E,Anti-social behaviour,,
,2014-08,Essex Police,Essex Police,0.105609,51.761044,On or near Tawneys Road,E01021870,Harlow 006E,Anti-social behaviour,,
,2014-08,Essex Police,Essex Police,0.098456,51.759284,On or near Tendring Road,E01021870,Harlow 006E,Anti-social behaviour,,
,2014-08,Essex Police,Essex Police,0.104052,51.762781,On or near Westfield,E01021870,Harlow 006E,Anti-social behaviour,,
,2014-08,Essex Police,Essex Police,0.104603,51.763706,On or near Tripton Road,E01021870,Harlow 006E,Anti-social behaviour,,
,2014-08,Essex Police,Essex Police,0.098456,51.759284,On or near Tendring Road,E01021870,Harlow 006E,Anti-social behaviour,,
74ab24b2bb0ea413155d69afd5cba8b84cfb311ce7c97103301bdbaeeb62d249,2014-08,Essex Police,Essex Police,0.094165,51.759873,On or near Willowfield,E01021870,Harlow 006E,Burglary,Under investigation,
5ec014c40292720659a1c0a9e6d91eb49666d19324ad06bdbc50c7d60be0ff85,2014-08,Essex Police,Essex Police,0.094165,51.759873,On or near Willowfield,E01021870,Harlow 006E,Burglary,Investigation complete; no suspect identified,
28277d83e6f60cb2f04c6a18c522a7576459b1ccded721a345bbc678073e3495,2014-08,Essex Police,Essex Police,0.104603,51.763706,On or near Tripton Road,E01021870,Harlow 006E,Burglary,Investigation complete; no suspect identified,
92cf373493a1428274f81e84693f151457ec1ae3b4dad804c9dce729bacbb1f7,2014-08,Essex Police,Essex Police,0.105609,51.761044,On or near Tawneys Road,E01021870,Harlow 006E,Criminal damage and arson,Local resolution,
e1a2d9c10d9efb0711585bd534c6f1c44602bfdc92439f2e2e5c743832ae79a5,2014-08,Essex Police,Essex Police,0.098456,51.759284,On or near Tendring Road,E01021870,Harlow 006E,Criminal damage and arson,Investigation complete; no suspect identified,
14d4b7b4bf526bdde7bcccb6012deb155f77c4e2b5f7ff206735c1a1ff180ed5,2014-08,Essex Police,Essex Police,0.094165,51.759873,On or near Willowfield,E01021870,Harlow 006E,Other theft,Investigation complete; no suspect identified,
5bf9c811548c5c899f9a7fd87c2393f439f02541499e61756f2686e6b14b950f,2014-08,Essex Police,Essex Police,0.094165,51.759873,On or near Willowfield,E01021870,Harlow 006E,Robbery,Under investigation,
a144bf601591d85d0a7f3012679b0447fb7453b4cedd884cdf1ece82aa69fa64,2014-08,Essex Police,Essex Police,0.094165,51.759873,On or near Willowfield,E01021870,Harlow 006E,Violence and sexual offences,Under investigation,
289eee0945e3fd0af637c0f386241984119122cb7b3c42f1c1814370fc8c10cf,2014-08,Essex Police,Essex Police,0.098456,51.759284,On or near Tendring Road,E01021870,Harlow 006E,Violence and sexual offences,Under investigation,
6b1626327630d355fc44af07fe4e95e07403883375e8eb4fcd45391aa6b4a665,2014-08,Essex Police,Essex Police,0.105609,51.761044,On or near Tawneys Road,E01021870,Harlow 006E,Violence and sexual offences,Awaiting court outcome,
,2014-08,Essex Police,Essex Police,0.087399,51.758959,On or near Woodwards,E01021831,Harlow 007A,Anti-social behaviour,,
,2014-08,Essex Police,Essex Police,0.087399,51.758959,On or near Woodwards,E01021831,Harlow 007A,Anti-social behaviour,,
,2014-08,Essex Police,Essex Police,0.090215,51.755609,On or near Parking Area,E01021831,Harlow 007A,Anti-social behaviour,,
,2014-08,Essex Police,Essex Police,0.087906,51.756126,On or near Sports/Recreation Area,E01021831,Harlow 007A,Anti-social behaviour,,
,2014-08,Essex Police,Essex Police,0.085746,51.756102,On or near Holly Field,E01021831,Harlow 007A,Anti-social behaviour,,
,2014-08,Essex Police,Essex Police,0.087399,51.758959,On or near Woodwards,E01021831,Harlow 007A,Anti-social behaviour,,
,2014-08,Essex Police,Essex Police,0.085746,51.756102,On or near Holly Field,E01021831,Harlow 007A,Anti-social behaviour,,
,2014-08,Essex Police,Essex Police,0.090215,51.755609,On or near Parking Area,E01021831,Harlow 007A,Anti-social behaviour,,
,2014-08,Essex Police,Essex Police,0.090215,51.755609,On or near Parking Area,E01021831,Harlow 007A,Anti-social behaviour,,
e5b38a7474642dde1fbf28a2ec88d9589dc25351c3bf8c0956769a915da494c3,2014-08,Essex Police,Essex Police,0.086163,51.753837,On or near Southern Lodge,E01021831,Harlow 007A,Burglary,Under investigation,
c4eb9782b979b2f09e8fb1f5cfd87cb8aa35de6fcd59a1a64e2289e70f1120e9,2014-08,Essex Police,Essex Police,0.086163,51.753837,On or near Southern Lodge,E01021831,Harlow 007A,Burglary,Under investigation,
e45549b012a7a6f13145d641fa596dfba0235452f9c8ece0d611fec8e1b855e1,2014-08,Essex Police,Essex Police,0.086163,51.753837,On or near Southern Lodge,E01021831,Harlow 007A,Burglary,Under investigation,
42dcf6908f4e29d96b9acd08d4359ff278eb84f1a534e2895b9debba2de7b66b,2014-08,Essex Police,Essex Police,0.087903,51.754804,On or near Shawbridge,E01021831,Harlow 007A,Criminal damage and arson,Under investigation,
35a5b18aa5eabd707e15d025bbc4a01319d87df4c1dd1b46a13e7be6d8fb405e,2014-08,Essex Police,Essex Police,0.090215,51.755609,On or near Parking Area,E01021831,Harlow 007A,Drugs,Awaiting court outcome,
5563afa4c2b84e3973fe555d06a011ff1181b138f6af9b8abc8eb109b6d06041,2014-08,Essex Police,Essex Police,0.087399,51.758959,On or near Woodwards,E01021831,Harlow 007A,Violence and sexual offences,Under investigation,
,2014-08,Essex Police,Essex Police,0.092525,51.756683,On or near Woodcroft,E01021868,Harlow 007B,Anti-social behaviour,,
,2014-08,Essex Police,Essex Police,0.096056,51.768166,On or near South Gate,E01021868,Harlow 007B,Anti-social behaviour,,
,2014-08,Essex Police,Essex Police,0.092525,51.756683,On or near Woodcroft,E01021868,Harlow 007B,Anti-social behaviour,,
f43a7c312b8e614081816f3f0c53550f8154c8dc95fc7f340e637ca087435824,2014-08,Essex Police,Essex Police,0.092525,51.756683,On or near Woodcroft,E01021868,Harlow 007B,Bicycle theft,Under investigation,
26ccfa545930837627eaf65914ba55106d593308efa3e2779bab620fae64a610,2014-08,Essex Police,Essex Police,0.096056,51.768166,On or near South Gate,E01021868,Harlow 007B,Criminal damage and arson,Under investigation,
4ecd99404ce2b14e848f77880bff5172c5f3f9853df946e21fb225488602280b,2014-08,Essex Police,Essex Police,0.096056,51.768166,On or near South Gate,E01021868,Harlow 007B,Criminal damage and arson,Awaiting court outcome,
134edd47d39fee134cc6bd27e098458048a8e8de44ad27931ff6ccf49656f8f5,2014-08,Essex Police,Essex Police,0.096056,51.768166,On or near South Gate,E01021868,Harlow 007B,Criminal damage and arson,Offender given a caution,
ea2596316e592b8cca640f2806aabd98539fbaabf222ff075e3657a567ddb72b,2014-08,Essex Police,Essex Police,0.096056,51.768166,On or near South Gate,E01021868,Harlow 007B,Criminal damage and arson,Awaiting court outcome,
91153126d4e777b9aebfd2a0f1f34a76759107d66e73964c30649f337efc2911,2014-08,Essex Police,Essex Police,0.096056,51.768166,On or near South Gate,E01021868,Harlow 007B,Other theft,Under investigation,
7589f0daeef635edc8b1ede7d08eae6df6bc1f755bcacca5e890befadab901c1,2014-08,Essex Police,Essex Police,0.096056,51.768166,On or near South Gate,E01021868,Harlow 007B,Other theft,Investigation complete; no suspect identified,
44fd6db9086bc65940d573c35c986647ec513a889213f9ef5d26654446e5815e,2014-08,Essex Police,Essex Police,0.096056,51.768166,On or near South Gate,E01021868,Harlow 007B,Other theft,Under investigation,
6ad2be8fadf7667f6d5fa417f4a3406d88ab66eae5b4e2d2370c29c92439a609,2014-08,Essex Police,Essex Police,0.096056,51.768166,On or near South Gate,E01021868,Harlow 007B,Other theft,Investigation complete; no suspect identified,
d3809a76ca57d31ed4007f43370939293d099ffece707bc1c10d903904aeedbe,2014-08,Essex Police,Essex Police,0.096056,51.768166,On or near South Gate,E01021868,Harlow 007B,Public order,Unable to prosecute suspect,
bb08064ac26bb6cd4dfbce2b3a32037687a03e0dcd0069e0fb199b91db786b02,2014-08,Essex Police,Essex Police,0.096056,51.768166,On or near South Gate,E01021868,Harlow 007B,Public order,Under investigation,
ad8fc0726a4c073f0929c5d86997f3b1cdff48aeb0b6251a6e282a6766b37d69,2014-08,Essex Police,Essex Police,0.096056,51.768166,On or near South Gate,E01021868,Harlow 007B,Robbery,Unable to prosecute suspect,
6ea1fb6f77c28bc092e250e151d75e65c8788e7f098465b72143a19d824bb63c,2014-08,Essex Police,Essex Police,0.096056,51.768166,On or near South Gate,E01021868,Harlow 007B,Robbery,Awaiting court outcome,
ef2729e9100c35361edbff74ca27ff9659005a3e7ed71526002b85b7d7dc195e,2014-08,Essex Police,Essex Police,0.092373,51.766253,On or near Luther King Road,E01021868,Harlow 007B,Shoplifting,Awaiting court outcome,
edebae530b24de813fe1d78e8c7eea9db8575a5d9e92e77b2af1e7bfdf25fd57,2014-08,Essex Police,Essex Police,0.092373,51.766253,On or near Luther King Road,E01021868,Harlow 007B,Shoplifting,Under investigation,
2991203feab54c4b805682a58608cc19b6d25823a7246ccbbba12da52b31caeb,2014-08,Essex Police,Essex Police,0.092373,51.766253,On or near Luther King Road,E01021868,Harlow 007B,Shoplifting,Offender given a caution,
c572284e88b0b72185d7dfd5fd06d866bd5a8f815a4c0c46c69e38726d120909,2014-08,Essex Police,Essex Police,0.096056,51.768166,On or near South Gate,E01021868,Harlow 007B,Shoplifting,Awaiting court outcome,
df55df95a0cec9f2ef45c2bc6231bfdf84e4d39ac6fa0a1cdb4ddae046b0edda,2014-08,Essex Police,Essex Police,0.092373,51.766253,On or near Luther King Road,E01021868,Harlow 007B,Shoplifting,Awaiting court outcome,
3daff73a553e74e6c63732c56d336057181bbe2a339d0e650757178ffb93e8fb,2014-08,Essex Police,Essex Police,0.092373,51.766253,On or near Luther King Road,E01021868,Harlow 007B,Shoplifting,Awaiting court outcome,
229f486932f894a90558a72398045caa41724cb23fa46ad93e9f263d2890a510,2014-08,Essex Police,Essex Police,0.096056,51.768166,On or near South Gate,E01021868,Harlow 007B,Shoplifting,Investigation complete; no suspect identified,
5717fba63dd3afa120fa0f5b03ba34905f436cae84305f49ff7a07c6e34b8f59,2014-08,Essex Police,Essex Police,0.096056,51.768166,On or near South Gate,E01021868,Harlow 007B,Shoplifting,Investigation complete; no suspect identified,
524fbcfacbacef96c900bd9b18214524833caf95e7a6d4a1406ddb6542629090,2014-08,Essex Police,Essex Police,0.096056,51.768166,On or near South Gate,E01021868,Harlow 007B,Shoplifting,Investigation complete; no suspect identified,
d2c7add2bfcfabcf850604ec5d967c807af602a3dc85dc8eb7377bcaae39da46,2014-08,Essex Police,Essex Police,0.092373,51.766253,On or near Luther King Road,E01021868,Harlow 007B,Shoplifting,Awaiting court outcome,
1a4bf9aeb9400152d8038a20b02bcd85816eef60984fb144f6b4d6d62c66817c,2014-08,Essex Police,Essex Police,0.092373,51.766253,On or near Luther King Road,E01021868,Harlow 007B,Shoplifting,Awaiting court outcome,
e71138f4d0f39738249dd3eb6497fec6a3dba11cfbd32e50089a5a4d9f01ccca,2014-08,Essex Police,Essex Police,0.095336,51.766695,On or near Parking Area,E01021868,Harlow 007B,Theft from the person,Investigation complete; no suspect identified,
09b1854771e5910ae452e6bdf38b04a740d53e07a6f72471abbadcdd38fca6fc,2014-08,Essex Police,Essex Police,0.096056,51.768166,On or near South Gate,E01021868,Harlow 007B,Violence and sexual offences,Awaiting court outcome,
640b8f23500564676dbe64a8c5e675b87b171027a520b08f3c56715622303707,2014-08,Essex Police,Essex Police,0.096056,51.768166,On or near South Gate,E01021868,Harlow 007B,Violence and sexual offences,Unable to prosecute suspect,
97b1a81e2ce0f5787e334ddf6e8a3636885be53ec9d1ffa478f050029b302895,2014-08,Essex Police,Essex Police,0.096056,51.768166,On or near South Gate,E01021868,Harlow 007B,Violence and sexual offences,Under investigation,
457b700991e3f600e5e3953bc2227e11cdb76d990e286ce781c216001e3d86aa,2014-08,Essex Police,Essex Police,0.096056,51.768166,On or near South Gate,E01021868,Harlow 007B,Violence and sexual offences,Awaiting court outcome,
daedba72275054c2752e2e26cd23e579abfd90542b6d0c101569f93cd6487c3f,2014-08,Essex Police,Essex Police,0.096056,51.768166,On or near South Gate,E01021868,Harlow 007B,Other crime,Under investigation,
,2014-08,Essex Police,Essex Police,0.094394,51.758241,On or near Old Orchard,E01021869,Harlow 007C,Anti-social behaviour,,
,2014-08,Essex Police,Essex Police,0.094394,51.758241,On or near Old Orchard,E01021869,Harlow 007C,Anti-social behaviour,,
,2014-08,Essex Police,Essex Police,0.093737,51.755015,On or near Finchmoor,E01021869,Harlow 007C,Anti-social behaviour,,
,2014-08,Essex Police,Essex Police,0.093737,51.755015,On or near Finchmoor,E01021869,Harlow 007C,Anti-social behaviour,,
,2014-08,Essex Police,Essex Police,0.099120,51.757662,On or near Barn Mead,E01021869,Harlow 007C,Anti-social behaviour,,
,2014-08,Essex Police,Essex Police,0.093737,51.755015,On or near Finchmoor,E01021869,Harlow 007C,Anti-social behaviour,,
1224996db6245cfb7688823b8e31620280cff124ac12940176c5101efbbc73eb,2014-08,Essex Police,Essex Police,0.099120,51.757662,On or near Barn Mead,E01021869,Harlow 007C,Other theft,Investigation complete; no suspect identified,
5dacb3e8707a7769a9deef4464e01ee3d329cf2454bfa2629e248a12aeb72c24,2014-08,Essex Police,Essex Police,0.094394,51.758241,On or near Old Orchard,E01021869,Harlow 007C,Other theft,Investigation complete; no suspect identified,
fecf85e410ccc7b7c38f15d4ba397c0f5bffde8686d1b8ed6b57ba423a458a86,2014-08,Essex Police,Essex Police,0.094394,51.758241,On or near Old Orchard,E01021869,Harlow 007C,Vehicle crime,Investigation complete; no suspect identified,
a996452e13d207243c2422c9209954050ad2c9b8ca22b5d776240eca6db3f6c5,2014-08,Essex Police,Essex Police,0.099120,51.757662,On or near Barn Mead,E01021869,Harlow 007C,Violence and sexual offences,Offender given a caution,
2621fb56305270d369801924a4418ea8d8533097f52f3a92aa92cb2d8aff31ca,2014-08,Essex Police,Essex Police,0.100026,51.757826,On or near Partridge Court,E01021869,Harlow 007C,Violence and sexual offences,Unable to prosecute suspect,
,2014-08,Essex Police,Essex Police,0.096835,51.753081,On or near Pedestrian Subway,E01021871,Harlow 007D,Anti-social behaviour,,
,2014-08,Essex Police,Essex Police,0.101956,51.754464,On or near Five Acres,E01021871,Harlow 007D,Anti-social behaviour,,
,2014-08,Essex Police,Essex Police,0.101956,51.754464,On or near Five Acres,E01021871,Harlow 007D,Anti-social behaviour,,
,2014-08,Essex Police,Essex Police,0.097639,51.752923,On or near Southern Way,E01021871,Harlow 007D,Anti-social behaviour,,
7453b0e2a4499bb428e9ba754402cb6996973527033bb26e64fd038aa0b14a00,2014-08,Essex Police,Essex Police,0.099202,51.756006,On or near Partridge Road,E01021871,Harlow 007D,Criminal damage and arson,Investigation complete; no suspect identified,
592917d214564a14144b7e6dbe402220429511a41096d37adea378a327bd8dce,2014-08,Essex Police,Essex Police,0.099202,51.756006,On or near Partridge Road,E01021871,Harlow 007D,Criminal damage and arson,Investigation complete; no suspect identified,
7f3be9583b70e15ead2c8e6baf035f4dfc745debccc0bf8fb1c67ae498304c5a,2014-08,Essex Police,Essex Police,0.097639,51.752923,On or near Southern Way,E01021871,Harlow 007D,Criminal damage and arson,Investigation complete; no suspect identified,
a89a1f3abad8d2c497f4205ab1641bf456f6d6615db651d65d5922277bacb3f0,2014-08,Essex Police,Essex Police,0.099202,51.756006,On or near Partridge Road,E01021871,Harlow 007D,Theft from the person,Investigation complete; no suspect identified,
c1c4ee4ba3d354baa95bd60e45356146f71824a595221a1490c6c8419a8bf79f,2014-08,Essex Police,Essex Police,0.097639,51.752923,On or near Southern Way,E01021871,Harlow 007D,Vehicle crime,Investigation complete; no suspect identified,
,2014-08,Essex Police,Essex Police,0.092759,51.771138,On or near Nightclub,E01021872,Harlow 007E,Anti-social behaviour,,
,2014-08,Essex Police,Essex Police,0.094895,51.770021,On or near Nightclub,E01021872,Harlow 007E,Anti-social behaviour,,
,2014-08,Essex Police,Essex Police,0.091503,51.770324,On or near Kitson Way,E01021872,Harlow 007E,Anti-social behaviour,,
,2014-08,Essex Police,Essex Police,0.091838,51.768151,On or near Playhouse Square,E01021872,Harlow 007E,Anti-social behaviour,,
,2014-08,Essex Police,Essex Police,0.094895,51.770021,On or near Nightclub,E01021872,Harlow 007E,Anti-social behaviour,,
,2014-08,Essex Police,Essex Police,0.084336,51.763258,On or near Toddbrook,E01021872,Harlow 007E,Anti-social behaviour,,
,2014-08,Essex Police,Essex Police,0.091175,51.769800,On or near West Gate,E01021872,Harlow 007E,Anti-social behaviour,,
,2014-08,Essex Police,Essex Police,0.095939,51.770326,On or near Parking Area,E01021872,Harlow 007E,Anti-social behaviour,,
,2014-08,Essex Police,Essex Police,0.090994,51.771224,On or near Petrol Station,E01021872,Harlow 007E,Anti-social behaviour,,
,2014-08,Essex Police,Essex Police,0.091838,51.768151,On or near Playhouse Square,E01021872,Harlow 007E,Anti-social behaviour,,
,2014-08,Essex Police,Essex Police,0.092636,51.771302,On or near Nightclub,E01021872,Harlow 007E,Anti-social behaviour,,
,2014-08,Essex Police,Essex Police,0.092759,51.771138,On or near Nightclub,E01021872,Harlow 007E,Anti-social behaviour,,
,2014-08,Essex Police,Essex Police,0.094846,51.771452,On or near Adams House,E01021872,Harlow 007E,Anti-social behaviour,,
,2014-08,Essex Police,Essex Police,0.091838,51.768151,On or near Playhouse Square,E01021872,Harlow 007E,Anti-social behaviour,,
,2014-08,Essex Police,Essex Police,0.095787,51.770176,On or near Terminus Street,E01021872,Harlow 007E,Anti-social behaviour,,
,2014-08,Essex Police,Essex Police,0.095787,51.770176,On or near Terminus Street,E01021872,Harlow 007E,Anti-social behaviour,,
,2014-08,Essex Police,Essex Police,0.094846,51.771452,On or near Adams House,E01021872,Harlow 007E,Anti-social behaviour,,
,2014-08,Essex Police,Essex Police,0.094895,51.770021,On or near Nightclub,E01021872,Harlow 007E,Anti-social behaviour,,
,2014-08,Essex Police,Essex Police,0.094895,51.770021,On or near Nightclub,E01021872,Harlow 007E,Anti-social behaviour,,
,2014-08,Essex Police,Essex Police,0.095787,51.770176,On or near Terminus Street,E01021872,Harlow 007E,Anti-social behaviour,,
,2014-08,Essex Police,Essex Police,0.095787,51.770176,On or near Terminus Street,E01021872,Harlow 007E,Anti-social behaviour,,
,2014-08,Essex Police,Essex Police,0.095787,51.770176,On or near Terminus Street,E01021872,Harlow 007E,Anti-social behaviour,,
,2014-08,Essex Police,Essex Police,0.094895,51.770021,On or near Nightclub,E01021872,Harlow 007E,Anti-social behaviour,,
,2014-08,Essex Police,Essex Police,0.091838,51.768151,On or near Playhouse Square,E01021872,Harlow 007E,Anti-social behaviour,,
,2014-08,Essex Police,Essex Police,0.088416,51.764363,On or near Appleton Close,E01021872,Harlow 007E,Anti-social behaviour,,
,2014-08,Essex Police,Essex Police,0.091112,51.767822,On or near Haydens Road,E01021872,Harlow 007E,Anti-social behaviour,,
,2014-08,Essex Police,Essex Police,0.092097,51.767166,On or near Dads Wood,E01021872,Harlow 007E,Anti-social behaviour,,
,2014-08,Essex Police,Essex Police,0.094895,51.770021,On or near Nightclub,E01021872,Harlow 007E,Anti-social behaviour,,
,2014-08,Essex Police,Essex Police,0.092759,51.771138,On or near Nightclub,E01021872,Harlow 007E,Anti-social behaviour,,
,2014-08,Essex Police,Essex Police,0.094895,51.770021,On or near Nightclub,E01021872,Harlow 007E,Anti-social behaviour,,
,2014-08,Essex Police,Essex Police,0.088530,51.764946,On or near Northbrooks,E01021872,Harlow 007E,Anti-social behaviour,,
,2014-08,Essex Police,Essex Police,0.088416,51.764363,On or near Appleton Close,E01021872,Harlow 007E,Anti-social behaviour,,
,2014-08,Essex Police,Essex Police,0.088416,51.764363,On or near Appleton Close,E01021872,Harlow 007E,Anti-social behaviour,,
,2014-08,Essex Police,Essex Police,0.094846,51.771452,On or near Adams House,E01021872,Harlow 007E,Anti-social behaviour,,
,2014-08,Essex Police,Essex Police,0.088416,51.764363,On or near Appleton Close,E01021872,Harlow 007E,Anti-social behaviour,,
,2014-08,Essex Police,Essex Police,0.092759,51.771138,On or near Nightclub,E01021872,Harlow 007E,Anti-social behaviour,,
,2014-08,Essex Police,Essex Police,0.093567,51.769182,On or near Shopping Area,E01021872,Harlow 007E,Anti-social behaviour,,
,2014-08,Essex Police,Essex Police,0.094895,51.770021,On or near Nightclub,E01021872,Harlow 007E,Anti-social behaviour,,
,2014-08,Essex Police,Essex Police,0.095357,51.767783,On or near Shopping Area,E01021872,Harlow 007E,Anti-social behaviour,,
,2014-08,Essex Police,Essex Police,0.093567,51.769182,On or near Shopping Area,E01021872,Harlow 007E,Anti-social behaviour,,
,2014-08,Essex Police,Essex Police,0.091503,51.770324,On or near Kitson Way,E01021872,Harlow 007E,Anti-social behaviour,,
,2014-08,Essex Police,Essex Police,0.094846,51.771452,On or near Adams House,E01021872,Harlow 007E,Anti-social behaviour,,
,2014-08,Essex Police,Essex Police,0.091175,51.769800,On or near West Gate,E01021872,Harlow 007E,Anti-social behaviour,,
,2014-08,Essex Police,Essex Police,0.088530,51.764946,On or near Northbrooks,E01021872,Harlow 007E,Anti-social behaviour,,
,2014-08,Essex Police,Essex Police,0.095787,51.770176,On or near Terminus Street,E01021872,Harlow 007E,Anti-social behaviour,,
,2014-08,Essex Police,Essex Police,0.094895,51.770021,On or near Nightclub,E01021872,Harlow 007E,Anti-social behaviour,,
,2014-08,Essex Police,Essex Police,0.094481,51.770766,On or near East Gate,E01021872,Harlow 007E,Anti-social behaviour,,
,2014-08,Essex Police,Essex Police,0.090994,51.771224,On or near Petrol Station,E01021872,Harlow 007E,Anti-social behaviour,,
,2014-08,Essex Police,Essex Police,0.088530,51.764946,On or near Northbrooks,E01021872,Harlow 007E,Anti-social behaviour,,
,2014-08,Essex Police,Essex Police,0.095357,51.767783,On or near Shopping Area,E01021872,Harlow 007E,Anti-social behaviour,,
,2014-08,Essex Police,Essex Police,0.095357,51.767783,On or near Shopping Area,E01021872,Harlow 007E,Anti-social behaviour,,
,2014-08,Essex Police,Essex Police,0.094895,51.770021,On or near Nightclub,E01021872,Harlow 007E,Anti-social behaviour,,
,2014-08,Essex Police,Essex Police,0.092759,51.771138,On or near Nightclub,E01021872,Harlow 007E,Anti-social behaviour,,
,2014-08,Essex Police,Essex Police,0.092636,51.771302,On or near Nightclub,E01021872,Harlow 007E,Anti-social behaviour,,
0f0344b44bdf0c892d55d3623ac651b01ea85d62b80f17150bea82fb29e0c579,2014-08,Essex Police,Essex Police,0.093567,51.769182,On or near Shopping Area,E01021872,Harlow 007E,Bicycle theft,Under investigation,
5157ffd91a3d9b0596b13403bfd2908dc5d02723164d280cf49404be86175d6b,2014-08,Essex Police,Essex Police,0.093567,51.769182,On or near Shopping Area,E01021872,Harlow 007E,Bicycle theft,Investigation complete; no suspect identified,
7489ab7dd55c9be7b4170bc05aff0df70495f85b12ef10c197e82e6354fe0625,2014-08,Essex Police,Essex Police,0.093567,51.769182,On or near Shopping Area,E01021872,Harlow 007E,Bicycle theft,Investigation complete; no suspect identified,
340893e6fda0257e000b23b3e29bbd3df7af039f5c797e07e6d443bf7fc38805,2014-08,Essex Police,Essex Police,0.093567,51.769182,On or near Shopping Area,E01021872,Harlow 007E,Bicycle theft,Investigation complete; no suspect identified,
3044f4e032256984554e2423738eec487dc951421ee92a499581eb3527c487b3,2014-08,Essex Police,Essex Police,0.093567,51.769182,On or near Shopping Area,E01021872,Harlow 007E,Bicycle theft,Under investigation,
5aa25ef4d09a8a0f36e1c5b168681b40fed6c023db57646a8204428fe3d83b87,2014-08,Essex Police,Essex Police,0.091503,51.770324,On or near Kitson Way,E01021872,Harlow 007E,Burglary,Under investigation,
3879638f90f33d0627a89375642d71d228a9a56f0ca0df40c6f3922058187cf0,2014-08,Essex Police,Essex Police,0.084778,51.763079,On or near Harberts Road,E01021872,Harlow 007E,Burglary,Under investigation,
8c00fb3fce8a022237884e50a048f9d4d3343d9ea2d5dd34a0b79b96f9c38343,2014-08,Essex Police,Essex Police,0.091838,51.768151,On or near Playhouse Square,E01021872,Harlow 007E,Burglary,Under investigation,
ef6db9107b3744f2307da8be8074a02531214ff07635a2684abf73b7d231d7ba,2014-08,Essex Police,Essex Police,0.092670,51.767966,On or near College Square,E01021872,Harlow 007E,Criminal damage and arson,Investigation complete; no suspect identified,
70ff0e11bb83adff9b91e015457fa92adbb96e748ba1aeb4597e6f2023bbe3af,2014-08,Essex Police,Essex Police,0.093567,51.769182,On or near Shopping Area,E01021872,Harlow 007E,Criminal damage and arson,Under investigation,
1ec307fdb72b744e099398ee386aeefeedf8950ea0317e80858b9cd822fababf,2014-08,Essex Police,Essex Police,0.095939,51.770326,On or near Parking Area,E01021872,Harlow 007E,Criminal damage and arson,Under investigation,
11001e5c2753821ead91125b817bd94e84bf769ee6f28c65ce24fbf2b10687f9,2014-08,Essex Police,Essex Police,0.084336,51.763258,On or near Toddbrook,E01021872,Harlow 007E,Criminal damage and arson,Investigation complete; no suspect identified,
5868c05d045356ea1f92bef158c634264156d2dc4fddb5ca3c23f3cb38f67738,2014-08,Essex Police,Essex Police,0.090994,51.771224,On or near Petrol Station,E01021872,Harlow 007E,Criminal damage and arson,Awaiting court outcome,
022c52e836da568c39503f17e5d01f15f12332fce5d571a3290c6ca5ae7fe9d7,2014-08,Essex Police,Essex Police,0.094846,51.771452,On or near Adams House,E01021872,Harlow 007E,Criminal damage and arson,Investigation complete; no suspect identified,
7081aa5ef64c3d1113f582e886afeb2bfcbe8a4c704612c819acc0333618242d,2014-08,Essex Police,Essex Police,0.091838,51.768151,On or near Playhouse Square,E01021872,Harlow 007E,Drugs,Offender fined,
1ddf7831289d6e765364131bfe0f29a28bd23d040dc577476ab9d75d13a69db5,2014-08,Essex Police,Essex Police,0.095357,51.767783,On or near Shopping Area,E01021872,Harlow 007E,Drugs,Awaiting court outcome,
25167df03f4b07f88d94c1b670e5f8aaf436d8f90dbd45c20ce4eea326640047,2014-08,Essex Police,Essex Police,0.090994,51.771224,On or near Petrol Station,E01021872,Harlow 007E,Other theft,Under investigation,
53d8bf442736fac38d367809be5e6178d2bcf66c1807e0b9f87c40dff5b09dfa,2014-08,Essex Police,Essex Police,0.094895,51.770021,On or near Nightclub,E01021872,Harlow 007E,Other theft,Investigation complete; no suspect identified,
428b658e367858026d5933935b5aa33ce1d6c1ecbd815871dd0fb4a18460f5fa,2014-08,Essex Police,Essex Police,0.094481,51.770766,On or near East Gate,E01021872,Harlow 007E,Other theft,Investigation complete; no suspect identified,
c19df36d59f48b39f2c9dd60d2ebc67273d77b5226af278cb09de9a5892f0efa,2014-08,Essex Police,Essex Police,0.094846,51.771452,On or near Adams House,E01021872,Harlow 007E,Other theft,Investigation complete; no suspect identified,
75cd6ca23b8bce12968141c796c4b64b6790659ac28adad3b24a5c9ad968b38b,2014-08,Essex Police,Essex Police,0.095928,51.771666,On or near Pedestrian Subway,E01021872,Harlow 007E,Other theft,Under investigation,
1f9aea5f7dbf3dfad9ddfc1e2fa1bea9bdb072dcb797e0049f51b99e33e4c1ff,2014-08,Essex Police,Essex Police,0.095928,51.771666,On or near Pedestrian Subway,E01021872,Harlow 007E,Other theft,Under investigation,
ccf7d1e3244e6c459bdaa79ad00d1b0bf0a8a32a6498903077cc44603cb87f09,2014-08,Essex Police,Essex Police,0.095787,51.770176,On or near Terminus Street,E01021872,Harlow 007E,Other theft,Investigation complete; no suspect identified,
58a9931c3972a986b3a964641a4e58b794cd69031a54b15b1a2f4eef693b59ef,2014-08,Essex Police,Essex Police,0.093567,51.769182,On or near Shopping Area,E01021872,Harlow 007E,Other theft,Investigation complete; no suspect identified,
dccee62c9d2c26bc2099f22bb37f682c859cca68f6620b3a0fd4b2a94097e58a,2014-08,Essex Police,Essex Police,0.093567,51.769182,On or near Shopping Area,E01021872,Harlow 007E,Public order,Under investigation,
eac8edeac95205d44cfd348421b321dae212ad2a67459f554e31ff8d01a89fc9,2014-08,Essex Police,Essex Police,0.095787,51.770176,On or near Terminus Street,E01021872,Harlow 007E,Public order,Awaiting court outcome,
bd9b0d53ab203cd74d077f394313e7f01353ffd112a7c3e0755dddf99ae51dbb,2014-08,Essex Police,Essex Police,0.095357,51.767783,On or near Shopping Area,E01021872,Harlow 007E,Public order,Under investigation,
04ba761f60744fdf76348211001c2ed01e2a8b79daf2223f96cfc4348f82556d,2014-08,Essex Police,Essex Police,0.095357,51.767783,On or near Shopping Area,E01021872,Harlow 007E,Public order,Awaiting court outcome,
81b5eebc711be3f62392493795eefdb8077ce7ff1ac8e3a581fecddef53baf87,2014-08,Essex Police,Essex Police,0.088530,51.764946,On or near Northbrooks,E01021872,Harlow 007E,Public order,Under investigation,
49e01073475a0d58bfc2a2d4622d21552c49b15c980d3b4565325a104ab45e36,2014-08,Essex Police,Essex Police,0.091175,51.769800,On or near West Gate,E01021872,Harlow 007E,Public order,Unable to prosecute suspect,
94fc51b913909c4fdf4be22d1fc1c205448783563f3aed60879683a2b01fcb53,2014-08,Essex Police,Essex Police,0.094895,51.770021,On or near Nightclub,E01021872,Harlow 007E,Public order,Unable to prosecute suspect,
44b535213cf86547265dbc2201ba8216d01a7c6e05084a7fb3e5d0bb2f22eb2e,2014-08,Essex Police,Essex Police,0.095357,51.767783,On or near Shopping Area,E01021872,Harlow 007E,Shoplifting,Local resolution,
90cdbfac5df30353ad669bc6f03af4f43844aab37a3a64059ce5f1e141366fe0,2014-08,Essex Police,Essex Police,0.095357,51.767783,On or near Shopping Area,E01021872,Harlow 007E,Shoplifting,Awaiting court outcome,
a016c99915875dd7ae42012cd0aa9ce5db202b3a7cef740edf613fd7d25b1b41,2014-08,Essex Police,Essex Police,0.093567,51.769182,On or near Shopping Area,E01021872,Harlow 007E,Shoplifting,Offender given a caution,
14b45021824e6708aec515dbd4e78d9c704d39f1842f2e621284c4265f4c9644,2014-08,Essex Police,Essex Police,0.093567,51.769182,On or near Shopping Area,E01021872,Harlow 007E,Shoplifting,Awaiting court outcome,
d94ffdb5a3ce5259929cb824827531961c6c15e19f53568e410aa79a3c1886f3,2014-08,Essex Police,Essex Police,0.094895,51.770021,On or near Nightclub,E01021872,Harlow 007E,Shoplifting,Under investigation,
052027922fe2c211bf193540f24184c5c061a7adb483a7f8b27cce7dc49f12ab,2014-08,Essex Police,Essex Police,0.095357,51.767783,On or near Shopping Area,E01021872,Harlow 007E,Shoplifting,Local resolution,
38341bfc15a5fad8a168e34038faafb56756675d00ed1feffd040416ea62ea20,2014-08,Essex Police,Essex Police,0.095357,51.767783,On or near Shopping Area,E01021872,Harlow 007E,Shoplifting,Local resolution,
03d2c2ee37680962497a4adc5940b76e036e0049de655803ac0ce5745ae0f1d2,2014-08,Essex Police,Essex Police,0.094895,51.770021,On or near Nightclub,E01021872,Harlow 007E,Shoplifting,Offender given a caution,
14a2bcd519f26d0ce1a5ed0301214ab0fa4d02f854b840e4a1d2c54ac892c9f9,2014-08,Essex Police,Essex Police,0.094895,51.770021,On or near Nightclub,E01021872,Harlow 007E,Shoplifting,Investigation complete; no suspect identified,
cd908fdafa891803db4beee7d112873d51d930f5f895f48fe9a8e96d11009fe7,2014-08,Essex Police,Essex Police,0.094133,51.767643,On or near Shopping Area,E01021872,Harlow 007E,Shoplifting,Offender given a caution,
c7f94d0222835dd3f5d96a8a3875b1863118b4c62ad1ece6372ba8defadb3cfb,2014-08,Essex Police,Essex Police,0.093567,51.769182,On or near Shopping Area,E01021872,Harlow 007E,Shoplifting,Under investigation,
7abc18d0e922c520864d4fb608d516afc0ca89635880619f95a04936b7b71014,2014-08,Essex Police,Essex Police,0.094133,51.767643,On or near Shopping Area,E01021872,Harlow 007E,Shoplifting,Awaiting court outcome,
9a76f22f1b824c1863ca76ba7d8bc25a1646687679dcd5ef0c72637e23a6a101,2014-08,Essex Police,Essex Police,0.094895,51.770021,On or near Nightclub,E01021872,Harlow 007E,Shoplifting,Offender given a caution,
b67d3cf00245734196dadbe7a0a8ab2656ec620f5bbd675327cd4cb4e5806f83,2014-08,Essex Police,Essex Police,0.093567,51.769182,On or near Shopping Area,E01021872,Harlow 007E,Shoplifting,Unable to prosecute suspect,
0eaf751da42899101e23b01c81707837b6a29be060ca375103d180d5ec008737,2014-08,Essex Police,Essex Police,0.094895,51.770021,On or near Nightclub,E01021872,Harlow 007E,Shoplifting,Investigation complete; no suspect identified,
74f29a532f91a0e01cef996575e939b88ac211baec8aee5111189c622fbe78c6,2014-08,Essex Police,Essex Police,0.093567,51.769182,On or near Shopping Area,E01021872,Harlow 007E,Shoplifting,Local resolution,
8b3a41b21d183dabaec1eab845c3a4cda609253e7dea6aae27bc1ee557f5e912,2014-08,Essex Police,Essex Police,0.094895,51.770021,On or near Nightclub,E01021872,Harlow 007E,Shoplifting,Investigation complete; no suspect identified,
4b2ebbb171c7fe09cd16c274cdb4ff4761bfb87a2d35661252a6c79ef5767992,2014-08,Essex Police,Essex Police,0.093567,51.769182,On or near Shopping Area,E01021872,Harlow 007E,Shoplifting,Offender otherwise dealt with,
33bfdc1549f3ece5e9cbca975bded73f37356b0e0e29ad2b74fadff9f0e63796,2014-08,Essex Police,Essex Police,0.095357,51.767783,On or near Shopping Area,E01021872,Harlow 007E,Shoplifting,Offender fined,
30e4906034889ae8ee6513f50f24c825f0bb9aaacc015a43db7d617b32116898,2014-08,Essex Police,Essex Police,0.095357,51.767783,On or near Shopping Area,E01021872,Harlow 007E,Shoplifting,Local resolution,
904e51becf0cce8d35e852f192a150857ee76559958f53f4b5c9fe3f43018fa8,2014-08,Essex Police,Essex Police,0.093567,51.769182,On or near Shopping Area,E01021872,Harlow 007E,Shoplifting,Under investigation,
b9b250a0700af62cbbdb819c5810ae2798aef9bf15a7ef2ea52778741becaf07,2014-08,Essex Police,Essex Police,0.093567,51.769182,On or near Shopping Area,E01021872,Harlow 007E,Shoplifting,Offender given penalty notice,
a4a6930f498d7d0023228f7e28684417a2a56ee9854c43af3c0196dde2d7f7d2,2014-08,Essex Police,Essex Police,0.093567,51.769182,On or near Shopping Area,E01021872,Harlow 007E,Shoplifting,Offender given a caution,
cfb8058ba6d2368d75b87a3204480c82cf657dee610e9d9e25f236af42f181e9,2014-08,Essex Police,Essex Police,0.095357,51.767783,On or near Shopping Area,E01021872,Harlow 007E,Shoplifting,Awaiting court outcome,
ef13321740ba7096267fa8291f9dc865e1643f90fa0f85180ca038d619261efb,2014-08,Essex Police,Essex Police,0.095357,51.767783,On or near Shopping Area,E01021872,Harlow 007E,Shoplifting,Awaiting court outcome,
8765d41ca4bdfff4672719cd505701b3d0b4a8dd6d8b373c44852c4ba584978f,2014-08,Essex Police,Essex Police,0.094895,51.770021,On or near Nightclub,E01021872,Harlow 007E,Shoplifting,Under investigation,
0d253e3a081d54b043afe470778f74443bc95b8cb958eaf0392574b5dffd37eb,2014-08,Essex Police,Essex Police,0.093567,51.769182,On or near Shopping Area,E01021872,Harlow 007E,Shoplifting,Under investigation,
10acc6eb97066a489f80861d705a5233209e10057d53bde6d3d4b6c5195156ce,2014-08,Essex Police,Essex Police,0.094895,51.770021,On or near Nightclub,E01021872,Harlow 007E,Shoplifting,Under investigation,
5feca24eb7b4c36ffb4de7e238d3b13854d5d2fc213d749b774370696704b4c1,2014-08,Essex Police,Essex Police,0.094895,51.770021,On or near Nightclub,E01021872,Harlow 007E,Shoplifting,Under investigation,
a7a3245c3ac15e028c0b8cd49e763335aec6197433c446872052f61af63e8bb4,2014-08,Essex Police,Essex Police,0.093567,51.769182,On or near Shopping Area,E01021872,Harlow 007E,Shoplifting,Under investigation,
ae520e39b05909d4891e9ca58a50b239bfdd87d243de57b39816c50655c34a83,2014-08,Essex Police,Essex Police,0.093567,51.769182,On or near Shopping Area,E01021872,Harlow 007E,Theft from the person,Investigation complete; no suspect identified,
15d29b23f242b9c107ff4f9f0206d315baf3fa60747e070ff019b39563878f51,2014-08,Essex Police,Essex Police,0.092670,51.767966,On or near College Square,E01021872,Harlow 007E,Vehicle crime,Under investigation,
5a696d6b6374d060cd81a07b8bdc2c2434bb578c3792bd9970ebf7e1f4b5fd0a,2014-08,Essex Police,Essex Police,0.088530,51.764946,On or near Northbrooks,E01021872,Harlow 007E,Vehicle crime,Under investigation,
d7810d7df9e4460daf539804ddaa14deb053d040b25e8e4561f03ec578f2f1f8,2014-08,Essex Police,Essex Police,0.091503,51.770324,On or near Kitson Way,E01021872,Harlow 007E,Violence and sexual offences,Unable to prosecute suspect,
c8c950d644ee3c32524e20449ab336f790b76f50286417b437d248df676469d5,2014-08,Essex Police,Essex Police,0.088530,51.764946,On or near Northbrooks,E01021872,Harlow 007E,Violence and sexual offences,Awaiting court outcome,
e4924483a0befc3cce61a5b7812d1204b50797a33ec8f52c1ad9502517956369,2014-08,Essex Police,Essex Police,0.095787,51.770176,On or near Terminus Street,E01021872,Harlow 007E,Violence and sexual offences,Under investigation,
d0883e59405657c708a98f8f34b2e23c7198fc24b3c014770fc471b4b5a25e66,2014-08,Essex Police,Essex Police,0.095787,51.770176,On or near Terminus Street,E01021872,Harlow 007E,Violence and sexual offences,Under investigation,
06f8bd3d888c73665ccae97aa3a3a52c21da33d34bc792bdc89964e316e1bd1a,2014-08,Essex Police,Essex Police,0.095928,51.771666,On or near Pedestrian Subway,E01021872,Harlow 007E,Violence and sexual offences,Under investigation,
d224b8ec5d3199a7b82168db2e6eec722845a63110e7d52b3397c353006f8a04,2014-08,Essex Police,Essex Police,0.091503,51.770324,On or near Kitson Way,E01021872,Harlow 007E,Violence and sexual offences,Under investigation,
a4637c9c4db8f9533bdef89d641f356c862adcbde847318df596a6b84567c344,2014-08,Essex Police,Essex Police,0.094846,51.771452,On or near Adams House,E01021872,Harlow 007E,Violence and sexual offences,Under investigation,
642d30de7ce0a6b5db00a4addbc5a960160bfad8f4b55cbede9347b3e92a06ee,2014-08,Essex Police,Essex Police,0.092670,51.767966,On or near College Square,E01021872,Harlow 007E,Violence and sexual offences,Under investigation,
046382b81b7cff58594ffbcd46ec8cfe3ffed33537156cfb6b4a6f0301e77d81,2014-08,Essex Police,Essex Police,0.091503,51.770324,On or near Kitson Way,E01021872,Harlow 007E,Violence and sexual offences,Under investigation,
c9123cf168bbcb6ee33b1fd7f1a02769410bdae60e452e4ea070d8a5eb791edb,2014-08,Essex Police,Essex Police,0.092636,51.771302,On or near Nightclub,E01021872,Harlow 007E,Violence and sexual offences,Offender given a caution,
0cbb0b0016da72be724793add67e950163ea1125e5fec496a4dedd7628d74498,2014-08,Essex Police,Essex Police,0.088416,51.764363,On or near Appleton Close,E01021872,Harlow 007E,Violence and sexual offences,Under investigation,
f97633fb889b675ba9562bacb8ef3416b30546c24228f38adf91ba0a604c4bc4,2014-08,Essex Police,Essex Police,0.094895,51.770021,On or near Nightclub,E01021872,Harlow 007E,Violence and sexual offences,Under investigation,
6e46d34368fc0f9952c48605f19594fc3db92b28eb53a3526013d9bc1279c21b,2014-08,Essex Police,Essex Police,0.088416,51.764363,On or near Appleton Close,E01021872,Harlow 007E,Violence and sexual offences,Under investigation,
8cfc3f692ab05306a7dc7c19115d0080cf821d8b1eabc86ad258de8ab6f2b4e1,2014-08,Essex Police,Essex Police,0.088416,51.764363,On or near Appleton Close,E01021872,Harlow 007E,Violence and sexual offences,Awaiting court outcome,
480bbd8c7f8db54e6919206deef04daa7400b3888b2ead56ebc818a3b720dc1a,2014-08,Essex Police,Essex Police,0.094846,51.771452,On or near Adams House,E01021872,Harlow 007E,Violence and sexual offences,Under investigation,
8df2817f9999cc962ad985efb1bade2f7bf1d0ce9fe2c6902da7607f41ded38a,2014-08,Essex Police,Essex Police,0.092636,51.771302,On or near Nightclub,E01021872,Harlow 007E,Violence and sexual offences,Awaiting court outcome,
7d532c35fd68bb7f64e9b455164c23ab270f9e0a12f78723ab51bca2d7296606,2014-08,Essex Police,Essex Police,0.095787,51.770176,On or near Terminus Street,E01021872,Harlow 007E,Violence and sexual offences,Unable to prosecute suspect,
fa4f527499414c203e48ae2b0c2dd0ad7c8425e38a2a152b8a100c49a77355ff,2014-08,Essex Police,Essex Police,0.092636,51.771302,On or near Nightclub,E01021872,Harlow 007E,Violence and sexual offences,Offender given a caution,
82223d7be2aea984c900b6eecd58bb7e7883a71eefd3a34be19500eab82b75a4,2014-08,Essex Police,Essex Police,0.094846,51.771452,On or near Adams House,E01021872,Harlow 007E,Violence and sexual offences,Under investigation,
d56676751079ee7bc5ac068214ee27885508853b43e9c2f5897e140a9505c893,2014-08,Essex Police,Essex Police,0.090994,51.771224,On or near Petrol Station,E01021872,Harlow 007E,Violence and sexual offences,Awaiting court outcome,
046cb663f3d42f03365007fd03b8950ac75a4de33314871d95da70f473bd4afb,2014-08,Essex Police,Essex Police,0.088530,51.764946,On or near Northbrooks,E01021872,Harlow 007E,Violence and sexual offences,Unable to prosecute suspect,
3720f6e49f44328d5a788c2c2a467e5add4a7ae1ca847c8c940682efff3021c5,2014-08,Essex Police,Essex Police,0.095357,51.767783,On or near Shopping Area,E01021872,Harlow 007E,Violence and sexual offences,Under investigation,
78ea800306348d8380b750b254ae3efa6dc953815d5322ca6a8d6a10c67aa088,2014-08,Essex Police,Essex Police,0.088530,51.764946,On or near Northbrooks,E01021872,Harlow 007E,Violence and sexual offences,Unable to prosecute suspect,
fba45724a24bc8724b4bf30491de9e6d352e4279158184f61725cea1dc2719b5,2014-08,Essex Police,Essex Police,0.092759,51.771138,On or near Nightclub,E01021872,Harlow 007E,Violence and sexual offences,Under investigation,
3f21c7e8be0934e4beeb0177f87c55a3ceaddebb4aabeeebadf32bfc4cb6faa8,2014-08,Essex Police,Essex Police,0.088530,51.764946,On or near Northbrooks,E01021872,Harlow 007E,Violence and sexual offences,Under investigation,
5e166fa6466b58e87a8c7626b18d757a49cdea8bc4c2d4457ade3df034020a02,2014-08,Essex Police,Essex Police,0.095357,51.767783,On or near Shopping Area,E01021872,Harlow 007E,Other crime,Awaiting court outcome,
,2014-08,Essex Police,Essex Police,0.122239,51.762445,On or near Nicholls Field,E01021821,Harlow 008A,Anti-social behaviour,,
,2014-08,Essex Police,Essex Police,0.122239,51.762445,On or near Nicholls Field,E01021821,Harlow 008A,Anti-social behaviour,,
,2014-08,Essex Police,Essex Police,0.122239,51.762445,On or near Nicholls Field,E01021821,Harlow 008A,Anti-social behaviour,,
,2014-08,Essex Police,Essex Police,0.122239,51.762445,On or near Nicholls Field,E01021821,Harlow 008A,Anti-social behaviour,,
88d5e89362c5097689a27670993c7983a23ec6b6f75e5bb767af8a993d179858,2014-08,Essex Police,Essex Police,0.122226,51.757535,On or near Tracyes Road,E01021821,Harlow 008A,Burglary,Under investigation,
d5e97d97ad2703abd7e69ac93438901ead144bf72ebc7782cfc9ead2f5f8d43a,2014-08,Essex Police,Essex Police,0.122239,51.762445,On or near Nicholls Field,E01021821,Harlow 008A,Criminal damage and arson,Investigation complete; no suspect identified,
582435b64cf09a50718d828b7e05e427fd6507af20a8594d5ab6cebf022f90ac,2014-08,Essex Police,Essex Police,0.122226,51.757535,On or near Tracyes Road,E01021821,Harlow 008A,Criminal damage and arson,Under investigation,
0de502d0aa92509cb203bf4cb71ede35949e7431b85783562cf11bb4af3b6a76,2014-08,Essex Police,Essex Police,0.121382,51.760859,On or near Supermarket,E01021821,Harlow 008A,Public order,Offender sent to prison,
7b1b548c377d81e399102d0f128f652621f6ba536f2985d7aa40662d7a009270,2014-08,Essex Police,Essex Police,0.122226,51.757535,On or near Tracyes Road,E01021821,Harlow 008A,Public order,Under investigation,
cb4b41ca5c9bbae46c5d41e73f3e6727599368514598bf5808a0e2ef7ffb97d1,2014-08,Essex Police,Essex Police,0.122226,51.757535,On or near Tracyes Road,E01021821,Harlow 008A,Public order,Unable to prosecute suspect,
ffb74cf96667c095be5696e77a0a63301cff71d237b925f25f4bf6ad0d3a29dc,2014-08,Essex Police,Essex Police,0.122239,51.762445,On or near Nicholls Field,E01021821,Harlow 008A,Public order,Offender sent to prison,
13d490fc532fc5fd60e7b4cebba6a6d747117114d2e63398b20eb4b34d78ee3d,2014-08,Essex Police,Essex Police,0.121382,51.760859,On or near Supermarket,E01021821,Harlow 008A,Shoplifting,Under investigation,
6ee23a9005f73dce176c303cfde8c1ab30df0b0f4158905dcfc53e8b831cf477,2014-08,Essex Police,Essex Police,0.121382,51.760859,On or near Supermarket,E01021821,Harlow 008A,Shoplifting,Under investigation,
fd6e62f7c4ba299c26732d95db1f98d86f0a769cc5d3b7c28c820386cee65316,2014-08,Essex Police,Essex Police,0.121382,51.760859,On or near Supermarket,E01021821,Harlow 008A,Vehicle crime,Investigation complete; no suspect identified,
b0681cb382da1596b95b2200a993a422b4b8b866e9c99881cf0394ef752e6ca5,2014-08,Essex Police,Essex Police,0.122239,51.762445,On or near Nicholls Field,E01021821,Harlow 008A,Violence and sexual offences,Under investigation,
7e5b4b09113a283270241a24706e860b0bee0145b92ba76a2d1a30a2fdbf7a1e,2014-08,Essex Police,Essex Police,0.121382,51.760859,On or near Supermarket,E01021821,Harlow 008A,Violence and sexual offences,Under investigation,
ce71a2e21642e18d145b0a2dca544cc1c45e8ebfa61b61b02ad1a9f584c50d60,2014-08,Essex Police,Essex Police,0.121113,51.760999,On or near Manor Hatch,E01021821,Harlow 008A,Violence and sexual offences,Under investigation,
4acfdbdaacc59185d2d492b0d103824c5c0ed2e49853ee2f0718dafa8b0023f8,2014-08,Essex Police,Essex Police,0.122239,51.762445,On or near Nicholls Field,E01021821,Harlow 008A,Violence and sexual offences,Investigation complete; no suspect identified,
,2014-08,Essex Police,Essex Police,0.136707,51.759503,On or near Perry Spring,E01021834,Harlow 008B,Anti-social behaviour,,
,2014-08,Essex Police,Essex Police,0.136707,51.759503,On or near Perry Spring,E01021834,Harlow 008B,Anti-social behaviour,,
,2014-08,Essex Police,Essex Police,0.136707,51.759503,On or near Perry Spring,E01021834,Harlow 008B,Anti-social behaviour,,
,2014-08,Essex Police,Essex Police,0.133650,51.760430,On or near Fullers Mead,E01021834,Harlow 008B,Anti-social behaviour,,
,2014-08,Essex Police,Essex Police,0.133650,51.760430,On or near Fullers Mead,E01021834,Harlow 008B,Anti-social behaviour,,
21877384c13ed774067a14c38bcb390cbb3cd51d6623bbcedf3699e69b575625,2014-08,Essex Police,Essex Police,0.136430,51.758231,On or near Alexander Mews,E01021834,Harlow 008B,Criminal damage and arson,Investigation complete; no suspect identified,
188e36f7e1cf501087813ec8aaf85cf2c4bc9ae6df3cad4be0011a6084b919e3,2014-08,Essex Police,Essex Police,0.138018,51.757797,On or near Potters Field,E01021834,Harlow 008B,Criminal damage and arson,Investigation complete; no suspect identified,
d9ed39413e08fab84c877185afed484f2ff6da6707f8970491c4b450d2209523,2014-08,Essex Police,Essex Police,0.132120,51.762401,On or near Kingsdon Lane,E01021834,Harlow 008B,Vehicle crime,Investigation complete; no suspect identified,
,2014-08,Essex Police,Essex Police,0.135183,51.757291,On or near Red Lion Crescent,E01021835,Harlow 008C,Anti-social behaviour,,
,2014-08,Essex Police,Essex Police,0.135183,51.757291,On or near Red Lion Crescent,E01021835,Harlow 008C,Anti-social behaviour,,
,2014-08,Essex Police,Essex Police,0.135442,51.756027,On or near Swenys,E01021835,Harlow 008C,Anti-social behaviour,,
,2014-08,Essex Police,Essex Police,0.135442,51.756027,On or near Swenys,E01021835,Harlow 008C,Anti-social behaviour,,
,2014-08,Essex Police,Essex Police,0.129999,51.756144,On or near Chapel Fields,E01021835,Harlow 008C,Anti-social behaviour,,
,2014-08,Essex Police,Essex Police,0.135183,51.757291,On or near Red Lion Crescent,E01021835,Harlow 008C,Anti-social behaviour,,
5290c86e737bdb50069f209f4d598d2d717038ccccb9a0be37006208101325e6,2014-08,Essex Police,Essex Police,0.135183,51.757291,On or near Red Lion Crescent,E01021835,Harlow 008C,Possession of weapons,Under investigation,
094198d550a59d813c5a1a7d4a80beb4553aec86c784221e6307f0d4539a2305,2014-08,Essex Police,Essex Police,0.124276,51.755214,On or near Brooklane Field,E01021835,Harlow 008C,Vehicle crime,Investigation complete; no suspect identified,
30ed9b26723bd05734963b25dcb44cac572550fe7ffebfb406ddaf676e970af7,2014-08,Essex Police,Essex Police,0.121022,51.755650,On or near Spinning Wheel Mead,E01021835,Harlow 008C,Vehicle crime,Investigation complete; no suspect identified,
,2014-08,Essex Police,Essex Police,0.132394,51.758987,On or near Florence Close,E01021836,Harlow 008D,Anti-social behaviour,,
,2014-08,Essex Police,Essex Police,0.131768,51.759547,On or near Potter Street,E01021836,Harlow 008D,Anti-social behaviour,,
d2a93c53a839b23e452dd627eabac0030db7e3a90c991bb11105a2201feb1e2a,2014-08,Essex Police,Essex Police,0.129177,51.762984,On or near Oaklands Drive,E01021836,Harlow 008D,Drugs,Under investigation,
86afbfe3c3727f0e9ffc68b029d1672f81b0158db83df3c94900c22cff50ebcf,2014-08,Essex Police,Essex Police,0.129177,51.762984,On or near Oaklands Drive,E01021836,Harlow 008D,Other theft,Under investigation,
2b89c3e3fff8b7c2ff817a3815a2d19f2b36188b5b6f90465c687a6ec9a5bd9d,2014-08,Essex Police,Essex Police,0.130475,51.760704,On or near Pinewood Close,E01021836,Harlow 008D,Violence and sexual offences,Local resolution,
b22210e64ca342e854b33f67c94ab169f699f5e5ae62049517b32522f61e8ab7,2014-08,Essex Police,Essex Police,0.131768,51.759547,On or near Potter Street,E01021836,Harlow 008D,Violence and sexual offences,Under investigation,
00a8303ec4d9183c80e119b01e067c379fbd01fb541eceecc2146408928d30d0,2014-08,Essex Police,Essex Police,0.132394,51.758987,On or near Florence Close,E01021836,Harlow 008D,Violence and sexual offences,Under investigation,
,2014-08,Essex Police,Essex Police,0.118850,51.752902,On or near Clifton Hatch,E01021837,Harlow 008E,Anti-social behaviour,,
,2014-08,Essex Police,Essex Police,0.120360,51.753900,On or near Upper Mealines,E01021837,Harlow 008E,Anti-social behaviour,,
,2014-08,Essex Police,Essex Police,0.118850,51.752902,On or near Clifton Hatch,E01021837,Harlow 008E,Anti-social behaviour,,
,2014-08,Essex Police,Essex Police,0.117149,51.749677,On or near Radburn Close,E01021837,Harlow 008E,Anti-social behaviour,,
27e97b3f156ac783ec829eaac81731712b7ab20f52abbc8086c14b6c85e6a9d6,2014-08,Essex Police,Essex Police,0.119433,51.751425,On or near Sports/Recreation Area,E01021837,Harlow 008E,Violence and sexual offences,Under investigation,
,2014-08,Essex Police,Essex Police,0.067365,51.756561,On or near Sheppards,E01021829,Harlow 009A,Anti-social behaviour,,
3137b5cba04858a7d812f1282739af9acff7a40eb478423a02a5c36da88aed6b,2014-08,Essex Police,Essex Police,0.071119,51.755317,On or near Tithelands,E01021829,Harlow 009A,Criminal damage and arson,Investigation complete; no suspect identified,
8b359c8b02a9210786df85bdea5c66f2217526f36a827ed0fad9310b804a5021,2014-08,Essex Police,Essex Police,0.070483,51.755985,On or near Seymours,E01021829,Harlow 009A,Criminal damage and arson,Investigation complete; no suspect identified,
fd162258caf35ae6e41e465eba31d95bbeb238a5549d7e786e9fcd0a9158fb2c,2014-08,Essex Police,Essex Police,0.067365,51.756561,On or near Sheppards,E01021829,Harlow 009A,Other theft,Under investigation,
b064626e4ce5241950d706e40e09d2a0530caf91198577dcb4fbc28cae7f6c1f,2014-08,Essex Police,Essex Police,0.066970,51.754266,On or near Red Willow,E01021829,Harlow 009A,Other theft,Investigation complete; no suspect identified,
13fb947c49f9146a2c8fb8723228ebfeb5edf8d4d98f3d42b3d024d4fae98a45,2014-08,Essex Police,Essex Police,0.074243,51.755208,On or near Pedestrian Subway,E01021829,Harlow 009A,Other theft,Investigation complete; no suspect identified,
052ce99f241cff954f897e558454e2332af50f770e8d63a513e5f0359eab4387,2014-08,Essex Police,Essex Police,0.067726,51.753992,On or near Pedestrian Subway,E01021829,Harlow 009A,Vehicle crime,Under investigation,
,2014-08,Essex Police,Essex Police,0.075111,51.754213,On or near Sports/Recreation Area,E01021830,Harlow 009B,Anti-social behaviour,,
,2014-08,Essex Police,Essex Police,0.081302,51.752413,On or near Kingsmoor Road,E01021830,Harlow 009B,Anti-social behaviour,,
,2014-08,Essex Police,Essex Police,0.080281,51.755102,On or near Kingsmoor Road,E01021830,Harlow 009B,Anti-social behaviour,,
,2014-08,Essex Police,Essex Police,0.077797,51.755928,On or near Greygoose Park,E01021830,Harlow 009B,Anti-social behaviour,,
,2014-08,Essex Police,Essex Police,0.079712,51.753754,On or near Fir Park,E01021830,Harlow 009B,Anti-social behaviour,,
c8cb921a7215de4e2289175cc6cc3d585f0857fde3ed3e5ca9552699d3df8c9b,2014-08,Essex Police,Essex Police,0.079712,51.753754,On or near Fir Park,E01021830,Harlow 009B,Criminal damage and arson,Investigation complete; no suspect identified,
4de5ccc18057eceafeb4379230591856b1b1397f3ef02b1659ce0accb3fb6b33,2014-08,Essex Police,Essex Police,0.074243,51.756773,On or near Mercers,E01021830,Harlow 009B,Drugs,Offender given a drugs possession warning,
ee838d0fe30ffe3ca264920131174cdbe1870c1c7471c9271984574622537cd2,2014-08,Essex Police,Essex Police,0.080281,51.755102,On or near Kingsmoor Road,E01021830,Harlow 009B,Public order,Under investigation,
83aba72f4928e752b1a4af9a5a62f7c6fb9a68eeb1847a6f5f2bc93113b82989,2014-08,Essex Police,Essex Police,0.080281,51.755102,On or near Kingsmoor Road,E01021830,Harlow 009B,Violence and sexual offences,Under investigation,
51665eb0dd81f1657615df66fdddb7d619d5667411e9a61555f38c009956f73f,2014-08,Essex Police,Essex Police,0.077477,51.753685,On or near Deer Park,E01021830,Harlow 009B,Violence and sexual offences,Local resolution,
e6ba38956438b76f999ac343f582a806235501f2dcf8bfd4ad87bf37c6291544,2014-08,Essex Police,Essex Police,0.074243,51.756773,On or near Mercers,E01021830,Harlow 009B,Violence and sexual offences,Under investigation,
f07a60873e40075f90b5b42ef6d56ae94245751d59a058f5107e682c2e76b6c6,2014-08,Essex Police,Essex Police,0.080281,51.755102,On or near Kingsmoor Road,E01021830,Harlow 009B,Violence and sexual offences,Under investigation,
,2014-08,Essex Police,Essex Police,0.069736,51.758660,On or near Bynghams,E01021832,Harlow 009C,Anti-social behaviour,,
,2014-08,Essex Police,Essex Police,0.073653,51.758762,On or near Church End,E01021832,Harlow 009C,Anti-social behaviour,,
,2014-08,Essex Police,Essex Police,0.068710,51.761259,On or near Park/Open Space,E01021832,Harlow 009C,Anti-social behaviour,,
e57333562b757a9fea88749cea15678050f7c3e7045fe96993e764b449527f85,2014-08,Essex Police,Essex Police,0.069736,51.758660,On or near Bynghams,E01021832,Harlow 009C,Burglary,Under investigation,
30a31be8144b613a4991946bd696041bfab439f2ca82b33715c5e0ef646d4597,2014-08,Essex Police,Essex Police,0.068898,51.757137,On or near Peacocks,E01021832,Harlow 009C,Burglary,Under investigation,
b8e23d91ed1617facbbbf9f5c57379bcf45b7b69b2d22762d495fa57cd7f71d8,2014-08,Essex Police,Essex Police,0.068898,51.757137,On or near Peacocks,E01021832,Harlow 009C,Burglary,Investigation complete; no suspect identified,
33777142510741fe9841bdc8453484356403ed87c2870484e58f1df8682fffe1,2014-08,Essex Police,Essex Police,0.068898,51.757137,On or near Peacocks,E01021832,Harlow 009C,Burglary,Under investigation,
1757a1fc897bff0e7c31a78a50e6181b0d7def6b2db885f7bb7635405c61996d,2014-08,Essex Police,Essex Police,0.068710,51.761259,On or near Park/Open Space,E01021832,Harlow 009C,Other theft,Investigation complete; no suspect identified,
,2014-08,Essex Police,Essex Police,0.079651,51.760634,On or near Rectory Field,E01021833,Harlow 009D,Anti-social behaviour,,
,2014-08,Essex Police,Essex Police,0.079972,51.756591,On or near Rosemount,E01021833,Harlow 009D,Anti-social behaviour,,
0ffe489f1c9c44e4236f7a1969d44155593e150d305fb183c7992d46ab218418,2014-08,Essex Police,Essex Police,0.085666,51.759718,On or near Woodbine Close,E01021833,Harlow 009D,Criminal damage and arson,Under investigation,
2e0b7bf8f366e547c2bdab9ad4c1fbebdee55f03d5c3e97d5569caafe716138c,2014-08,Essex Police,Essex Police,0.083451,51.758813,On or near Tylney Croft,E01021833,Harlow 009D,Violence and sexual offences,Awaiting court outcome,
72309ba1ce93f07309c1a78c5d196729835f44c8ef1a86b3379bf75a7917abff,2014-08,Essex Police,Essex Police,0.082760,51.757665,On or near Jerounds,E01021833,Harlow 009D,Violence and sexual offences,Under investigation,
,2014-08,Essex Police,Essex Police,0.071614,51.749679,On or near Broadley Road,E01021865,Harlow 009E,Anti-social behaviour,,
,2014-08,Essex Police,Essex Police,0.071614,51.749679,On or near Broadley Road,E01021865,Harlow 009E,Anti-social behaviour,,
,2014-08,Essex Police,Essex Police,0.071614,51.749679,On or near Broadley Road,E01021865,Harlow 009E,Anti-social behaviour,,
,2014-08,Essex Police,Essex Police,0.071614,51.749679,On or near Broadley Road,E01021865,Harlow 009E,Anti-social behaviour,,
,2014-08,Essex Police,Essex Police,0.071614,51.749679,On or near Broadley Road,E01021865,Harlow 009E,Anti-social behaviour,,
99b30a5a4ae991903244443abd6d802b6a068a5b4fde56c5485fe04481ec0e60,2014-08,Essex Police,Essex Police,0.071614,51.749679,On or near Broadley Road,E01021865,Harlow 009E,Criminal damage and arson,Investigation complete; no suspect identified,
1aad40641576a865375f4d945bdd7d8e365c518148174d407a2cd926fe441e81,2014-08,Essex Police,Essex Police,0.069407,51.753054,On or near Pedestrian Subway,E01021865,Harlow 009E,Criminal damage and arson,Investigation complete; no suspect identified,
f328049cadb2946c2bda0946bd731139b3475fa3da3f43b50c35f2281b6cc39c,2014-08,Essex Police,Essex Police,0.071614,51.749679,On or near Broadley Road,E01021865,Harlow 009E,Drugs,Awaiting court outcome,
4a5353f0fdf49661400115c5155d98eb289e471ce7ce344843970bc42fbbd624,2014-08,Essex Police,Essex Police,0.069413,51.749071,On or near Little Cattins,E01021865,Harlow 009E,Other theft,Investigation complete; no suspect identified,
2039e1259a4140f1ce4755356a7bf8096f80ca8abca0a02eede978671f887214,2014-08,Essex Police,Essex Police,0.071614,51.749679,On or near Broadley Road,E01021865,Harlow 009E,Vehicle crime,Investigation complete; no suspect identified,
e79f1fd6a56e5ff8dc1b398c5f3ed88a7d045763fa0dd69126c78ec96f37c21b,2014-08,Essex Police,Essex Police,0.069413,51.749071,On or near Little Cattins,E01021865,Harlow 009E,Violence and sexual offences,Unable to prosecute suspect,
,2014-08,Essex Police,Essex Police,0.113907,51.753791,On or near Wharley Hook,E01021838,Harlow 010A,Anti-social behaviour,,
,2014-08,Essex Police,Essex Police,0.114663,51.750432,On or near Rundells,E01021838,Harlow 010A,Anti-social behaviour,,
8bcc82d8bfab00839f265808da2fb2164806aecdc1c1a37b19926b310f8c0634,2014-08,Essex Police,Essex Police,0.112824,51.748586,On or near Hilly Field,E01021838,Harlow 010A,Burglary,Under investigation,
3cc6a9e6ed58ba858cf2ef8be8f5eedf57be188857a13e2481a2e60f925a797f,2014-08,Essex Police,Essex Police,0.115396,51.752155,On or near Commonside Road,E01021838,Harlow 010A,Burglary,Investigation complete; no suspect identified,
,2014-08,Essex Police,Essex Police,0.100587,51.752132,On or near Woodhill,E01021858,Harlow 010B,Anti-social behaviour,,
,2014-08,Essex Police,Essex Police,0.099011,51.752817,On or near Southern Way,E01021858,Harlow 010B,Anti-social behaviour,,
,2014-08,Essex Police,Essex Police,0.103004,51.749886,On or near Copshall Close,E01021858,Harlow 010B,Anti-social behaviour,,
,2014-08,Essex Police,Essex Police,0.099011,51.752817,On or near Southern Way,E01021858,Harlow 010B,Anti-social behaviour,,
,2014-08,Essex Police,Essex Police,0.099011,51.752817,On or near Southern Way,E01021858,Harlow 010B,Anti-social behaviour,,
,2014-08,Essex Police,Essex Police,0.099011,51.752817,On or near Southern Way,E01021858,Harlow 010B,Anti-social behaviour,,
,2014-08,Essex Police,Essex Police,0.099011,51.752817,On or near Southern Way,E01021858,Harlow 010B,Anti-social behaviour,,
,2014-08,Essex Police,Essex Police,0.103004,51.749886,On or near Copshall Close,E01021858,Harlow 010B,Anti-social behaviour,,
,2014-08,Essex Police,Essex Police,0.101619,51.749380,On or near Lower Meadow,E01021858,Harlow 010B,Anti-social behaviour,,
,2014-08,Essex Police,Essex Police,0.099011,51.752817,On or near Southern Way,E01021858,Harlow 010B,Anti-social behaviour,,
2c2cb0e8b6a7b1a20809e08c1e198c87e8a188b5742c56ecdd8e749e8471acdb,2014-08,Essex Police,Essex Police,0.101619,51.749380,On or near Lower Meadow,E01021858,Harlow 010B,Burglary,Under investigation,
937f0a121bdee4c600eb85881439d0bf8d9ee6871bee0c8ca7f0b75fd290f147,2014-08,Essex Police,Essex Police,0.101619,51.749380,On or near Lower Meadow,E01021858,Harlow 010B,Criminal damage and arson,Under investigation,
d1149edc05c8fc0d031bb26e54dc045d2cb3e519c184cd369ad8c5e2c3d53732,2014-08,Essex Police,Essex Police,0.102611,51.752645,On or near Aylets Field,E01021858,Harlow 010B,Criminal damage and arson,Under investigation,
7ac1a158d720ad10cc709a643b9ffcb6aaaa9ef9d7932211ea5b4a24313277d4,2014-08,Essex Police,Essex Police,0.106661,51.747842,On or near Gibb Croft,E01021858,Harlow 010B,Criminal damage and arson,Investigation complete; no suspect identified,
15cf7c8bb4974bfbe7c234a2c28631d2d427afca6cb27796d5a86dbddfc8c687,2014-08,Essex Police,Essex Police,0.103004,51.749886,On or near Copshall Close,E01021858,Harlow 010B,Criminal damage and arson,Investigation complete; no suspect identified,
9cf24b9d1bdb090a186fe83cfa59b2a6ddc09d97e1fb508889ec7f30f192f404,2014-08,Essex Police,Essex Police,0.100587,51.752132,On or near Woodhill,E01021858,Harlow 010B,Vehicle crime,Under investigation,
12a8117235eece08357127414ac1ad6d698b4f7a7a0deb7160645cdb3e51417d,2014-08,Essex Police,Essex Police,0.106737,51.748533,On or near Fern Hill Lane,E01021858,Harlow 010B,Vehicle crime,Investigation complete; no suspect identified,
d730b969521153d30f5d452b75078fc43cfe5834d8da245948e1afe5aa6b5a3e,2014-08,Essex Police,Essex Police,0.102611,51.752645,On or near Aylets Field,E01021858,Harlow 010B,Violence and sexual offences,Under investigation,
,2014-08,Essex Police,Essex Police,0.091711,51.752246,On or near Risdens,E01021859,Harlow 010C,Anti-social behaviour,,
,2014-08,Essex Police,Essex Police,0.088255,51.752397,On or near Cecil Court,E01021859,Harlow 010C,Anti-social behaviour,,
,2014-08,Essex Police,Essex Police,0.090347,51.753772,On or near Pedestrian Subway,E01021859,Harlow 010C,Anti-social behaviour,,
,2014-08,Essex Police,Essex Police,0.093027,51.753436,On or near Supermarket,E01021859,Harlow 010C,Anti-social behaviour,,
,2014-08,Essex Police,Essex Police,0.089593,51.752176,On or near Shenfield Court,E01021859,Harlow 010C,Anti-social behaviour,,
,2014-08,Essex Police,Essex Police,0.090347,51.753772,On or near Pedestrian Subway,E01021859,Harlow 010C,Anti-social behaviour,,
,2014-08,Essex Police,Essex Police,0.091711,51.752246,On or near Risdens,E01021859,Harlow 010C,Anti-social behaviour,,
,2014-08,Essex Police,Essex Police,0.093027,51.753436,On or near Supermarket,E01021859,Harlow 010C,Anti-social behaviour,,
,2014-08,Essex Police,Essex Police,0.087894,51.749895,On or near Ployters Road,E01021859,Harlow 010C,Anti-social behaviour,,
,2014-08,Essex Police,Essex Police,0.093027,51.753436,On or near Supermarket,E01021859,Harlow 010C,Anti-social behaviour,,
,2014-08,Essex Police,Essex Police,0.091752,51.751867,On or near Pinceybrook Road,E01021859,Harlow 010C,Anti-social behaviour,,
,2014-08,Essex Police,Essex Police,0.095526,51.751396,On or near Long Banks,E01021859,Harlow 010C,Anti-social behaviour,,
,2014-08,Essex Police,Essex Police,0.090347,51.753772,On or near Pedestrian Subway,E01021859,Harlow 010C,Anti-social behaviour,,
,2014-08,Essex Police,Essex Police,0.090347,51.753772,On or near Pedestrian Subway,E01021859,Harlow 010C,Anti-social behaviour,,
,2014-08,Essex Police,Essex Police,0.095526,51.751396,On or near Long Banks,E01021859,Harlow 010C,Anti-social behaviour,,
,2014-08,Essex Police,Essex Police,0.090347,51.753772,On or near Pedestrian Subway,E01021859,Harlow 010C,Anti-social behaviour,,
f4ec2fded101925a3e733d9c9df46f0ff0a2dcdf029f058ce6d7c5fde36b1436,2014-08,Essex Police,Essex Police,0.090347,51.753772,On or near Pedestrian Subway,E01021859,Harlow 010C,Burglary,Investigation complete; no suspect identified,
ded3345e2f0e632c5238fd608d0fda66bb846209651a9ebaced4f927bb9066e4,2014-08,Essex Police,Essex Police,0.095526,51.751396,On or near Long Banks,E01021859,Harlow 010C,Burglary,Under investigation,
9901a3ab50b9179c27729133148b965820effa1f6bb0eff247c2bf5a7e369fef,2014-08,Essex Police,Essex Police,0.087894,51.749895,On or near Ployters Road,E01021859,Harlow 010C,Burglary,Under investigation,
1a24de52e3f1d960dabcff3db67034d36ecf79e67d818e880df2b6d7ca750e9e,2014-08,Essex Police,Essex Police,0.089593,51.752176,On or near Shenfield Court,E01021859,Harlow 010C,Criminal damage and arson,Investigation complete; no suspect identified,
4a1c0bf50c55d29957c1025039d331f0ae510283ca4cc0114951077fd5867afb,2014-08,Essex Police,Essex Police,0.094942,51.750669,On or near Parnall Road,E01021859,Harlow 010C,Criminal damage and arson,Investigation complete; no suspect identified,
078c087f7f3d012d066b8656b116261951c4b853cb9dde219bdeebd3d7047d61,2014-08,Essex Police,Essex Police,0.087971,51.753140,On or near Petrol Station,E01021859,Harlow 010C,Other theft,Investigation complete; no suspect identified,
0353e8e0979c39e3c23315252fc87c79a1ada6829a7ebca2d16864c41d77f57a,2014-08,Essex Police,Essex Police,0.087971,51.753140,On or near Petrol Station,E01021859,Harlow 010C,Other theft,Under investigation,
fe298110676e8feda639ac177f004c28e446de43ccb4e514b68ed0fe75cc7828,2014-08,Essex Police,Essex Police,0.087971,51.753140,On or near Petrol Station,E01021859,Harlow 010C,Other theft,Awaiting court outcome,
070dbc932828a653a9278fcbea32925dce0cc7039ed36aeddb4d5286db2f2249,2014-08,Essex Police,Essex Police,0.087971,51.753140,On or near Petrol Station,E01021859,Harlow 010C,Other theft,Under investigation,
b16c9f9b09b1dcc54cec3bffd4bcfa7d8ad625ecc339eb7c647f46fb051635dc,2014-08,Essex Police,Essex Police,0.095526,51.751396,On or near Long Banks,E01021859,Harlow 010C,Public order,Local resolution,
c353dbc4bb33a5fda11ad6ab48d334397bf6da54686a4b9865659bcc977e47f7,2014-08,Essex Police,Essex Police,0.090347,51.753772,On or near Pedestrian Subway,E01021859,Harlow 010C,Public order,Under investigation,
b99a3ba29aa417677243a984bc6ef01e63d802e54d880370baf659c6075617d6,2014-08,Essex Police,Essex Police,0.087971,51.753140,On or near Petrol Station,E01021859,Harlow 010C,Shoplifting,Investigation complete; no suspect identified,
56cccdc005ceeb8a4f5cad1762f4a11c91ba3cf6396663153ff35a0a8556a041,2014-08,Essex Police,Essex Police,0.087971,51.753140,On or near Petrol Station,E01021859,Harlow 010C,Shoplifting,Investigation complete; no suspect identified,
2adf213a8ed2d2c191d38eeb19f69ff0ee87143dd2a445ae9a8d8c63f4529516,2014-08,Essex Police,Essex Police,0.087971,51.753140,On or near Petrol Station,E01021859,Harlow 010C,Shoplifting,Under investigation,
1508105b4a8e99baa8deb825dd85ce6ce67a0210b0385d453120f59b6420e281,2014-08,Essex Police,Essex Police,0.087971,51.753140,On or near Petrol Station,E01021859,Harlow 010C,Shoplifting,Investigation complete; no suspect identified,
4cf2fb17b94e332ae30e47540a5a9b23d7374d597fa122fc3249a80470f3d2d8,2014-08,Essex Police,Essex Police,0.093027,51.753436,On or near Supermarket,E01021859,Harlow 010C,Shoplifting,Under investigation,
f44335e371c1c754b08276499df0a8feb0400f4092bf0a29aa07fc250dfabf94,2014-08,Essex Police,Essex Police,0.087971,51.753140,On or near Petrol Station,E01021859,Harlow 010C,Shoplifting,Investigation complete; no suspect identified,
db73375e202f10f4c9be32e7b89fd2875ab7ad540afd80bddca5ec2002a0efa7,2014-08,Essex Police,Essex Police,0.087971,51.753140,On or near Petrol Station,E01021859,Harlow 010C,Shoplifting,Under investigation,
1decc1bcc3edaa21a317e2b12b7463252e606edfac53b2980430878e7d08b1e1,2014-08,Essex Police,Essex Police,0.087971,51.753140,On or near Petrol Station,E01021859,Harlow 010C,Shoplifting,Under investigation,
0a6d0b505cec9484e8f169f5327525b484856580daccd7764d4345430b5902d8,2014-08,Essex Police,Essex Police,0.096141,51.747797,On or near Paringdon Road,E01021859,Harlow 010C,Vehicle crime,Investigation complete; no suspect identified,
09c009886f01a95ccf900e03dbb1359c7420d63a98661017d0fe655b6c5364ad,2014-08,Essex Police,Essex Police,0.096141,51.747797,On or near Paringdon Road,E01021859,Harlow 010C,Vehicle crime,Investigation complete; no suspect identified,
1d89bee4759f411f5835ff6213c79ae94192413fb9bb664c07c53fff30df1d7d,2014-08,Essex Police,Essex Police,0.093027,51.753436,On or near Supermarket,E01021859,Harlow 010C,Violence and sexual offences,Under investigation,
b1076df57c0a75908a6cc716a0f86e5ed9e0e9201cdcd2b115753b5046ebb845,2014-08,Essex Police,Essex Police,0.093027,51.753436,On or near Supermarket,E01021859,Harlow 010C,Violence and sexual offences,Under investigation,
6bf035cc93c087d14c3ac40eeda0bce3521b4cdeabfc723d81921d28f2e3810a,2014-08,Essex Police,Essex Police,0.093027,51.753436,On or near Supermarket,E01021859,Harlow 010C,Violence and sexual offences,Under investigation,
,2014-08,Essex Police,Essex Police,0.099358,51.750302,On or near Barley Croft,E01021860,Harlow 010D,Anti-social behaviour,,
,2014-08,Essex Police,Essex Police,0.098483,51.748312,On or near Supermarket,E01021860,Harlow 010D,Anti-social behaviour,,
,2014-08,Essex Police,Essex Police,0.096806,51.749008,On or near Peterswood,E01021860,Harlow 010D,Anti-social behaviour,,
,2014-08,Essex Police,Essex Police,0.098483,51.748312,On or near Supermarket,E01021860,Harlow 010D,Anti-social behaviour,,
35acb1b7770a26de4b292e862f23e7b51bd3dab736b58e282035ef1fe93fe0ed,2014-08,Essex Police,Essex Police,0.099358,51.750302,On or near Barley Croft,E01021860,Harlow 010D,Criminal damage and arson,Investigation complete; no suspect identified,
c1bb84f3309eca765e0340a9811e50c1c3b4b45b121ab3146b14afa544abf3d5,2014-08,Essex Police,Essex Police,0.095865,51.745266,On or near Rye Hill Road,E01021860,Harlow 010D,Criminal damage and arson,Under investigation,
0c51268a4f15b41551ebe45da3fea998d470c684528984ff92a435c3c2a4d8bf,2014-08,Essex Police,Essex Police,0.099358,51.750302,On or near Barley Croft,E01021860,Harlow 010D,Public order,Offender fined,
0b95b474f59bb22dda3a342726f81d6bae688d57775e3c80ae0977eedc271064,2014-08,Essex Police,Essex Police,0.098483,51.748312,On or near Supermarket,E01021860,Harlow 010D,Public order,Under investigation,
005a096946d987421917bfb8383b7132ea38ae57625e0b79d54cda9073902931,2014-08,Essex Police,Essex Police,0.098483,51.748312,On or near Supermarket,E01021860,Harlow 010D,Shoplifting,Under investigation,
09f442b9ede7ebb32b7d38a564ea0bdfab223a5381bc03f9f13ce7739a3dfc84,2014-08,Essex Police,Essex Police,0.098483,51.748312,On or near Supermarket,E01021860,Harlow 010D,Shoplifting,Under investigation,
73fdfa3656adb08c908a638be9389daae4ea5eab0391ac5376ff1469c7d6329f,2014-08,Essex Police,Essex Police,0.095865,51.745266,On or near Rye Hill Road,E01021860,Harlow 010D,Vehicle crime,Investigation complete; no suspect identified,
2945e17f61a50b7e6ce8671cb4b70c5768846745c69b17cf8b6e69cd226cc4bf,2014-08,Essex Police,Essex Police,0.096806,51.749008,On or near Peterswood,E01021860,Harlow 010D,Vehicle crime,Investigation complete; no suspect identified,
5115b1ea1f472b0abf6c2fadbce07b3c2a04bd470012eadcd756d8657b0956e6,2014-08,Essex Police,Essex Police,0.098483,51.748312,On or near Supermarket,E01021860,Harlow 010D,Violence and sexual offences,Unable to prosecute suspect,
74288f0c7103202536b402e6267ff63ca1ba9a74740ef85a55b20996f488bcd7,2014-08,Essex Police,Essex Police,0.096806,51.749008,On or near Peterswood,E01021860,Harlow 010D,Violence and sexual offences,Under investigation,
4c0199d83fe2de46133621d93062f67d36a1b89fb27fd5ec30a0a70363c1068c,2014-08,Essex Police,Essex Police,0.099358,51.750302,On or near Barley Croft,E01021860,Harlow 010D,Violence and sexual offences,Offender fined,
d95fcd94417ac941cf5649839ef6bd56cdf59c5b916299ae5433c35df199d9d8,2014-08,Essex Police,Essex Police,0.095865,51.745266,On or near Rye Hill Road,E01021860,Harlow 010D,Violence and sexual offences,Unable to prosecute suspect,
,2014-08,Essex Police,Essex Police,0.110187,51.752320,On or near The Readings,E01021861,Harlow 010E,Anti-social behaviour,,
,2014-08,Essex Police,Essex Police,0.106113,51.749767,On or near Commonside Road,E01021861,Harlow 010E,Anti-social behaviour,,
,2014-08,Essex Police,Essex Police,0.110187,51.752320,On or near The Readings,E01021861,Harlow 010E,Anti-social behaviour,,
,2014-08,Essex Police,Essex Police,0.110187,51.752320,On or near The Readings,E01021861,Harlow 010E,Anti-social behaviour,,
,2014-08,Essex Police,Essex Police,0.109490,51.753529,On or near Sakins Croft,E01021861,Harlow 010E,Anti-social behaviour,,
,2014-08,Essex Police,Essex Police,0.109490,51.753529,On or near Sakins Croft,E01021861,Harlow 010E,Anti-social behaviour,,
,2014-08,Essex Police,Essex Police,0.110187,51.752320,On or near The Readings,E01021861,Harlow 010E,Anti-social behaviour,,
,2014-08,Essex Police,Essex Police,0.109490,51.753529,On or near Sakins Croft,E01021861,Harlow 010E,Anti-social behaviour,,
b86399ef16b8cc5a72cfd09267d833478696c2f156dfa2998093a7066851749e,2014-08,Essex Police,Essex Police,0.110187,51.752320,On or near The Readings,E01021861,Harlow 010E,Burglary,Investigation complete; no suspect identified,
34e3f8537bd80931e0a7e5c1d603daab54cdcf135f23e9c30ae83ff8aa25abdb,2014-08,Essex Police,Essex Police,0.105096,51.751557,On or near The Briars,E01021861,Harlow 010E,Other theft,Under investigation,
acbe9c1ce07431ed8a1180dcea1d6231a2b04ae4c1beabd87ced4d05f198c09b,2014-08,Essex Police,Essex Police,0.106113,51.749767,On or near Commonside Road,E01021861,Harlow 010E,Other theft,Under investigation,
,2014-08,Essex Police,Essex Police,0.089040,51.746799,On or near Pedestrian Subway,E01021862,Harlow 011A,Anti-social behaviour,,
,2014-08,Essex Police,Essex Police,0.089040,51.746799,On or near Pedestrian Subway,E01021862,Harlow 011A,Anti-social behaviour,,
01979686c06a9ed082667e4c8ae747e37c40c0f5a8b23874989681b21e452592,2014-08,Essex Police,Essex Police,0.089191,51.749440,On or near Joyners Field,E01021862,Harlow 011A,Burglary,Under investigation,
670c07727f913c9b2d67602823a8be775643c8ff23e92c45a4baf709210b264d,2014-08,Essex Police,Essex Police,0.089191,51.749440,On or near Joyners Field,E01021862,Harlow 011A,Burglary,Under investigation,
5cd81d255dfc0b90330cd9e8b65864573821c179d33eede9f312865daffdfd3d,2014-08,Essex Police,Essex Police,0.088005,51.749173,On or near Ployters Road,E01021862,Harlow 011A,Burglary,Under investigation,
6fbe258287b9d252e91e74579dbc3400165536e924d8599cf168b31306dc2909,2014-08,Essex Police,Essex Police,0.089191,51.749440,On or near Joyners Field,E01021862,Harlow 011A,Burglary,Investigation complete; no suspect identified,
e64e9676767a4bf3f5d8266e0c63151c729f8f1936dead7d9aadd6c2a5726c2f,2014-08,Essex Police,Essex Police,0.089191,51.749440,On or near Joyners Field,E01021862,Harlow 011A,Drugs,Offender given a caution,
93e6ae8843fe3c568d7ac18e8ee64cb574b6b7031eb9df07b6ac29b8ace61e00,2014-08,Essex Police,Essex Police,0.097916,51.747315,On or near Berecroft,E01021862,Harlow 011A,Other theft,Under investigation,
9dcee6f21720003cceab4c9f8a0210a40c858b9edaa06aee92f82165a83c5ff6,2014-08,Essex Police,Essex Police,0.090065,51.747347,On or near Moorfields,E01021862,Harlow 011A,Theft from the person,Under investigation,
65fc61c518f499225e18cdcf1c736268d2c86d513107cb0af806ab68f259ac2a,2014-08,Essex Police,Essex Police,0.089040,51.746799,On or near Pedestrian Subway,E01021862,Harlow 011A,Vehicle crime,Investigation complete; no suspect identified,
d69c517d4b2ce0ecebf159a3f793d69711e68dfc428007d08138d5c1906ccf9d,2014-08,Essex Police,Essex Police,0.089191,51.749440,On or near Joyners Field,E01021862,Harlow 011A,Violence and sexual offences,Unable to prosecute suspect,
,2014-08,Essex Police,Essex Police,0.085955,51.751206,On or near Brockles Mead,E01021863,Harlow 011B,Anti-social behaviour,,
,2014-08,Essex Police,Essex Police,0.085955,51.751206,On or near Brockles Mead,E01021863,Harlow 011B,Anti-social behaviour,,
,2014-08,Essex Police,Essex Police,0.084237,51.749465,On or near Wissants,E01021863,Harlow 011B,Anti-social behaviour,,
,2014-08,Essex Police,Essex Police,0.084237,51.749465,On or near Wissants,E01021863,Harlow 011B,Anti-social behaviour,,
,2014-08,Essex Police,Essex Police,0.084237,51.749465,On or near Wissants,E01021863,Harlow 011B,Anti-social behaviour,,
,2014-08,Essex Police,Essex Police,0.085955,51.751206,On or near Brockles Mead,E01021863,Harlow 011B,Anti-social behaviour,,
,2014-08,Essex Police,Essex Police,0.085955,51.751206,On or near Brockles Mead,E01021863,Harlow 011B,Anti-social behaviour,,
,2014-08,Essex Police,Essex Police,0.084237,51.749465,On or near Wissants,E01021863,Harlow 011B,Anti-social behaviour,,
,2014-08,Essex Police,Essex Police,0.085738,51.747766,On or near Morningtons,E01021863,Harlow 011B,Anti-social behaviour,,
,2014-08,Essex Police,Essex Police,0.084237,51.749465,On or near Wissants,E01021863,Harlow 011B,Anti-social behaviour,,
,2014-08,Essex Police,Essex Police,0.083469,51.751349,On or near Watersmeet,E01021863,Harlow 011B,Anti-social behaviour,,
1f2841636b899b4a2582d7d85882455f57048a1179330cffffe7393dfd924d81,2014-08,Essex Police,Essex Police,0.084237,51.749465,On or near Wissants,E01021863,Harlow 011B,Burglary,Investigation complete; no suspect identified,
0dcbdc255fbffc5f21b3f0f24fa9fbc43771d745e63337d71f1f38cea970c30a,2014-08,Essex Police,Essex Police,0.085955,51.751206,On or near Brockles Mead,E01021863,Harlow 011B,Criminal damage and arson,Under investigation,
cba7f1e93e5a50ef0fafc8cf1e1e05c9ed8f7a1a715d874d6534cbe2fd358bb8,2014-08,Essex Police,Essex Police,0.085955,51.751206,On or near Brockles Mead,E01021863,Harlow 011B,Criminal damage and arson,Under investigation,
67c35ae759d889db6e1f24b14582bb6dfca47221b8c19f1c777f55de2bec5723,2014-08,Essex Police,Essex Police,0.085955,51.751206,On or near Brockles Mead,E01021863,Harlow 011B,Criminal damage and arson,Investigation complete; no suspect identified,
88f70f591b9218c81d05190f8791cb7ca2b2132781b1999601d09f09f88ad53c,2014-08,Essex Police,Essex Police,0.085955,51.751206,On or near Brockles Mead,E01021863,Harlow 011B,Criminal damage and arson,Offender given a caution,
33b215622518902cf725d7da19323bbc3e02f0622edd37789a2dac0c2a8d1732,2014-08,Essex Police,Essex Police,0.085955,51.751206,On or near Brockles Mead,E01021863,Harlow 011B,Drugs,Under investigation,
d1f886f6ad6345d101f0da7e573de792061addc29b7d441e7f0ac6ed3471e111,2014-08,Essex Police,Essex Police,0.085955,51.751206,On or near Brockles Mead,E01021863,Harlow 011B,Drugs,Awaiting court outcome,
9a750f2faa8ff8fca15a474fc549ebbf8df75ede5ffe55acbdee9191c4be4606,2014-08,Essex Police,Essex Police,0.085955,51.751206,On or near Brockles Mead,E01021863,Harlow 011B,Public order,Under investigation,
9c7a13b811d18dcad2a36bdd259e63c4c059df18ac0ece48e65c68dc7b2f5a2c,2014-08,Essex Police,Essex Police,0.085955,51.751206,On or near Brockles Mead,E01021863,Harlow 011B,Public order,Under investigation,
7daa9fb1d476695495763c77955109b89d2f785eb47b04298d23285a1b650560,2014-08,Essex Police,Essex Police,0.084237,51.749465,On or near Wissants,E01021863,Harlow 011B,Vehicle crime,Investigation complete; no suspect identified,
82705338adfc51bb0740dc52f48cd0d1a3f90e6fe8bb98307c418c7bfb88f652,2014-08,Essex Police,Essex Police,0.085738,51.747766,On or near Morningtons,E01021863,Harlow 011B,Vehicle crime,Investigation complete; no suspect identified,
47b7fb6c6595470eedc3e22ad36d0e4ca2ce316b47360ba026eaf909a8945a4d,2014-08,Essex Police,Essex Police,0.083469,51.751349,On or near Watersmeet,E01021863,Harlow 011B,Violence and sexual offences,Under investigation,
9411270eb2afdf601583e9c213c3d1088c0c117ead307429895bdffa2a704e45,2014-08,Essex Police,Essex Police,0.085955,51.751206,On or near Brockles Mead,E01021863,Harlow 011B,Violence and sexual offences,Under investigation,
78dcd23fd135ac3d428e9a0b8bc7d2b08f3e2a42f7c596a701bf48f608b09d3c,2014-08,Essex Police,Essex Police,0.085955,51.751206,On or near Brockles Mead,E01021863,Harlow 011B,Violence and sexual offences,Unable to prosecute suspect,
6c1188021c3d3a1e41ddbc3417055b4120992c2e8fcf6a37fb1414c6786eb4cc,2014-08,Essex Police,Essex Police,0.085955,51.751206,On or near Brockles Mead,E01021863,Harlow 011B,Violence and sexual offences,Awaiting court outcome,
,2014-08,Essex Police,Essex Police,0.080201,51.750211,On or near Milwards,E01021864,Harlow 011C,Anti-social behaviour,,
,2014-08,Essex Police,Essex Police,0.080201,51.750211,On or near Milwards,E01021864,Harlow 011C,Anti-social behaviour,,
,2014-08,Essex Police,Essex Police,0.075247,51.747385,On or near Mallows Green,E01021864,Harlow 011C,Anti-social behaviour,,
,2014-08,Essex Police,Essex Police,0.080201,51.750211,On or near Milwards,E01021864,Harlow 011C,Anti-social behaviour,,
,2014-08,Essex Police,Essex Police,0.075247,51.747385,On or near Mallows Green,E01021864,Harlow 011C,Anti-social behaviour,,
,2014-08,Essex Police,Essex Police,0.080201,51.750211,On or near Milwards,E01021864,Harlow 011C,Anti-social behaviour,,
550f7c5869062cd9c938f3a003d3821f3f1bb89d5d351a9f1df1b80cdd74f643,2014-08,Essex Police,Essex Police,0.080201,51.750211,On or near Milwards,E01021864,Harlow 011C,Burglary,Investigation complete; no suspect identified,
78975db7464f9bac80f5cad303269b65712a0d7b6b719ebc50fa891785cf1463,2014-08,Essex Police,Essex Police,0.080201,51.750211,On or near Milwards,E01021864,Harlow 011C,Criminal damage and arson,Investigation complete; no suspect identified,
90181a15592c380ee2a8f1aab429bb8969cdf6f986eb2ce49fcd009f7f4ae41f,2014-08,Essex Police,Essex Police,0.074959,51.751221,On or near Sports/Recreation Area,E01021864,Harlow 011C,Criminal damage and arson,Investigation complete; no suspect identified,
6a058152cdd4b8068cbc3c97ca696c1d21ed080a7d4f98e0e6b8422906ae65e3,2014-08,Essex Police,Essex Police,0.075247,51.747385,On or near Mallows Green,E01021864,Harlow 011C,Public order,Under investigation,
d0130b42aa8fb88a58fdbf164d1d9f7a0d3888eeb497be72d7a122ee5339d064,2014-08,Essex Police,Essex Police,0.075247,51.747385,On or near Mallows Green,E01021864,Harlow 011C,Public order,Under investigation,
34938e1c861ef5727b0f4ac040e32b1ed25548f1934e99d44f157b16f876c9eb,2014-08,Essex Police,Essex Police,0.074959,51.751221,On or near Sports/Recreation Area,E01021864,Harlow 011C,Violence and sexual offences,Unable to prosecute suspect,
1ec4f8f1008571bb66a6f9fa6d1c340c1341611907147e1fce80b74de02bb387,2014-08,Essex Police,Essex Police,0.075247,51.747385,On or near Mallows Green,E01021864,Harlow 011C,Violence and sexual offences,Awaiting court outcome,
69dfcd5fe71a460e5964ece5074c1a16a587d4ee5562f9678c7c726de44acd18,2014-08,Essex Police,Essex Police,0.080201,51.750211,On or near Milwards,E01021864,Harlow 011C,Violence and sexual offences,Offender fined,
,2014-08,Essex Police,Essex Police,0.072211,51.747529,On or near Taylifers,E01021866,Harlow 011D,Anti-social behaviour,,
,2014-08,Essex Police,Essex Police,0.077620,51.745437,On or near Barns Court,E01021866,Harlow 011D,Anti-social behaviour,,
,2014-08,Essex Police,Essex Police,0.072211,51.747529,On or near Taylifers,E01021866,Harlow 011D,Anti-social behaviour,,
4c92a99e3476595223d207dffc032a9d309c1fa152d72256998a1f1bd1e720dd,2014-08,Essex Police,Essex Police,0.072211,51.747529,On or near Taylifers,E01021866,Harlow 011D,Criminal damage and arson,Investigation complete; no suspect identified,
c75fb4b1cd62fec68bea2d2ad14c8d4011c6daffecc30c6facb13fb65933f422,2014-08,Essex Police,Essex Police,0.073947,51.745888,On or near Hull Grove,E01021866,Harlow 011D,Other crime,Unable to prosecute suspect,
092fa4d8f7402c2b91ff766cabefb1b0553096c9fed4aa27154ef92ab03cf7ec,2014-08,Essex Police,Essex Police,0.093859,51.746380,On or near Sports/Recreation Area,E01021867,Harlow 011E,Public order,Under investigation,
d18be48d2cafaccdc800d6ea3518b20aec95a2939665081b3454e03c7bafe83d,2014-08,Essex Police,Essex Police,0.084457,51.745100,On or near Thurstans,E01021867,Harlow 011E,Violence and sexual offences,Unable to prosecute suspect,
ee6d23ecc026a99109d452084e5d81cb6492324ae1da33939547facf8513c07c,2014-08,Essex Police,Essex Police,0.296870,51.539465,On or near Ockendon Road,E01002391,Havering 018E,Burglary,Investigation complete; no suspect identified,
,2014-08,Essex Police,Essex Police,0.227117,51.503183,On or near Sandy Lane,E01002344,Havering 029B,Anti-social behaviour,,
,2014-08,Essex Police,Essex Police,0.848149,51.759195,On or near Woodrolfe Park,E01021908,Maldon 001A,Anti-social behaviour,,
d21ffe516e39bf0e7a2ffe920e0847ba06204356be69424066379eb93cf2e429,2014-08,Essex Police,Essex Police,0.844386,51.753521,On or near Wycke Lane,E01021908,Maldon 001A,Burglary,Under investigation,
,2014-08,Essex Police,Essex Police,0.729737,51.788114,On or near Loamy Hill Road,E01021909,Maldon 001B,Anti-social behaviour,,
a019231bbdf11b09cd1097c0cd20b4fcf07223362cf2c0613a783f705d1b94ff,2014-08,Essex Police,Essex Police,0.753969,51.746214,On or near Head Street,E01021909,Maldon 001B,Vehicle crime,Investigation complete; no suspect identified,
,2014-08,Essex Police,Essex Police,0.798469,51.771856,On or near D'Arcy Way,E01021910,Maldon 001C,Anti-social behaviour,,
,2014-08,Essex Police,Essex Police,0.790432,51.770356,On or near Festival Gardens,E01021910,Maldon 001C,Anti-social behaviour,,
780bbe1e7b47cbf33567566957768f53dac367cd4fc7dc8cf3d7e8fd2a8a6b8f,2014-08,Essex Police,Essex Police,0.790432,51.770356,On or near Festival Gardens,E01021910,Maldon 001C,Violence and sexual offences,Under investigation,
,2014-08,Essex Police,Essex Police,0.763557,51.801902,On or near Brook Close,E01021911,Maldon 001D,Anti-social behaviour,,
dec1475b1867aa742552a8dfd490ab90a97adfb0061a945f40b23cecfeac4f92,2014-08,Essex Police,Essex Police,0.758768,51.792616,On or near Green Lane,E01021911,Maldon 001D,Burglary,Under investigation,
99625af1a42582356a6e9102253f3d3b93854d297240606bed3d131e50e73762,2014-08,Essex Police,Essex Police,0.774277,51.790569,On or near Oxley Hill,E01021911,Maldon 001D,Other theft,Investigation complete; no suspect identified,
,2014-08,Essex Police,Essex Police,0.708972,51.787165,On or near Kings Road,E01021882,Maldon 002A,Anti-social behaviour,,
,2014-08,Essex Police,Essex Police,0.733205,51.747617,On or near Wash Lane,E01021882,Maldon 002A,Anti-social behaviour,,
43cd1d85d885fc1f55879c3ff6b11bc2c8d883c8d83631dace67dc77fd69395d,2014-08,Essex Police,Essex Police,0.685299,51.782905,On or near Beacon Hill,E01021882,Maldon 002A,Burglary,Under investigation,
45ec9cc996f71be190533b25f247b61709da4553711058c28c095a1c90d6d574,2014-08,Essex Police,Essex Police,0.687415,51.803857,On or near The Avenue,E01021882,Maldon 002A,Other theft,Investigation complete; no suspect identified,
,2014-08,Essex Police,Essex Police,0.689456,51.775274,On or near Staplers Heath,E01021883,Maldon 002B,Anti-social behaviour,,
,2014-08,Essex Police,Essex Police,0.666311,51.774416,On or near Grange Road,E01021912,Maldon 002C,Anti-social behaviour,,
046b6a82fcbd648e493632c656bc2a3ffd651ad7adcc4e240abe343b132e9276,2014-08,Essex Police,Essex Police,0.674995,51.778833,On or near Poney Chase,E01021912,Maldon 002C,Burglary,Investigation complete; no suspect identified,
c787f049f6d41e429f6c510886efb467b70043fbb6be00914e0ac42803a0973f,2014-08,Essex Police,Essex Police,0.680270,51.784162,On or near Carters Lane,E01021912,Maldon 002C,Burglary,Investigation complete; no suspect identified,
1d82949fb8c7a7b166805f046a7eaa8628e569364a596e75063f86e3652b0571,2014-08,Essex Police,Essex Police,0.673307,51.779456,On or near The Warrens,E01021912,Maldon 002C,Other theft,Investigation complete; no suspect identified,
7906f90f32f39be1616bd0e100db3424847174d77d6949a53fa04e9f501657b7,2014-08,Essex Police,Essex Police,0.670555,51.779995,On or near Woolridge Place,E01021912,Maldon 002C,Other theft,Under investigation,
,2014-08,Essex Police,Essex Police,0.623820,51.711665,On or near Post Office Road,E01021913,Maldon 002D,Anti-social behaviour,,
,2014-08,Essex Police,Essex Police,0.631275,51.760763,On or near Maldon Road,E01021913,Maldon 002D,Anti-social behaviour,,
,2014-08,Essex Police,Essex Police,0.618058,51.742991,On or near The Causeway,E01021913,Maldon 002D,Anti-social behaviour,,
0eafd80521c071f6ef239c9f36189d6f3d8c65b9a76fb931f999ff0d20b002b1,2014-08,Essex Police,Essex Police,0.609738,51.752952,On or near Crouchman'S Farm Road,E01021913,Maldon 002D,Burglary,Investigation complete; no suspect identified,
c35bcaa53597809c60689bae457c7ee9ef3ea5090e1f11a532a5a9d9043d5655,2014-08,Essex Police,Essex Police,0.611083,51.735583,On or near Stivvy'S Road,E01021913,Maldon 002D,Vehicle crime,Investigation complete; no suspect identified,
91d4d88b6d76ddb5c5a35ee972a6018c4e10c458e3defd181c84a92097910687,2014-08,Essex Police,Essex Police,0.609738,51.752952,On or near Crouchman'S Farm Road,E01021913,Maldon 002D,Violence and sexual offences,Under investigation,
b19e98901deaa35172ab0dad2a390889b675aa9f6dd25016feadd45a824235e5,2014-08,Essex Police,Essex Police,0.597581,51.739318,On or near Bassetts Lane,E01021913,Maldon 002D,Violence and sexual offences,Under investigation,
dc8c107890b62b39d41b8f8ddf7e1df4685a2407bacf48bad975ca9699bf19f5,2014-08,Essex Police,Essex Police,0.609738,51.752952,On or near Crouchman'S Farm Road,E01021913,Maldon 002D,Violence and sexual offences,Under investigation,
,2014-08,Essex Police,Essex Police,0.698452,51.744544,On or near Larch Walk,E01021884,Maldon 003A,Anti-social behaviour,,
9928cd746e39170642e6db423255aa63d7b272651080d2678254e3dde80ba238,2014-08,Essex Police,Essex Police,0.703381,51.743379,On or near Park/Open Space,E01021884,Maldon 003A,Vehicle crime,Under investigation,
09032e475946f396220e503b098339ea2cf8bf1e22c9bb5f16ff1139ed883671,2014-08,Essex Police,Essex Police,0.697350,51.743805,On or near Dunlin Close,E01021884,Maldon 003A,Vehicle crime,Investigation complete; no suspect identified,
,2014-08,Essex Police,Essex Police,0.708497,51.729132,On or near Lock Hill,E01021885,Maldon 003B,Anti-social behaviour,,
d406582f0106000162d0e68294d257f675abaf37196a150c545ee9a7d9633e1d,2014-08,Essex Police,Essex Police,0.741071,51.730364,On or near Osea Road,E01021885,Maldon 003B,Bicycle theft,Investigation complete; no suspect identified,
1fa77931d2691423d2d8526c1a18f3d6f891a702a0717c02cf506d5b1ae2ddc2,2014-08,Essex Police,Essex Police,0.716381,51.737674,On or near Wharf Road,E01021885,Maldon 003B,Criminal damage and arson,Awaiting court outcome,
edb28e24ae2b16223bec669dca0c70536eef21381ab5942dbd19fa98c5e8334f,2014-08,Essex Police,Essex Police,0.708135,51.731802,On or near Blackwater Close,E01021885,Maldon 003B,Other theft,Investigation complete; no suspect identified,
7f2b1cc6f7f9402c30bc0478d22da26dc4498c4f0b002864d144f08a198dd041,2014-08,Essex Police,Essex Police,0.709191,51.734440,On or near St Georges Close,E01021885,Maldon 003B,Other theft,Investigation complete; no suspect identified,
d6e3966726dd37afbd774456902f5d48e5946a73f28a0baadddd271034849ba5,2014-08,Essex Police,Essex Police,0.708135,51.731802,On or near Blackwater Close,E01021885,Maldon 003B,Other theft,Investigation complete; no suspect identified,
addd34db56779fec471122b39ad2167afbac4ebae6fa049a7f3c132d9e0df338,2014-08,Essex Police,Essex Police,0.709191,51.734440,On or near St Georges Close,E01021885,Maldon 003B,Other theft,Investigation complete; no suspect identified,
431f3ca250c8de6fb3d2fb2c9e9b6fdfc6a03ed4160b001ddb76e03337769b43,2014-08,Essex Police,Essex Police,0.709191,51.734440,On or near St Georges Close,E01021885,Maldon 003B,Other theft,Investigation complete; no suspect identified,
fb388178d5a27392cb621b12fbbe4aa0df03650a8c5be2370b5689dafb556d88,2014-08,Essex Police,Essex Police,0.741071,51.730364,On or near Osea Road,E01021885,Maldon 003B,Violence and sexual offences,Awaiting court outcome,
6981d19999e64e56e22d607dcc4f85f481ac0249dc834913eb19605ff9b81b0a,2014-08,Essex Police,Essex Police,0.716381,51.737674,On or near Wharf Road,E01021885,Maldon 003B,Violence and sexual offences,Awaiting court outcome,
,2014-08,Essex Police,Essex Police,0.698095,51.740748,On or near Lawling Avenue,E01021886,Maldon 003C,Anti-social behaviour,,
,2014-08,Essex Police,Essex Police,0.687001,51.740058,On or near The Street,E01021886,Maldon 003C,Anti-social behaviour,,
01c492f2c9610900a5fe34db48b957fe90f823b54df8521042cbe6850393988b,2014-08,Essex Police,Essex Police,0.698055,51.738860,On or near Southey Close,E01021886,Maldon 003C,Bicycle theft,Under investigation,
739248e66048af446ac1c07db47cfc60a057903fdc16f8b9891df17204cdfd26,2014-08,Essex Police,Essex Police,0.684707,51.740461,On or near The Causeway,E01021886,Maldon 003C,Drugs,Awaiting court outcome,
28fa194e44a47e3b6817c78142641c5773460eb358b3472a1ced29a771cce6db,2014-08,Essex Police,Essex Police,0.692478,51.742748,On or near Colchester Road,E01021886,Maldon 003C,Other theft,Under investigation,
70d48a16c0f7438614e70569cd97676ca7fcead7d744a2c4ad6537711aaf0fcb,2014-08,Essex Police,Essex Police,0.699946,51.738736,On or near Virley Close,E01021886,Maldon 003C,Vehicle crime,Investigation complete; no suspect identified,
27491db046692f8111d052cae23aba3a3c2326106c2922dbff1809d9e08c4e6f,2014-08,Essex Police,Essex Police,0.692778,51.741716,On or near Elm Avenue,E01021886,Maldon 003C,Violence and sexual offences,Unable to prosecute suspect,
,2014-08,Essex Police,Essex Police,0.679219,51.739265,On or near Creasen Butt Close,E01021887,Maldon 003D,Anti-social behaviour,,
,2014-08,Essex Police,Essex Police,0.679219,51.739265,On or near Creasen Butt Close,E01021887,Maldon 003D,Anti-social behaviour,,
a73d2d90c0552966482a0422ab859aa9428e72b9ab76ca9c9cb3ca0aec70c0e1,2014-08,Essex Police,Essex Police,0.679378,51.739756,On or near Hadrians Way,E01021887,Maldon 003D,Criminal damage and arson,Under investigation,
0381c33eb40244ff098a008c0c941cbb2e6dae25770d1e93ac3149466e8fefda,2014-08,Essex Police,Essex Police,0.675660,51.741063,On or near Harvest Way,E01021887,Maldon 003D,Criminal damage and arson,Investigation complete; no suspect identified,
0c2be4487150e8747987ab51ec6e39b30c0d500da8a152b1b8e250a005cd0ae6,2014-08,Essex Police,Essex Police,0.676389,51.738933,On or near A414,E01021887,Maldon 003D,Criminal damage and arson,Investigation complete; no suspect identified,
9b448b991e3a473ee9fa8af55b242b24bb9b0ce1eb4cc6260661eecdee079475,2014-08,Essex Police,Essex Police,0.672986,51.743858,On or near Doubleday Drive,E01021887,Maldon 003D,Vehicle crime,Investigation complete; no suspect identified,
8a2f95defcc812afc960d50ad8cb724c20d523e73658b5b1ddc7b432404502b2,2014-08,Essex Police,Essex Police,0.677412,51.742759,On or near The Orchard,E01021887,Maldon 003D,Vehicle crime,Investigation complete; no suspect identified,
,2014-08,Essex Police,Essex Police,0.689866,51.742915,On or near Hillary Close,E01021888,Maldon 003E,Anti-social behaviour,,
,2014-08,Essex Police,Essex Police,0.690145,51.741776,On or near Stock Chase,E01021888,Maldon 003E,Anti-social behaviour,,
155d2d6826e408cc4b7d155d4a5e614d2f2ec893920edc14fa5e298cb51e0905,2014-08,Essex Police,Essex Police,0.688443,51.743353,On or near Hunt Avenue,E01021888,Maldon 003E,Criminal damage and arson,Offender ordered to pay compensation,
2292a9029386ecad352d81d976054d3879b655c8a9ec6cb971bc84f9e2198790,2014-08,Essex Police,Essex Police,0.691753,51.745417,On or near Wood Road,E01021888,Maldon 003E,Other theft,Under investigation,
3d103f9d66374858c55de8ebb6a075a021072d120e13177272387ff8f2f133c7,2014-08,Essex Police,Essex Police,0.684042,51.740728,On or near Anchor Lane,E01021888,Maldon 003E,Other theft,Under investigation,
5237f0930038bfcfd2873c4e3730febea4896fbdf1049164a65b5a112b275c82,2014-08,Essex Police,Essex Police,0.684042,51.740728,On or near Anchor Lane,E01021888,Maldon 003E,Other theft,Under investigation,
b81a6d6d19c196f8b8ec39e8f22a15bf03cea4282a34645be81e574d090b6fa0,2014-08,Essex Police,Essex Police,0.691753,51.745417,On or near Wood Road,E01021888,Maldon 003E,Other theft,Under investigation,
053c78bf630153fe17fb4148bdf664a0b13600576c1553de12f85b736cafcd8c,2014-08,Essex Police,Essex Police,0.691753,51.745417,On or near Wood Road,E01021888,Maldon 003E,Other theft,Under investigation,
2b44fb736caa7531025044676ebb62005b176cf36d7acdd047f6806021e77744,2014-08,Essex Police,Essex Police,0.689027,51.740497,On or near Supermarket,E01021888,Maldon 003E,Shoplifting,Under investigation,
3b4dc311fe909fd26f47fa4d1a06c36d3d4e39776e1233168d43bb59b0a94c4f,2014-08,Essex Police,Essex Police,0.690145,51.741776,On or near Stock Chase,E01021888,Maldon 003E,Vehicle crime,Under investigation,
6982bd6bea9ea3a2c01785d7d2497ab30b5edc5a968428cbc71abfcfa92bcf99,2014-08,Essex Police,Essex Police,0.693992,51.746526,On or near Chestnut Mews,E01021888,Maldon 003E,Violence and sexual offences,Awaiting court outcome,
266478bbd4f6373f20811701ec0892c917d728888f62ccedd4c4a86380a1e819,2014-08,Essex Police,Essex Police,0.689866,51.742915,On or near Hillary Close,E01021888,Maldon 003E,Violence and sexual offences,Under investigation,
41effdc3cd9245c318992561de6f9077f986a56fe039c5491e38357cbe397dbd,2014-08,Essex Police,Essex Police,0.689027,51.740497,On or near Supermarket,E01021888,Maldon 003E,Other crime,Under investigation,
,2014-08,Essex Police,Essex Police,0.685415,51.726739,On or near Mill Road,E01021889,Maldon 004A,Anti-social behaviour,,
,2014-08,Essex Police,Essex Police,0.689383,51.723330,On or near Park Drive,E01021889,Maldon 004A,Anti-social behaviour,,
,2014-08,Essex Police,Essex Police,0.685415,51.726739,On or near Mill Road,E01021889,Maldon 004A,Anti-social behaviour,,
,2014-08,Essex Police,Essex Police,0.690544,51.721666,On or near Tideway,E01021889,Maldon 004A,Anti-social behaviour,,
f6f5534867a2d5676fd5617935192d4eb7a0ad926d080c81ff4557a313faa369,2014-08,Essex Police,Essex Police,0.681836,51.727927,On or near Wantz Road,E01021889,Maldon 004A,Criminal damage and arson,Investigation complete; no suspect identified,
1ded94c7c7f2c48baf86bc396112b107e2390c47c9a5b2caa18e78c6bdc908e9,2014-08,Essex Police,Essex Police,0.686449,51.725142,On or near Fitches Crescent,E01021889,Maldon 004A,Criminal damage and arson,Awaiting court outcome,
07c44c21d0ae5d3502860dbe57e8f5814c28adee15ec9916d3a4c561c52a04f5,2014-08,Essex Police,Essex Police,0.681836,51.727927,On or near Wantz Road,E01021889,Maldon 004A,Criminal damage and arson,Investigation complete; no suspect identified,
c6664520be860f8a244c2c1f6bf557742ecb3922fe7b788353afe1b056eef6dd,2014-08,Essex Police,Essex Police,0.687904,51.723301,On or near Saxon Way,E01021889,Maldon 004A,Criminal damage and arson,Unable to prosecute suspect,
07e1de233dddb13461c8fae478c93300d6d9d1900e1aef4e27e10ec24b1bebbd,2014-08,Essex Police,Essex Police,0.683177,51.725882,On or near Horton Close,E01021889,Maldon 004A,Criminal damage and arson,Investigation complete; no suspect identified,
76a1d4f3ba380b43e38b953ca5bea2feb163400c7caff16c44f300ca6560d69e,2014-08,Essex Police,Essex Police,0.689053,51.720936,On or near Dawn Close,E01021889,Maldon 004A,Other theft,Investigation complete; no suspect identified,
384c97b8c190663fe003f55b6b306b9c3d8afdd81a77e20204f95de30d98abc9,2014-08,Essex Police,Essex Police,0.686449,51.725142,On or near Fitches Crescent,E01021889,Maldon 004A,Other theft,Investigation complete; no suspect identified,
b8037e5d5686d9bdae69957be944ccbcc9d711f35918a69603d678f4c404d42b,2014-08,Essex Police,Essex Police,0.689813,51.727151,On or near Park/Open Space,E01021889,Maldon 004A,Theft from the person,Under investigation,
4ac39f00e3819ddf0fc7bef42a220ca338ac03b74683abc330d0f9301501f8de,2014-08,Essex Police,Essex Police,0.690596,51.721081,On or near Oak Close,E01021889,Maldon 004A,Vehicle crime,Investigation complete; no suspect identified,
911406a5573e2320a644bdf85edf0d1a7f19c18aa295f1fafc52d1a8d920dc2d,2014-08,Essex Police,Essex Police,0.687904,51.723301,On or near Saxon Way,E01021889,Maldon 004A,Vehicle crime,Investigation complete; no suspect identified,
21825ed8809f505f32c06a03caf79e8c4cb532ea326ad4d7939261bc38ba004f,2014-08,Essex Police,Essex Police,0.686931,51.728125,On or near St Mary'S Lane,E01021889,Maldon 004A,Violence and sexual offences,Offender given a caution,
,2014-08,Essex Police,Essex Police,0.686344,51.729704,On or near North Street,E01021890,Maldon 004B,Anti-social behaviour,,
,2014-08,Essex Police,Essex Police,0.678142,51.736249,On or near Supermarket,E01021890,Maldon 004B,Anti-social behaviour,,
,2014-08,Essex Police,Essex Police,0.680262,51.729969,On or near Tenterfield Road,E01021890,Maldon 004B,Anti-social behaviour,,
,2014-08,Essex Police,Essex Police,0.682681,51.730948,On or near Quest Place,E01021890,Maldon 004B,Anti-social behaviour,,
,2014-08,Essex Police,Essex Police,0.682681,51.730948,On or near Quest Place,E01021890,Maldon 004B,Anti-social behaviour,,
,2014-08,Essex Police,Essex Police,0.677935,51.736902,On or near Parking Area,E01021890,Maldon 004B,Anti-social behaviour,,
,2014-08,Essex Police,Essex Police,0.678142,51.736249,On or near Supermarket,E01021890,Maldon 004B,Anti-social behaviour,,
7dbb9c704e057bf1fae86bac8855d119692b479e7e86177d22470c6878c2f1c5,2014-08,Essex Police,Essex Police,0.681250,51.729047,On or near America Street,E01021890,Maldon 004B,Burglary,Investigation complete; no suspect identified,
3959c1f1cd1c9907988d140f583d745ebaa874153ca39aad3f5fe2c737c5491d,2014-08,Essex Police,Essex Police,0.683429,51.730625,On or near Parking Area,E01021890,Maldon 004B,Criminal damage and arson,Under investigation,
3799cc2ad4db74c5aad40f1287402537acc0307c51e57b943ee84f214b2dfa73,2014-08,Essex Police,Essex Police,0.680231,51.728467,On or near Parking Area,E01021890,Maldon 004B,Criminal damage and arson,Investigation complete; no suspect identified,
7e8b4675b50cf85a504ab460509f21793e342e99e5174608dec9ca606e05a167,2014-08,Essex Police,Essex Police,0.677935,51.736902,On or near Parking Area,E01021890,Maldon 004B,Other theft,Under investigation,
f1c4ec1a3b18f911087d7a68fad3a32ea024ba15056b6f3f31b63b469a175896,2014-08,Essex Police,Essex Police,0.680641,51.730985,On or near High Street,E01021890,Maldon 004B,Other theft,Under investigation,
b9b0d9c84774a396030f3599e27b014455c08fe987fd279100db962a25ccff02,2014-08,Essex Police,Essex Police,0.677935,51.736902,On or near Parking Area,E01021890,Maldon 004B,Other theft,Under investigation,
eb52d6e80d9a154d356e29b544e381542e43342e498ac39d1ca07d32e200df54,2014-08,Essex Police,Essex Police,0.681944,51.737332,On or near Petrol Station,E01021890,Maldon 004B,Possession of weapons,Under investigation,
65085bd323543762a34019c7c514902c28453abb86a7fb8fb16f8077ac785971,2014-08,Essex Police,Essex Police,0.682681,51.730948,On or near Quest Place,E01021890,Maldon 004B,Shoplifting,Under investigation,
2a3724dde58020548db500705e9ffe981ac259212f46632b8b61fc1fa2a02ec2,2014-08,Essex Police,Essex Police,0.677199,51.731325,On or near Supermarket,E01021890,Maldon 004B,Shoplifting,Under investigation,
a9aa48729d01401b3a00e64ad49d41a7c987cb2e4c8e3b6bbb5a7b7d3787e35b,2014-08,Essex Police,Essex Police,0.678142,51.736249,On or near Supermarket,E01021890,Maldon 004B,Shoplifting,Local resolution,
d6bfd4841c9fdea80305f929268b617767f0b4add7a0f633b2c41a058e6baca3,2014-08,Essex Police,Essex Police,0.678142,51.736249,On or near Supermarket,E01021890,Maldon 004B,Shoplifting,Under investigation,
113570988cfa820d06989ae90e8d6ca3c52e47bb1f036ea38412eab83815556e,2014-08,Essex Police,Essex Police,0.678375,51.731127,On or near Chequers Lane,E01021890,Maldon 004B,Shoplifting,Local resolution,
d178ff0e5d4dd500c9ef08e65a33515867927004020785c373bc42cf65f07ad6,2014-08,Essex Police,Essex Police,0.678142,51.736249,On or near Supermarket,E01021890,Maldon 004B,Vehicle crime,Under investigation,
9c6bf2f8d09c8c4eb128e02ca24f6fedf1014d4e817a83aa9e7f128b94ad8f9a,2014-08,Essex Police,Essex Police,0.680231,51.728467,On or near Parking Area,E01021890,Maldon 004B,Vehicle crime,Investigation complete; no suspect identified,
7d3ce3749ed54d24e110763701ebac6f5543b02598d986bbf03eab6ac4f769ec,2014-08,Essex Police,Essex Police,0.680641,51.730985,On or near High Street,E01021890,Maldon 004B,Violence and sexual offences,Under investigation,
7cefc53b9fdcfca5fa2503c37c75e0bf05cb89191054443779088f3fdd25cf61,2014-08,Essex Police,Essex Police,0.678142,51.736249,On or near Supermarket,E01021890,Maldon 004B,Violence and sexual offences,Local resolution,
606ee59fbb60122896ab8096626c1527c5beec09f11cba3aae276150f0f04155,2014-08,Essex Police,Essex Police,0.680641,51.730985,On or near High Street,E01021890,Maldon 004B,Violence and sexual offences,Under investigation,
23f1830555144a41266d589ea7f2ffb7e8c43340a90f08d00954f277f81ac328,2014-08,Essex Police,Essex Police,0.678142,51.736249,On or near Supermarket,E01021890,Maldon 004B,Violence and sexual offences,Unable to prosecute suspect,
52aae1a9755a844c89c4b489a1cf20777bf23d86bbc9f0aba79058abb3497f05,2014-08,Essex Police,Essex Police,0.680641,51.730985,On or near High Street,E01021890,Maldon 004B,Violence and sexual offences,Investigation complete; no suspect identified,
057367d1069273011a8d067ab5e88be6f90719ce16fbb3c6f03dcd07f67e8f04,2014-08,Essex Police,Essex Police,0.678142,51.736249,On or near Supermarket,E01021890,Maldon 004B,Violence and sexual offences,Awaiting court outcome,
,2014-08,Essex Police,Essex Police,0.674891,51.731476,On or near Police Station,E01021891,Maldon 004C,Anti-social behaviour,,
,2014-08,Essex Police,Essex Police,0.674281,51.729233,On or near Mount Pleasant,E01021891,Maldon 004C,Anti-social behaviour,,
,2014-08,Essex Police,Essex Police,0.674281,51.729233,On or near Mount Pleasant,E01021891,Maldon 004C,Anti-social behaviour,,
,2014-08,Essex Police,Essex Police,0.674281,51.729233,On or near Mount Pleasant,E01021891,Maldon 004C,Anti-social behaviour,,
,2014-08,Essex Police,Essex Police,0.674281,51.729233,On or near Mount Pleasant,E01021891,Maldon 004C,Anti-social behaviour,,
,2014-08,Essex Police,Essex Police,0.675197,51.731991,On or near Gate Street,E01021891,Maldon 004C,Anti-social behaviour,,
,2014-08,Essex Police,Essex Police,0.675290,51.730873,On or near Friars Lane,E01021891,Maldon 004C,Anti-social behaviour,,
fef6a5627fa561a23e22a7d3d9f7e21dd9a854a0840a0ff2c7da5603e1c9bc71,2014-08,Essex Police,Essex Police,0.675493,51.730383,On or near New Street,E01021891,Maldon 004C,Drugs,Under investigation,
0fd0d8f2feb3cf277a46beeededa7eaf34288b2a56d06a44a2be945f17a276fd,2014-08,Essex Police,Essex Police,0.675197,51.731991,On or near Gate Street,E01021891,Maldon 004C,Theft from the person,Under investigation,
acb171bd5d468238277965a0ef0af18d6382d4242006d6cd06c817b6d1d66331,2014-08,Essex Police,Essex Police,0.674134,51.733130,On or near Beeleigh Road,E01021891,Maldon 004C,Vehicle crime,Investigation complete; no suspect identified,
4baf430aaf6950788de95bb4d1ae8f147b501d7deac64773d1ccdc63e882d76a,2014-08,Essex Police,Essex Police,0.675493,51.730383,On or near New Street,E01021891,Maldon 004C,Violence and sexual offences,Under investigation,
36c6d4ae2cb3d290ff35e23c31d208c31c8d86c8c5e4e9283bd3b6fb3a5586c4,2014-08,Essex Police,Essex Police,0.675290,51.730873,On or near Friars Lane,E01021891,Maldon 004C,Violence and sexual offences,Awaiting court outcome,
a6681a62b3098047c251de1fb1ca2af2afbcf37e7c6f9ec9ee56e6b6eebf1cfc,2014-08,Essex Police,Essex Police,0.675493,51.730383,On or near New Street,E01021891,Maldon 004C,Violence and sexual offences,Investigation complete; no suspect identified,
,2014-08,Essex Police,Essex Police,0.667648,51.731200,On or near Beacon Hill,E01021892,Maldon 004D,Anti-social behaviour,,
,2014-08,Essex Police,Essex Police,0.666669,51.729091,On or near St Giles Crescent,E01021892,Maldon 004D,Anti-social behaviour,,
,2014-08,Essex Police,Essex Police,0.666669,51.729091,On or near St Giles Crescent,E01021892,Maldon 004D,Anti-social behaviour,,
4036ab143b74edc182e6c0569c3ab968c2e95db1e8a81e2a39cf56d302da4784,2014-08,Essex Police,Essex Police,0.666096,51.726253,On or near Spital Road,E01021892,Maldon 004D,Criminal damage and arson,Investigation complete; no suspect identified,
f09b0885ecadd9fd5d5b60c111b15f322dbceeb44ad6dca90c355126f97a9f85,2014-08,Essex Police,Essex Police,0.644748,51.727707,On or near Old London Road,E01021892,Maldon 004D,Drugs,Under investigation,
038fd9ebce46769e60b25bbaa4622d6edc8b60d34202d434b089a9d41a3d13e1,2014-08,Essex Police,Essex Police,0.682468,51.720997,On or near Marlowe Close,E01021893,Maldon 005A,Other theft,Investigation complete; no suspect identified,
a13835d5334dbdc4dde161c65fa69d39bc9019fa2948cb4af79926c59401d66a,2014-08,Essex Police,Essex Police,0.683666,51.718982,On or near Clayton Way,E01021893,Maldon 005A,Vehicle crime,Investigation complete; no suspect identified,
19bf0613dca9b79efa0f1f5a126694e76de11ae82dd7694a3d1e50690ac5935b,2014-08,Essex Police,Essex Police,0.683666,51.718982,On or near Clayton Way,E01021893,Maldon 005A,Vehicle crime,Investigation complete; no suspect identified,
,2014-08,Essex Police,Essex Police,0.676415,51.724175,On or near Fambridge Road,E01021894,Maldon 005B,Anti-social behaviour,,
18aba6a40106281788430347a0c8aeecd717fd85d19c1816fde56ebbe7b40455,2014-08,Essex Police,Essex Police,0.678620,51.725231,On or near Warwick Crescent,E01021894,Maldon 005B,Criminal damage and arson,Investigation complete; no suspect identified,
23ad36f34570bbc04893e350d20839b05fe8f7f5f95dbef3af0060b9de9e8dc2,2014-08,Essex Police,Essex Police,0.681043,51.725544,On or near King Street,E01021894,Maldon 005B,Criminal damage and arson,Under investigation,
b855f47f22bf4d2b30a3b05a004a5732db48b3dd4bb6dc856bb38b6dae47885d,2014-08,Essex Police,Essex Police,0.681043,51.725544,On or near King Street,E01021894,Maldon 005B,Violence and sexual offences,Under investigation,
,2014-08,Essex Police,Essex Police,0.680686,51.722944,On or near Coleridge Road,E01021895,Maldon 005C,Anti-social behaviour,,
20b37432e2adc0c2018613af9f3ce251aa4cb9cb83bd56d64a27aa5ae6310ce6,2014-08,Essex Police,Essex Police,0.681004,51.722694,On or near Burns Close,E01021895,Maldon 005C,Burglary,Investigation complete; no suspect identified,
628b36b93aedbbdc4b9a0983047ab0df8396ddca4fe300fa371c90f72fe68027,2014-08,Essex Police,Essex Police,0.682693,51.722116,On or near Shakespeare Drive,E01021895,Maldon 005C,Criminal damage and arson,Under investigation,
584488d31dfb25a2afe38b33c096bcf813ebc8d9d686a59ff6f806d4a93cb33a,2014-08,Essex Police,Essex Police,0.682693,51.722116,On or near Shakespeare Drive,E01021895,Maldon 005C,Vehicle crime,Under investigation,
e07c3cc189cd2ffa0da77891435355fcbcc1c9867db3a7d7b49cc2e310c8a889,2014-08,Essex Police,Essex Police,0.680583,51.723891,On or near Cross Road,E01021895,Maldon 005C,Violence and sexual offences,Under investigation,
f679ea7aaf372bc4c0708498270b8d6d0916788a753d14e2a60f6cfea6f9c0ce,2014-08,Essex Police,Essex Police,0.680740,51.721648,On or near Masefield Road,E01021895,Maldon 005C,Violence and sexual offences,Under investigation,
8623694ead1ab7466a1260828f872709883d9e9b1ed09cb37cbaab262758612c,2014-08,Essex Police,Essex Police,0.680740,51.721648,On or near Masefield Road,E01021895,Maldon 005C,Violence and sexual offences,Under investigation,
,2014-08,Essex Police,Essex Police,0.666787,51.719528,On or near Linford Mews,E01021896,Maldon 005D,Anti-social behaviour,,
cfc16acd9a1aaf5ce58fb39c73db859cb57a4a6d1a6a8dff4cad4eeb229373e3,2014-08,Essex Police,Essex Police,0.666875,51.718825,On or near Meeson Meadows,E01021896,Maldon 005D,Criminal damage and arson,Investigation complete; no suspect identified,
ca3ebf541dbe7924cbdd8619bb5b7034bd95e09c7783385112f53647f5f88c90,2014-08,Essex Police,Essex Police,0.664324,51.720250,On or near Supermarket,E01021896,Maldon 005D,Other theft,Under investigation,
179a6365e8b940988416ae5415ffd24ba526b586317bf32b49fcd3ff10f3bbe0,2014-08,Essex Police,Essex Police,0.664324,51.720250,On or near Supermarket,E01021896,Maldon 005D,Other theft,Investigation complete; no suspect identified,
fd4e587a785d84878c4d3904e1992948367f066ea9c998ffd57729321d23c687,2014-08,Essex Police,Essex Police,0.663180,51.719502,On or near Petrol Station,E01021896,Maldon 005D,Other theft,Under investigation,
f934f323bc1977078150d79257b56af5cc6926593e6006f0fcc95fc704291563,2014-08,Essex Police,Essex Police,0.664324,51.720250,On or near Supermarket,E01021896,Maldon 005D,Other theft,Under investigation,
70df6bc2d60dd209ebff3abc816377d28ebb4e686ab65886a1c2b9a84c77bcb8,2014-08,Essex Police,Essex Police,0.663180,51.719502,On or near Petrol Station,E01021896,Maldon 005D,Other theft,Under investigation,
67c9381d9139062760670afc6f37b9bbdad6e07f0b74e1a0b090d4dcd0953ff5,2014-08,Essex Police,Essex Police,0.667244,51.720408,On or near Narvik Close,E01021896,Maldon 005D,Vehicle crime,Under investigation,
c0748663da43fa15a72f4eca6c295a53e7029b434002d64044e570c5eaa9150f,2014-08,Essex Police,Essex Police,0.667754,51.722924,On or near Markland Drive,E01021896,Maldon 005D,Vehicle crime,Investigation complete; no suspect identified,
4e297a793951d42eb106d61104ea3d93cd5ddf53751188b1446c1bf8207e3425,2014-08,Essex Police,Essex Police,0.667754,51.722924,On or near Markland Drive,E01021896,Maldon 005D,Vehicle crime,Investigation complete; no suspect identified,
c970080e6dd735253a9364640c421fdefb5acd1735f187b3246956df9a799916,2014-08,Essex Police,Essex Police,0.667544,51.720842,On or near Longship Way,E01021896,Maldon 005D,Vehicle crime,Investigation complete; no suspect identified,
ef9120aa75d3ef7ff295275acb18b801c3fabb608a6bbd176540c78db3f7170a,2014-08,Essex Police,Essex Police,0.668661,51.718658,On or near Minster Way,E01021896,Maldon 005D,Vehicle crime,Investigation complete; no suspect identified,
ba6fd5a49b4ded04731d17adfdbf52e3d54db75d1ee5c0c2f836d2e2f15a8f2d,2014-08,Essex Police,Essex Police,0.666875,51.718825,On or near Meeson Meadows,E01021896,Maldon 005D,Vehicle crime,Investigation complete; no suspect identified,
f80899fc987eeaf9030f58c2e2e48b4b4a1ec2be907bd6d138e0cc88e7d36f3c,2014-08,Essex Police,Essex Police,0.667754,51.722924,On or near Markland Drive,E01021896,Maldon 005D,Vehicle crime,Investigation complete; no suspect identified,
3eaa1eab5c4e65f23803f3a3447a83621bd354277f34ea4541b3b0b88a4fe738,2014-08,Essex Police,Essex Police,0.667754,51.722924,On or near Markland Drive,E01021896,Maldon 005D,Vehicle crime,Investigation complete; no suspect identified,
0ad488adf23891702ec7f8e845902f21245021e96856083306243a1844f9c489,2014-08,Essex Police,Essex Police,0.664324,51.720250,On or near Supermarket,E01021896,Maldon 005D,Violence and sexual offences,Under investigation,
,2014-08,Essex Police,Essex Police,0.674790,51.719706,On or near Falcon Mews,E01021897,Maldon 005E,Anti-social behaviour,,
,2014-08,Essex Police,Essex Police,0.676173,51.719836,On or near Courtland Place,E01021897,Maldon 005E,Anti-social behaviour,,
48162051978afdd9fafe3c083e3f7da9df7090d2de4b89b502ea7469da80c929,2014-08,Essex Police,Essex Police,0.671866,51.719485,On or near Sunbury Way,E01021897,Maldon 005E,Bicycle theft,Investigation complete; no suspect identified,
4887c6362b7a324c55f6801dfb70280dedbe1128c2b1fb4ffa74753d647da915,2014-08,Essex Police,Essex Police,0.670770,51.721524,On or near Dorset Road,E01021897,Maldon 005E,Criminal damage and arson,Under investigation,
95215c6d5b589d3ffc01648a91c6ab1b569ab79f191f2d5dedbfabc2b75de11a,2014-08,Essex Police,Essex Police,0.673212,51.722413,On or near Essex Road,E01021897,Maldon 005E,Other theft,Investigation complete; no suspect identified,
46bb407aca4b0e4dd54327d93bb431170c0eb0ef2e74d59917d94ef306b1bcd3,2014-08,Essex Police,Essex Police,0.670464,51.723456,On or near Pembroke Avenue,E01021897,Maldon 005E,Vehicle crime,Investigation complete; no suspect identified,
7c32d9ca9cb63f2ca0d7d1162bfa8cf8263ccf8aa819f57a1cfeaba12bee4257,2014-08,Essex Police,Essex Police,0.673073,51.719071,On or near Keeble Park,E01021897,Maldon 005E,Vehicle crime,Investigation complete; no suspect identified,
,2014-08,Essex Police,Essex Police,0.668384,51.724285,On or near Suffolk Road,E01021898,Maldon 005F,Anti-social behaviour,,
,2014-08,Essex Police,Essex Police,0.671353,51.724290,On or near Washington Road,E01021898,Maldon 005F,Anti-social behaviour,,
1271ed471ba5febf0e1390a0e5c273c5339b6ad0ab134f0af967ba8f976f10ce,2014-08,Essex Police,Essex Police,0.670560,51.726313,On or near Acacia Drive,E01021898,Maldon 005F,Criminal damage and arson,Investigation complete; no suspect identified,
2a73bea61a736e41e80121c73e275dd6cb150c3b5e14838b5b1e3993a0d7dd24,2014-08,Essex Police,Essex Police,0.672276,51.726922,On or near Orchard Road,E01021898,Maldon 005F,Vehicle crime,Under investigation,
a41018c0e39195f94722b1f461d2efa61e58f17a9d958c119ebe63b2fc66175c,2014-08,Essex Police,Essex Police,0.668384,51.724285,On or near Suffolk Road,E01021898,Maldon 005F,Vehicle crime,Investigation complete; no suspect identified,
,2014-08,Essex Police,Essex Police,0.823143,51.717052,On or near Mountview Crescent,E01021901,Maldon 006A,Anti-social behaviour,,
,2014-08,Essex Police,Essex Police,0.826915,51.716008,On or near Beachy Drive,E01021901,Maldon 006A,Anti-social behaviour,,
,2014-08,Essex Police,Essex Police,0.830407,51.713738,On or near Medley Way,E01021901,Maldon 006A,Anti-social behaviour,,
,2014-08,Essex Police,Essex Police,0.809223,51.714157,On or near Park/Open Space,E01021901,Maldon 006A,Anti-social behaviour,,
,2014-08,Essex Police,Essex Police,0.832437,51.713087,On or near The Spinnaker,E01021901,Maldon 006A,Anti-social behaviour,,
,2014-08,Essex Police,Essex Police,0.830407,51.713738,On or near Medley Way,E01021901,Maldon 006A,Anti-social behaviour,,
,2014-08,Essex Police,Essex Police,0.830407,51.713738,On or near Medley Way,E01021901,Maldon 006A,Anti-social behaviour,,
,2014-08,Essex Police,Essex Police,0.787288,51.706387,On or near Park/Open Space,E01021901,Maldon 006A,Anti-social behaviour,,
62e38616d7b6bd7593b38f0660ed54ed9d9c03b41703b1d97fe3fd2bcc2a818c,2014-08,Essex Police,Essex Police,0.819550,51.719108,On or near St Lawrence Drive,E01021901,Maldon 006A,Bicycle theft,Investigation complete; no suspect identified,
ed68f0500344d3b808e90bc4a298a02b68b32aba596681ccb0037b071ff5e5b6,2014-08,Essex Police,Essex Police,0.787288,51.706387,On or near Park/Open Space,E01021901,Maldon 006A,Burglary,Investigation complete; no suspect identified,
8918e352a14387a8ebc1d06af16acf8077215d9dad3012efdc46b135bc658dfb,2014-08,Essex Police,Essex Police,0.829939,51.713426,On or near Anchorage View,E01021901,Maldon 006A,Criminal damage and arson,Investigation complete; no suspect identified,
82c3348e39e03634f8f5c8488597052e9b751523418717e53e6b15f92f2dab02,2014-08,Essex Police,Essex Police,0.787288,51.706387,On or near Park/Open Space,E01021901,Maldon 006A,Criminal damage and arson,Under investigation,
02c4aef98d1835e59b3af87ce5bda090a9468633fa767071b237784f3139e21a,2014-08,Essex Police,Essex Police,0.817239,51.719433,On or near Riverton Drive,E01021901,Maldon 006A,Criminal damage and arson,Unable to prosecute suspect,
c454996e968a9f819e58bcc63fdc5a82ee2e1c10ce85d7447143b85dd0372c41,2014-08,Essex Police,Essex Police,0.787288,51.706387,On or near Park/Open Space,E01021901,Maldon 006A,Other theft,Investigation complete; no suspect identified,
5b70315a44ff5bf759ca1f3eebebf6a12ccc2974f7e4c23a7b867fda246ccf0f,2014-08,Essex Police,Essex Police,0.798704,51.691996,On or near The Street,E01021901,Maldon 006A,Robbery,Under investigation,
2e02053f83e5cc7c440734e89c16086b05a7801295837b4980115a2236ee1e57,2014-08,Essex Police,Essex Police,0.787288,51.706387,On or near Park/Open Space,E01021901,Maldon 006A,Violence and sexual offences,Under investigation,
25c3765e19fecc2bbadc1d34fc6913ad93b1de178aab6598a4c9fee43a9f8220,2014-08,Essex Police,Essex Police,0.828278,51.715813,On or near Moorhen Avenue,E01021901,Maldon 006A,Violence and sexual offences,Under investigation,
,2014-08,Essex Police,Essex Police,0.821245,51.662838,On or near Wonston Road,E01021904,Maldon 006B,Anti-social behaviour,,
,2014-08,Essex Police,Essex Police,0.823296,51.664183,On or near Hillside Road,E01021904,Maldon 006B,Anti-social behaviour,,
,2014-08,Essex Police,Essex Police,0.825434,51.662522,On or near West House Estate,E01021904,Maldon 006B,Anti-social behaviour,,
,2014-08,Essex Police,Essex Police,0.823249,51.663429,On or near Hill View Close,E01021904,Maldon 006B,Anti-social behaviour,,
,2014-08,Essex Police,Essex Police,0.819784,51.661902,On or near Woodside,E01021904,Maldon 006B,Anti-social behaviour,,
,2014-08,Essex Police,Essex Police,0.821245,51.662838,On or near Wonston Road,E01021904,Maldon 006B,Anti-social behaviour,,
751d075321ace7b0dfd39c623d5f63a921485f498e88ba0a5e8eee5e89bb8a65,2014-08,Essex Police,Essex Police,0.825434,51.662522,On or near West House Estate,E01021904,Maldon 006B,Criminal damage and arson,Investigation complete; no suspect identified,
07c96b3f6fe4996c3cb030ba40dba365835e08ae1ce379c5fab695e5470801ac,2014-08,Essex Police,Essex Police,0.821245,51.662838,On or near Wonston Road,E01021904,Maldon 006B,Other theft,Under investigation,
7df4f30fcdc5fc4570f881cfb94529f6ba9aeec9559020cc9545c6421797761e,2014-08,Essex Police,Essex Police,0.807461,51.662800,On or near Scotts Hill,E01021904,Maldon 006B,Other theft,Investigation complete; no suspect identified,
391ef787acebdc57f852f23032c5df38105454a2a89b519ed39a72137dfa25f3,2014-08,Essex Police,Essex Police,0.819305,51.664198,On or near Crown Way,E01021904,Maldon 006B,Vehicle crime,Investigation complete; no suspect identified,
2a509383d112cbbd6a2c302fc4166b6944bbebb98b910dbc0cc65df051930e18,2014-08,Essex Police,Essex Police,0.820909,51.663953,On or near Devonshire Road,E01021904,Maldon 006B,Vehicle crime,Investigation complete; no suspect identified,
,2014-08,Essex Police,Essex Police,0.827509,51.664720,On or near Spells Close,E01021905,Maldon 006C,Anti-social behaviour,,
f5dc5c25cdb1d333f0908be6e2a4e7c0beb183aeea4e2bbaa81691422cb7c024,2014-08,Essex Police,Essex Police,0.830358,51.664256,On or near Pump Mead Close,E01021905,Maldon 006C,Vehicle crime,Investigation complete; no suspect identified,
e8df72ea032f72768795780db07107ec9518e5bcfdd61cd98a1ededa221f09ed,2014-08,Essex Police,Essex Police,0.831227,51.663587,On or near North Street,E01021905,Maldon 006C,Violence and sexual offences,Unable to prosecute suspect,
,2014-08,Essex Police,Essex Police,0.826582,51.659589,On or near Dukes Avenue,E01021906,Maldon 006D,Anti-social behaviour,,
af0178556d8a8f31ad890141ada2dd29b849b1c70333a4aa6bdaedc6b5530fdc,2014-08,Essex Police,Essex Police,0.835024,51.662318,On or near Cherry Orchard,E01021906,Maldon 006D,Drugs,Under investigation,
2d6295c232a4964e15f613ac588fce3a4058cd3353248bc3100b6adc6d847e1e,2014-08,Essex Police,Essex Police,0.825465,51.660929,On or near Kings Croft,E01021906,Maldon 006D,Vehicle crime,Under investigation,
d1716aec658fb6f037efa27bc215cbcf555fbfc492058476fdd0a8911fe3c19a,2014-08,Essex Police,Essex Police,0.828324,51.659934,On or near Burnham Road,E01021906,Maldon 006D,Violence and sexual offences,Under investigation,
774d855d6f4a8e39bad9731cdce2b5a6895e9974ce0547b2f3d17e7bc31a1577,2014-08,Essex Police,Essex Police,0.826804,51.660834,On or near Princes Avenue,E01021906,Maldon 006D,Violence and sexual offences,Unable to prosecute suspect,
,2014-08,Essex Police,Essex Police,0.904805,51.738723,On or near Airport/Airfield,E01021907,Maldon 006E,Anti-social behaviour,,
f3f558d65776ea3ca6054456029078e6f836208e95ffbc5a1c6c64431aae3ab0,2014-08,Essex Police,Essex Police,0.904805,51.738723,On or near Airport/Airfield,E01021907,Maldon 006E,Criminal damage and arson,Under investigation,
1d370b5c69c800b3bb44e9d1ebedbf13a5d4eb1a941f7a292b416a69a4be5a5b,2014-08,Essex Police,Essex Police,0.899965,51.725576,On or near High Street,E01021907,Maldon 006E,Vehicle crime,Investigation complete; no suspect identified,
fb09f0457282f72908f98c19edca1270dbd5de1439046da5f5da29c06e89630c,2014-08,Essex Police,Essex Police,0.907856,51.725777,On or near Bate-Dudley Drive,E01021907,Maldon 006E,Violence and sexual offences,Under investigation,
b56371f08e0aeea75f5d86b093f5a434aa5cffd770bf22cc6515065e4830d0a4,2014-08,Essex Police,Essex Police,0.911822,51.724384,On or near Hockley Close,E01021907,Maldon 006E,Violence and sexual offences,Under investigation,
5780653a5e67152bd89a5fcb4f83c4de3f30537916fb5a0ba974c378007ad81a,2014-08,Essex Police,Essex Police,0.881703,51.694386,On or near Marlborough Avenue,E01021907,Maldon 006E,Violence and sexual offences,Offender sent to prison,
,2014-08,Essex Police,Essex Police,0.758482,51.684979,On or near Katonia Avenue,E01021873,Maldon 007A,Anti-social behaviour,,
,2014-08,Essex Police,Essex Police,0.760382,51.683865,On or near Parking Area,E01021873,Maldon 007A,Anti-social behaviour,,
99670405d7da0c60f688235246a1ac86e5b00bdc8f0b4f9f3a81e2e7f94a11ca,2014-08,Essex Police,Essex Police,0.750615,51.686243,On or near George Cardnell Way,E01021873,Maldon 007A,Burglary,Investigation complete; no suspect identified,
9d5927199135a9cb1f1fd6b3bd80a6f069df75485173616656d142619034f61c,2014-08,Essex Police,Essex Police,0.751391,51.688051,On or near The Esplanade,E01021873,Maldon 007A,Other theft,Investigation complete; no suspect identified,
219837cf9d75232d8c9880e69c43a30f67519430ff37e94147a421c9e34294f5,2014-08,Essex Police,Essex Police,0.754100,51.688113,On or near Mayland Quay,E01021873,Maldon 007A,Shoplifting,Under investigation,
11972f6450acc3824284a8bdba0cb739f26494f5d4b4a516703161c15727441a,2014-08,Essex Police,Essex Police,0.754100,51.688113,On or near Mayland Quay,E01021873,Maldon 007A,Vehicle crime,Under investigation,
7d8f69516c070dbf69d14244ff932ac8995a53e024faf72ce5b07d58057fcb5c,2014-08,Essex Police,Essex Police,0.750615,51.686243,On or near George Cardnell Way,E01021873,Maldon 007A,Vehicle crime,Investigation complete; no suspect identified,
,2014-08,Essex Police,Essex Police,0.709072,51.676750,On or near Maldon Road,E01021874,Maldon 007B,Anti-social behaviour,,
,2014-08,Essex Police,Essex Police,0.724836,51.670170,On or near Buchanan Way,E01021874,Maldon 007B,Anti-social behaviour,,
5b48e43b788e35fc54872c36dce752e977cf735ee0f60fbd68efb23c6f85096a,2014-08,Essex Police,Essex Police,0.704694,51.689927,On or near West Chase,E01021874,Maldon 007B,Criminal damage and arson,Investigation complete; no suspect identified,
49bfa48c5cce9675bd5b9f7e002db47352170bae9e5ab97290012e6c412863a0,2014-08,Essex Police,Essex Police,0.717799,51.671251,On or near Petrol Station,E01021874,Maldon 007B,Other theft,Under investigation,
5569d872058cbe27e14b85c97ce0964bee00b3ebdee2b29fd5e258b1cdc0c04f,2014-08,Essex Police,Essex Police,0.694948,51.682012,On or near Burnham Road,E01021874,Maldon 007B,Vehicle crime,Investigation complete; no suspect identified,
5a4498f748d3de15b71b5e2f334634285d5209daffc35b9c21826708ae77a396,2014-08,Essex Police,Essex Police,0.722625,51.671894,On or near Ramsey Chase,E01021874,Maldon 007B,Vehicle crime,Investigation complete; no suspect identified,
5742b91f82482b088c12c442fab2533d5eb155157eccaa1a9c099a3787beeb82,2014-08,Essex Police,Essex Police,0.725003,51.670787,On or near Granary Close,E01021874,Maldon 007B,Violence and sexual offences,Under investigation,
1237f2c40e152c4a34872aa7f1e335a63b6a9124a0ab8b4c4b96e6c4e8963a26,2014-08,Essex Police,Essex Police,0.727846,51.669003,On or near Heritage Way,E01021874,Maldon 007B,Violence and sexual offences,Unable to prosecute suspect,
b2e02af802cbe9eea583e9700ed477f09f3fe3002e805ea09e855150016515d7,2014-08,Essex Police,Essex Police,0.698966,51.702362,On or near Mundon Road,E01021874,Maldon 007B,Violence and sexual offences,Under investigation,
,2014-08,Essex Police,Essex Police,0.762950,51.658325,On or near Woodlands,E01021875,Maldon 007C,Anti-social behaviour,,
,2014-08,Essex Police,Essex Police,0.756905,51.664979,On or near Garden Close,E01021875,Maldon 007C,Anti-social behaviour,,
,2014-08,Essex Police,Essex Police,0.764486,51.684739,On or near Hillcrest,E01021899,Maldon 007D,Anti-social behaviour,,
b736371ad52d6255498204a10b097ce0969b56d4a29db09cce616ab65c5b71ba,2014-08,Essex Police,Essex Police,0.773622,51.682950,On or near Mill Road,E01021899,Maldon 007D,Criminal damage and arson,Under investigation,
73c5af7ebc620a72cfb1623803ee584a4d539541ce601c48b2030b51f24bd30a,2014-08,Essex Police,Essex Police,0.764486,51.684739,On or near Hillcrest,E01021899,Maldon 007D,Other crime,Under investigation,
,2014-08,Essex Police,Essex Police,0.763945,51.679176,On or near Petrol Station,E01021900,Maldon 007E,Anti-social behaviour,,
9e1cee4513d2c5a11e21718ccccf62000e7dec582d0a3320f4304ee63b4cfc5d,2014-08,Essex Police,Essex Police,0.766886,51.679251,On or near Steeple Road,E01021900,Maldon 007E,Violence and sexual offences,Local resolution,
,2014-08,Essex Police,Essex Police,0.653476,51.670744,On or near Hagg Hill,E01021902,Maldon 007F,Anti-social behaviour,,
,2014-08,Essex Police,Essex Police,0.637934,51.660149,On or near Woodham Road,E01021902,Maldon 007F,Anti-social behaviour,,
66df9c81b332daa06ae7208c819c63f0c8aab2988522e1bfdfea31c05c501e9b,2014-08,Essex Police,Essex Police,0.637934,51.660149,On or near Woodham Road,E01021902,Maldon 007F,Burglary,Investigation complete; no suspect identified,
2bec057251caa0103ac6838375d483abdfe01bab17b66eca357b00e61106bd3f,2014-08,Essex Police,Essex Police,0.637934,51.660149,On or near Woodham Road,E01021902,Maldon 007F,Drugs,Under investigation,
3c107316aedb0bae39341d615b75b5277f015dae2a28daaa002a15a95e2c3ce4,2014-08,Essex Police,Essex Police,0.637934,51.660149,On or near Woodham Road,E01021902,Maldon 007F,Drugs,Under investigation,
89aa894c6f64a758a5df6d47165924903b4920a57c200c549e81e3699a918ed8,2014-08,Essex Police,Essex Police,0.637934,51.660149,On or near Woodham Road,E01021902,Maldon 007F,Drugs,Under investigation,
64dc6718f8750a10c0fceaa94acbd10aeff194b49cb262095147686a0fc74c71,2014-08,Essex Police,Essex Police,0.637934,51.660149,On or near Woodham Road,E01021902,Maldon 007F,Drugs,Under investigation,
77334c05b942f43376247013d766a5d57e998b9dcfc7458c6b3927bf264be0c3,2014-08,Essex Police,Essex Police,0.637934,51.660149,On or near Woodham Road,E01021902,Maldon 007F,Drugs,Under investigation,
91311ced0812a73475e0948602a82cf62c9279df8436becebefe65cebc483d4b,2014-08,Essex Police,Essex Police,0.637934,51.660149,On or near Woodham Road,E01021902,Maldon 007F,Drugs,Under investigation,
170f63d65ab7bb8fe334dbeefcd5592c626c7a70fdd7150d04ffacab0bb62c63,2014-08,Essex Police,Essex Police,0.645445,51.653802,On or near Lower Burnham Road,E01021902,Maldon 007F,Other theft,Offender given a caution,
e7214ad9df07f9f929c1ca8a81f833df2f0210a9ebc0f4ae20a34c480410c8ca,2014-08,Essex Police,Essex Police,0.637934,51.660149,On or near Woodham Road,E01021902,Maldon 007F,Other theft,Under investigation,
7c289c75d00089aca771d3a3c30eae411a107579296855ba677891dd8fe8f34e,2014-08,Essex Police,Essex Police,0.637934,51.660149,On or near Woodham Road,E01021902,Maldon 007F,Possession of weapons,Under investigation,
82f4276025ab3809ef9ccecb21a166fb602c135dcefe9e895ede1083f841db2b,2014-08,Essex Police,Essex Police,0.678712,51.649360,On or near Rectory Road,E01021902,Maldon 007F,Public order,Under investigation,
f05318b54bf0725350fc0af6b66920ea7cbd62857899e03f44268be4cee75523,2014-08,Essex Police,Essex Police,0.685114,51.649312,On or near Franklin Road,E01021902,Maldon 007F,Public order,Under investigation,
5b6e5f20db1edb762e0f3b54e38e76a324c1da63e279926d3d34a53ee7d9005b,2014-08,Essex Police,Essex Police,0.637934,51.660149,On or near Woodham Road,E01021902,Maldon 007F,Robbery,Under investigation,
0516618db22abeb0462437fda09a9b0a42714b684c09dd1d946bf9fad3ed76a3,2014-08,Essex Police,Essex Police,0.637934,51.660149,On or near Woodham Road,E01021902,Maldon 007F,Theft from the person,Investigation complete; no suspect identified,
81959e5507e550932a3c51c96c7ed47e579123af49ad694898f33798d33620b9,2014-08,Essex Police,Essex Police,0.637934,51.660149,On or near Woodham Road,E01021902,Maldon 007F,Theft from the person,Investigation complete; no suspect identified,
e04bf315f9a1754f1a0f1b2b21911158371fb5f6ea707f194103aa576691f2b1,2014-08,Essex Police,Essex Police,0.653476,51.670744,On or near Hagg Hill,E01021902,Maldon 007F,Vehicle crime,Investigation complete; no suspect identified,
4485d19950cd352719cd707fed215f61ca5e52299ef530b99b5ebbb37680de42,2014-08,Essex Police,Essex Police,0.637934,51.660149,On or near Woodham Road,E01021902,Maldon 007F,Vehicle crime,Under investigation,
3f1ad9c945460e88b045f8bfe38ce2bd7b7fd17ec55dcdaaffbce0c7c480ca3e,2014-08,Essex Police,Essex Police,0.667317,51.673434,On or near Sports/Recreation Area,E01021902,Maldon 007F,Vehicle crime,Investigation complete; no suspect identified,
3221e73b1a12aa7fd081f0a3243ac34bd20f6d5f11c3ea0a67ed05226dc322d2,2014-08,Essex Police,Essex Police,0.623054,51.694936,On or near Hawkins Close,E01021903,Maldon 007G,Burglary,Under investigation,
7d650c65c2d2108256646cbd9ca1f571d7821bd379d313f946fdb73bdead87ca,2014-08,Essex Police,Essex Police,0.656774,51.687046,On or near The Glebe,E01021903,Maldon 007G,Violence and sexual offences,Under investigation,
,2014-08,Essex Police,Essex Police,0.813302,51.634303,On or near Cedar Grove,E01021878,Maldon 008C,Anti-social behaviour,,
822850a441f180575d6350cccabcceb4492e1bd1d1015138a69571f25175eb77,2014-08,Essex Police,Essex Police,0.816578,51.632129,On or near Devonshire Road,E01021878,Maldon 008C,Vehicle crime,Investigation complete; no suspect identified,
,2014-08,Essex Police,Essex Police,0.820274,51.628344,On or near Arnheim Road,E01021879,Maldon 008D,Anti-social behaviour,,
495d99dedfea5f50c615900942b1c0cb06e77d0188fe97f62a61d560090a0b07,2014-08,Essex Police,Essex Police,0.821039,51.626940,On or near Orchard Road,E01021879,Maldon 008D,Burglary,Under investigation,
e4a4b1908fa008e0cdd95030ba37398c1c70c8e13474bc8ab0879d32c319471c,2014-08,Essex Police,Essex Police,0.815888,51.627298,On or near Brickwall Close,E01021879,Maldon 008D,Criminal damage and arson,Under investigation,
7d5022c1ab3136d417c7861d799f90222ae9c665fd4d731428c1fa3b75d75dd4,2014-08,Essex Police,Essex Police,0.820274,51.628344,On or near Arnheim Road,E01021879,Maldon 008D,Violence and sexual offences,Unable to prosecute suspect,
b62c1792fe4ac2f25d28473fce86458244b66ba70be30c502edb398b237db18e,2014-08,Essex Police,Essex Police,0.820274,51.628344,On or near Arnheim Road,E01021879,Maldon 008D,Violence and sexual offences,Under investigation,
,2014-08,Essex Police,Essex Police,0.818683,51.625297,On or near High Street,E01021880,Maldon 008E,Anti-social behaviour,,
453a8f721afdd3a498ef91a6f3c5f4e3d7ab8e398991b946cfb39c8405dbe6ec,2014-08,Essex Police,Essex Police,0.822149,51.624566,On or near Oyster Close,E01021880,Maldon 008E,Other theft,Investigation complete; no suspect identified,
4716e592a68e6aaf89e35c1fbef92b1644ba64f99db1e4e667785e36538acf42,2014-08,Essex Police,Essex Police,0.822149,51.624566,On or near Oyster Close,E01021880,Maldon 008E,Violence and sexual offences,Under investigation,
78ab61e3e841cc63076e63c9425b1a87c2c3b9f838861b7c59d5b6a69458d277,2014-08,Essex Police,Essex Police,0.819569,51.626526,On or near Providence,E01021880,Maldon 008E,Violence and sexual offences,Under investigation,
9bed7bbef314217bdf5dd46f5ec4054ed3df6eeda01d2e54b5cb83fcd9e61f54,2014-08,Essex Police,Essex Police,0.816309,51.631047,On or near Lilian Road,E01021881,Maldon 008F,Burglary,Under investigation,
724ea26d2df42bdfd16b44b5332b720fb736cefe1a10d64c00b4b27727e92ab3,2014-08,Essex Police,Essex Police,0.812118,51.629880,On or near Park Road,E01021881,Maldon 008F,Criminal damage and arson,Under investigation,
817bdf819360bf6a3b3935998801cff4ba9af612f8e909e1dacb80ce9d47fbd4,2014-08,Essex Police,Essex Police,0.813579,51.632237,On or near Falklands Road,E01021881,Maldon 008F,Vehicle crime,Under investigation,
270075a1e4c940aa71109e6ff41124020ab1e651ad2a39ff9880aaeb6c724140,2014-08,Essex Police,Essex Police,0.817594,51.630800,On or near New Road,E01021881,Maldon 008F,Violence and sexual offences,Under investigation,
,2014-08,Essex Police,Essex Police,0.803580,51.638358,On or near Meadow Way,E01033057,Maldon 008G,Anti-social behaviour,,
,2014-08,Essex Police,Essex Police,0.817573,51.636755,On or near Glendale Close,E01033057,Maldon 008G,Anti-social behaviour,,
73f0708c9aa0f032e9edaf724646ff07fc8d1a839319f3ed7081e3fa3bf61800,2014-08,Essex Police,Essex Police,0.791251,51.630594,On or near Park/Open Space,E01033057,Maldon 008G,Public order,Under investigation,
6fc1da3944aa36724cb0892da8c0da0449d12b4c1ddcb9a28ca78f52d37a9545,2014-08,Essex Police,Essex Police,0.814677,51.642733,On or near Cobbins Close,E01033057,Maldon 008G,Vehicle crime,Investigation complete; no suspect identified,
95446921aabb1a6225b94d669960a8fbb28991f756afc153bb240b81c94027de,2014-08,Essex Police,Essex Police,0.047133,51.616974,On or near Bradfords Close,E01003660,Redbridge 004D,Public order,Under investigation,
b41ce44b82c92d3ea925cc0934814de45370ca13e8d1a1b73bb1bd413c4718b2,2014-08,Essex Police,Essex Police,0.047133,51.616974,On or near Bradfords Close,E01003660,Redbridge 004D,Violence and sexual offences,Under investigation,
,2014-08,Essex Police,Essex Police,0.619032,51.629024,On or near Crouch Meadow,E01021942,Rochford 001A,Anti-social behaviour,,
,2014-08,Essex Police,Essex Police,0.612689,51.625001,On or near Rydal Close,E01021942,Rochford 001A,Anti-social behaviour,,
860bc5d46663be8ff743ca462dd800ddd38b06d280ec7bd0d2abbe753c6eb7cd,2014-08,Essex Police,Essex Police,0.619032,51.629024,On or near Crouch Meadow,E01021942,Rochford 001A,Criminal damage and arson,Under investigation,
77c0b3fbcc77be8117b5b64e31343330a9674dd2cc61a8135febb2c2954da965,2014-08,Essex Police,Essex Police,0.620981,51.629232,On or near Parking Area,E01021942,Rochford 001A,Criminal damage and arson,Under investigation,
97ab02594f6d202ee25b164517724f15af223c010aa88e40b547d5f9cef82a33,2014-08,Essex Police,Essex Police,0.620981,51.629232,On or near Parking Area,E01021942,Rochford 001A,Criminal damage and arson,Under investigation,
c1e51fb9da5f991f0ae7dcf6edb18874c2bae60b0c16a4dfeeada79953ed5c2d,2014-08,Essex Police,Essex Police,0.615465,51.623788,On or near Mayfield Avenue,E01021942,Rochford 001A,Violence and sexual offences,Under investigation,
5d81cb06074d9b365e05f0e2f3652d5d1f206e361599ab6b8e2108b7ea7dc389,2014-08,Essex Police,Essex Police,0.628769,51.630218,On or near Kingsmans Farm Road,E01021942,Rochford 001A,Violence and sexual offences,Under investigation,
,2014-08,Essex Police,Essex Police,0.607544,51.627508,On or near Alfreda Avenue,E01021943,Rochford 001B,Anti-social behaviour,,
,2014-08,Essex Police,Essex Police,0.611316,51.623746,On or near Ambleside Gardens,E01021943,Rochford 001B,Anti-social behaviour,,
,2014-08,Essex Police,Essex Police,0.607544,51.627508,On or near Alfreda Avenue,E01021943,Rochford 001B,Anti-social behaviour,,
,2014-08,Essex Police,Essex Police,0.613244,51.623361,On or near Ferry Road,E01021943,Rochford 001B,Anti-social behaviour,,
,2014-08,Essex Police,Essex Police,0.605590,51.625177,On or near West Avenue,E01021943,Rochford 001B,Anti-social behaviour,,
,2014-08,Essex Police,Essex Police,0.613244,51.623361,On or near Ferry Road,E01021943,Rochford 001B,Anti-social behaviour,,
,2014-08,Essex Police,Essex Police,0.611316,51.623746,On or near Ambleside Gardens,E01021943,Rochford 001B,Anti-social behaviour,,
13533747952d037a33a43358e8a2415ce2014b41c028204ac3cb62397bc4d5ad,2014-08,Essex Police,Essex Police,0.611262,51.621804,On or near Malyons Lane,E01021943,Rochford 001B,Criminal damage and arson,Under investigation,
e3fff0b0405ae61b8229b6f90234469da6676ab38fb141abca88209aedf7c5f9,2014-08,Essex Police,Essex Police,0.611262,51.621804,On or near Malyons Lane,E01021943,Rochford 001B,Criminal damage and arson,Under investigation,
03e73d9d0dedce9dd36f99b18c3277125fb0ca39de751bcfab8563b83f2bddac,2014-08,Essex Police,Essex Police,0.611262,51.621804,On or near Malyons Lane,E01021943,Rochford 001B,Criminal damage and arson,Under investigation,
175f2c4441ccea34cf7b2002e4dddb4cd7a5e269f0aa6dd80a0373747a69b352,2014-08,Essex Police,Essex Police,0.611262,51.621804,On or near Malyons Lane,E01021943,Rochford 001B,Criminal damage and arson,Under investigation,
6763ad2ea2d067f0ff5079f50e621cebb83c2c2fb50072e1313299918f6e4b8d,2014-08,Essex Police,Essex Police,0.612681,51.621845,On or near Supermarket,E01021943,Rochford 001B,Other theft,Investigation complete; no suspect identified,
7eb0b712d7997575032818fec47c96df4381ed00dafd0a0bd76b8a140e0eceab,2014-08,Essex Police,Essex Police,0.613244,51.623361,On or near Ferry Road,E01021943,Rochford 001B,Violence and sexual offences,Under investigation,
fe9bd60da50ad27ed9391f40900c50092c4f1deb94c73194ae147bfda612b62a,2014-08,Essex Police,Essex Police,0.606179,51.627646,On or near Creek View Avenue,E01021943,Rochford 001B,Violence and sexual offences,Under investigation,
bde19bbfa1534bc3404f5bb3e8b065d33a5524a2f37044619b5b5110804bdec1,2014-08,Essex Police,Essex Police,0.613244,51.623361,On or near Ferry Road,E01021943,Rochford 001B,Violence and sexual offences,Under investigation,
1142dd3784858a2e12a2dc9dac4d6ba1408e131354eb35d24360d59488f66cce,2014-08,Essex Police,Essex Police,0.613244,51.623361,On or near Ferry Road,E01021943,Rochford 001B,Violence and sexual offences,Under investigation,
4de57d9ef24ef8c5ab0edc6de1bf83b9f8ea4e7dbd7f2c96d731bc7d106af4b7,2014-08,Essex Police,Essex Police,0.613244,51.623361,On or near Ferry Road,E01021943,Rochford 001B,Violence and sexual offences,Under investigation,
,2014-08,Essex Police,Essex Police,0.620271,51.620677,On or near Burnham Road,E01021944,Rochford 001C,Anti-social behaviour,,
,2014-08,Essex Police,Essex Police,0.624577,51.616444,On or near First Avenue,E01021944,Rochford 001C,Anti-social behaviour,,
eb9a4dc9c6451a1151e910680f9236d246c3763f48981765635b7688e48bb8bc,2014-08,Essex Police,Essex Police,0.623797,51.617433,On or near Central Avenue,E01021944,Rochford 001C,Other theft,Investigation complete; no suspect identified,
,2014-08,Essex Police,Essex Police,0.616546,51.616956,On or near Petrol Station,E01021945,Rochford 001D,Anti-social behaviour,,
,2014-08,Essex Police,Essex Police,0.616732,51.622699,On or near Ashdene Close,E01021945,Rochford 001D,Anti-social behaviour,,
,2014-08,Essex Police,Essex Police,0.695375,51.601483,On or near Nansen Avenue,E01021914,Rochford 002A,Anti-social behaviour,,
,2014-08,Essex Police,Essex Police,0.695375,51.601483,On or near Nansen Avenue,E01021914,Rochford 002A,Anti-social behaviour,,
,2014-08,Essex Police,Essex Police,0.675870,51.611652,On or near Trinity Wood Road,E01021914,Rochford 002A,Anti-social behaviour,,
,2014-08,Essex Police,Essex Police,0.678898,51.631423,On or near St Thomas Road,E01021914,Rochford 002A,Anti-social behaviour,,
,2014-08,Essex Police,Essex Police,0.692313,51.608569,On or near Arnolds Way,E01021914,Rochford 002A,Anti-social behaviour,,
,2014-08,Essex Police,Essex Police,0.691853,51.607131,On or near Sports/Recreation Area,E01021914,Rochford 002A,Anti-social behaviour,,
,2014-08,Essex Police,Essex Police,0.697899,51.600211,On or near Golden Cross Mews,E01021914,Rochford 002A,Anti-social behaviour,,
,2014-08,Essex Police,Essex Police,0.695375,51.601483,On or near Nansen Avenue,E01021914,Rochford 002A,Anti-social behaviour,,
21941659d77cb3e1f695f37559d16193630f931cc8fcb76adaeb54570a289e58,2014-08,Essex Police,Essex Police,0.693969,51.605059,On or near Assandune Close,E01021914,Rochford 002A,Other theft,Investigation complete; no suspect identified,
c6d58478f8b4ca1d1f412d568317a06cb810256813f33f17e88d3a347945b221,2014-08,Essex Police,Essex Police,0.695375,51.601483,On or near Nansen Avenue,E01021914,Rochford 002A,Possession of weapons,Awaiting court outcome,
53b9a002fb772c1561ecc9c4577b418f2df846cacfbc20a69b99160cefa5b1f1,2014-08,Essex Police,Essex Police,0.690021,51.615241,On or near Lyndhurst Road,E01021914,Rochford 002A,Vehicle crime,Investigation complete; no suspect identified,
13308af292aae36fd33d5d9c115d0433734a71c922797a398ea44518937a36be,2014-08,Essex Police,Essex Police,0.695375,51.601483,On or near Nansen Avenue,E01021914,Rochford 002A,Vehicle crime,Awaiting court outcome,
7514f8cad1d6baec1a7fbb6fd53ecdb82211cd31664c5369b8e3a984871cacf5,2014-08,Essex Police,Essex Police,0.697941,51.601901,On or near Nelson Road,E01021914,Rochford 002A,Violence and sexual offences,Unable to prosecute suspect,
2abeee4cc6b3cb91d0aa60cf2e4e7d3980ecc6d492d6d365ceacabddf87aac40,2014-08,Essex Police,Essex Police,0.689724,51.602153,On or near Derbydale,E01021927,Rochford 002B,Vehicle crime,Investigation complete; no suspect identified,
a78210c1732b77fb851f629220cb93deb0d4b8f6bb38e7310f487f502cad5f81,2014-08,Essex Police,Essex Police,0.691027,51.604884,On or near Albert Close,E01021927,Rochford 002B,Violence and sexual offences,Under investigation,
,2014-08,Essex Police,Essex Police,0.684543,51.599528,On or near Lincoln Road,E01021928,Rochford 002C,Anti-social behaviour,,
f78c2ab5b090a1586c94b94240a7150bca4aa64c2378672ccac97deab2045f48,2014-08,Essex Police,Essex Police,0.674962,51.601870,On or near Sports/Recreation Area,E01021928,Rochford 002C,Burglary,Investigation complete; no suspect identified,
,2014-08,Essex Police,Essex Police,0.685063,51.605650,On or near York Road,E01021929,Rochford 002D,Anti-social behaviour,,
,2014-08,Essex Police,Essex Police,0.687513,51.608481,On or near Stanley Road,E01021929,Rochford 002D,Anti-social behaviour,,
955052a41915142dc9c3bdd6133866f8551a4944f12f815594800b20fab9c683,2014-08,Essex Police,Essex Police,0.688304,51.599874,On or near Rectory Avenue,E01021929,Rochford 002D,Other theft,Unable to prosecute suspect,
daf97345dcc09aabaa9317b52148b29e409afe22137a89116001fa4694a1f960,2014-08,Essex Police,Essex Police,0.686910,51.604142,On or near Albert Road,E01021929,Rochford 002D,Other theft,Investigation complete; no suspect identified,
f23a54d9c029fc7b4388b3a3a8bc572a5e60a3c0663709fbee53b3251e542473,2014-08,Essex Police,Essex Police,0.687609,51.607426,On or near Clifton Road,E01021929,Rochford 002D,Violence and sexual offences,Investigation complete; no suspect identified,
e1a6594b34fb370c52c016fab920fcf22eebfde5104732c88b945afd1a3b32f3,2014-08,Essex Police,Essex Police,0.688304,51.599874,On or near Rectory Avenue,E01021929,Rochford 002D,Violence and sexual offences,Unable to prosecute suspect,
,2014-08,Essex Police,Essex Police,0.699183,51.597268,On or near Hilary Close,E01021931,Rochford 002E,Anti-social behaviour,,
,2014-08,Essex Police,Essex Police,0.693478,51.597012,On or near The Laxtons,E01021931,Rochford 002E,Anti-social behaviour,,
,2014-08,Essex Police,Essex Police,0.699183,51.597268,On or near Hilary Close,E01021931,Rochford 002E,Anti-social behaviour,,
,2014-08,Essex Police,Essex Police,0.695750,51.596852,On or near Craven Close,E01021931,Rochford 002E,Anti-social behaviour,,
,2014-08,Essex Police,Essex Police,0.695750,51.596852,On or near Craven Close,E01021931,Rochford 002E,Anti-social behaviour,,
,2014-08,Essex Police,Essex Police,0.695750,51.596852,On or near Craven Close,E01021931,Rochford 002E,Anti-social behaviour,,
,2014-08,Essex Police,Essex Police,0.698160,51.597804,On or near Johnson Close,E01021931,Rochford 002E,Anti-social behaviour,,
,2014-08,Essex Police,Essex Police,0.698476,51.596547,On or near Spencer Gardens,E01021931,Rochford 002E,Anti-social behaviour,,
5e70d9f6464c3b27cd0e82567f08ff58fb4a67ae2309fa32bfefe5e9031bca00,2014-08,Essex Police,Essex Police,0.699183,51.597268,On or near Hilary Close,E01021931,Rochford 002E,Vehicle crime,Investigation complete; no suspect identified,
b324dc31d6ad7aabcbb6f5df278879acecbf12041cb187104692e2e66750c18c,2014-08,Essex Police,Essex Police,0.699071,51.596596,On or near Vaughan Close,E01021931,Rochford 002E,Violence and sexual offences,Under investigation,
,2014-08,Essex Police,Essex Police,0.665540,51.597084,On or near Welbeck Close,E01021933,Rochford 003A,Anti-social behaviour,,
f792e5a564bac57b5cba123c60c49ac21be88eb9754d58776bd685d42a5d3c2b,2014-08,Essex Police,Essex Police,0.673306,51.592851,On or near Royer Close,E01021933,Rochford 003A,Other theft,Investigation complete; no suspect identified,
b33dc0ae79c0f483994d9030bcbe7bbfd21598342bb7a541c3e3979c7f226262,2014-08,Essex Police,Essex Police,0.664900,51.593807,On or near Main Road,E01021933,Rochford 003A,Vehicle crime,Investigation complete; no suspect identified,
f729a81bcfb1dfbe71f3deaf53421241b9aca0d183f9f6f722aeb0d35d4a2a7d,2014-08,Essex Police,Essex Police,0.664742,51.595042,On or near Sudbury Close,E01021933,Rochford 003A,Violence and sexual offences,Under investigation,
0cd0084f9a53d7cf9916dcd74c7c9c71c8361e5ab29fd04375cea38d574a4e83,2014-08,Essex Police,Essex Police,0.664423,51.593799,On or near Brookside,E01021933,Rochford 003A,Violence and sexual offences,Awaiting court outcome,
1f7d5f80964aaea58fd190f952e7c63a455a8634fa2529c7609582413b717c92,2014-08,Essex Police,Essex Police,0.664423,51.593799,On or near Brookside,E01021933,Rochford 003A,Violence and sexual offences,Awaiting court outcome,
873437d8ba618536150c9e6d669d3e98e1d2d8f6bed17ae3d8617339299cee91,2014-08,Essex Police,Essex Police,0.664423,51.593799,On or near Brookside,E01021933,Rochford 003A,Violence and sexual offences,Awaiting court outcome,
,2014-08,Essex Police,Essex Police,0.666000,51.600985,On or near White Hart Lane,E01021934,Rochford 003B,Anti-social behaviour,,
,2014-08,Essex Police,Essex Police,0.664616,51.600297,On or near White Hart Lane,E01021934,Rochford 003B,Anti-social behaviour,,
f7a864a0cad5171dc8ac0d598b68fb2ba252b6639f7bac28a3ddf23b73ae62a2,2014-08,Essex Police,Essex Police,0.672278,51.597236,On or near Parking Area,E01021934,Rochford 003B,Violence and sexual offences,Investigation complete; no suspect identified,
,2014-08,Essex Police,Essex Police,0.668098,51.598357,On or near Heycroft Road,E01021935,Rochford 003C,Anti-social behaviour,,
5eca0eac295e47699c6edd108d066826e659eed7a048be6265adaf0ea003e2db,2014-08,Essex Police,Essex Police,0.662557,51.596936,On or near Hillside Avenue,E01021935,Rochford 003C,Vehicle crime,Investigation complete; no suspect identified,
,2014-08,Essex Police,Essex Police,0.663281,51.599941,On or near Kent Green Close,E01021936,Rochford 003D,Anti-social behaviour,,
,2014-08,Essex Police,Essex Police,0.663281,51.599941,On or near Kent Green Close,E01021936,Rochford 003D,Anti-social behaviour,,
,2014-08,Essex Police,Essex Police,0.662783,51.602039,On or near Hawkwell Road,E01021936,Rochford 003D,Anti-social behaviour,,
,2014-08,Essex Police,Essex Police,0.657346,51.604141,On or near Parking Area,E01021936,Rochford 003D,Anti-social behaviour,,
,2014-08,Essex Police,Essex Police,0.653910,51.602195,On or near Bramerton Road,E01021936,Rochford 003D,Anti-social behaviour,,
,2014-08,Essex Police,Essex Police,0.648852,51.605106,On or near Westminster Drive,E01021937,Rochford 003E,Anti-social behaviour,,
,2014-08,Essex Police,Essex Police,0.649816,51.600588,On or near Bullwood Road,E01021937,Rochford 003E,Anti-social behaviour,,
,2014-08,Essex Police,Essex Police,0.652142,51.603323,On or near Sudeley Gardens,E01021937,Rochford 003E,Anti-social behaviour,,
14c8ed52b4dd5b055ac4f3630ab03fdebdbabfc012daf22cd749095c9f3e91c1,2014-08,Essex Police,Essex Police,0.653197,51.601114,On or near Main Road,E01021937,Rochford 003E,Other theft,Under investigation,
e1b68d009d983fc6e15cfd348a5edb37de3861c63d98c554643c96cb866c5f97,2014-08,Essex Police,Essex Police,0.656214,51.602071,On or near Supermarket,E01021937,Rochford 003E,Shoplifting,Under investigation,
4d889d03a8d5b3ca1ed76b1cba43666ca0372e69d9e691bb9601f312759a9988,2014-08,Essex Police,Essex Police,0.657157,51.601411,On or near Meadow Way,E01021937,Rochford 003E,Shoplifting,Under investigation,
9e8e8a92c4fe204081aec4acce07d12459a9410f9bd080b20306a7e964589e55,2014-08,Essex Police,Essex Police,0.656214,51.602071,On or near Supermarket,E01021937,Rochford 003E,Shoplifting,Under investigation,
d0d0d14c15d7bcf45e014c1ee950b30eb0af9b019b2da9f4cb0ab77b7adc2ed1,2014-08,Essex Police,Essex Police,0.656214,51.602071,On or near Supermarket,E01021937,Rochford 003E,Shoplifting,Under investigation,
6c164c6daa2da73846b4fdee148d8ed8ecc075697eb7343d5c0a401f7a233140,2014-08,Essex Police,Essex Police,0.653197,51.601114,On or near Main Road,E01021937,Rochford 003E,Shoplifting,Under investigation,
e0827ba4fad57e76191f3106af9ccedc37da1d2dbf28e2c20758addcda27cddc,2014-08,Essex Police,Essex Police,0.656214,51.602071,On or near Supermarket,E01021937,Rochford 003E,Shoplifting,Under investigation,
6cdeadcf15cb2695727abbb510a755d3289acb352a45f6fb652a59cb0b9a29d5,2014-08,Essex Police,Essex Police,0.652142,51.603323,On or near Sudeley Gardens,E01021937,Rochford 003E,Violence and sexual offences,Awaiting court outcome,
caadade39b0260bcba43717fef97a7778c785c328ac2d31b844cd552d31ff691,2014-08,Essex Police,Essex Police,0.662192,51.604283,On or near Petrol Station,E01021938,Rochford 003F,Violence and sexual offences,Under investigation,
,2014-08,Essex Police,Essex Police,0.666584,51.604309,On or near Broadlands Avenue,E01021939,Rochford 003G,Anti-social behaviour,,
,2014-08,Essex Police,Essex Police,0.662670,51.604299,On or near Seddons Walk,E01021939,Rochford 003G,Anti-social behaviour,,
,2014-08,Essex Police,Essex Police,0.663010,51.604444,On or near Broad Parade,E01021939,Rochford 003G,Anti-social behaviour,,
,2014-08,Essex Police,Essex Police,0.663010,51.604444,On or near Broad Parade,E01021939,Rochford 003G,Anti-social behaviour,,
,2014-08,Essex Police,Essex Police,0.667809,51.605990,On or near Southview Road,E01021939,Rochford 003G,Anti-social behaviour,,
,2014-08,Essex Police,Essex Police,0.666196,51.603841,On or near Brinkworth Close,E01021939,Rochford 003G,Anti-social behaviour,,
,2014-08,Essex Police,Essex Police,0.664755,51.601931,On or near Pargetters Hyam,E01021939,Rochford 003G,Anti-social behaviour,,
be884b56622577d6e0c1b490c4f64a7ecd3390e9763e5ee3c7a6b25ac81ae689,2014-08,Essex Police,Essex Police,0.664755,51.601931,On or near Pargetters Hyam,E01021939,Rochford 003G,Violence and sexual offences,Under investigation,
bf5a8cfb993af930bace3c0bd953181e6f7b0907a8d7162251647a48d436e431,2014-08,Essex Police,Essex Police,0.663671,51.605616,On or near Greensward Lane,E01021939,Rochford 003G,Violence and sexual offences,Under investigation,
,2014-08,Essex Police,Essex Police,0.661202,51.612291,On or near Etheldore Avenue,E01021940,Rochford 003H,Anti-social behaviour,,
,2014-08,Essex Police,Essex Police,0.660989,51.610129,On or near Peach Avenue,E01021940,Rochford 003H,Anti-social behaviour,,
,2014-08,Essex Police,Essex Police,0.666929,51.610686,On or near Malvern Road,E01021940,Rochford 003H,Anti-social behaviour,,
,2014-08,Essex Police,Essex Police,0.657802,51.610471,On or near Plumberow Mount Avenue,E01021940,Rochford 003H,Anti-social behaviour,,
10cbd1849123df5f7284753608167ee4728d33b97e052a6e195e5384bd08c5d8,2014-08,Essex Police,Essex Police,0.669278,51.609850,On or near Harrogate Drive,E01021940,Rochford 003H,Criminal damage and arson,Under investigation,
af701b96cbff8b987cf6427e62339b830a77954da888f4c79706e93d3550bfcd,2014-08,Essex Police,Essex Police,0.661153,51.613435,On or near Wood Avenue,E01021940,Rochford 003H,Violence and sexual offences,Under investigation,
eb8bc22ededd3c0f2d2b4ce302517ec624609f9f60f2465a9855e9bcfcf3c5ec,2014-08,Essex Police,Essex Police,0.666929,51.610686,On or near Malvern Road,E01021940,Rochford 003H,Violence and sexual offences,Under investigation,
,2014-08,Essex Police,Essex Police,0.639154,51.602249,On or near Sunnyfield Gardens,E01021941,Rochford 003I,Anti-social behaviour,,
,2014-08,Essex Police,Essex Police,0.636239,51.600048,On or near Hillside Road,E01021941,Rochford 003I,Anti-social behaviour,,
cbb982eef60da2012816f6eaf10306c8849015659d17461ee35951fcf03a777d,2014-08,Essex Police,Essex Police,0.634886,51.599377,On or near Woodside Road,E01021941,Rochford 003I,Burglary,Investigation complete; no suspect identified,
e3965fc0bdfc9dd76368a356d2708ec34305e389e55a854a59b06394e089f571,2014-08,Essex Police,Essex Police,0.641738,51.600995,On or near Alderman'S Hill,E01021941,Rochford 003I,Other theft,Investigation complete; no suspect identified,
ebabadcfe79ab643723eefa263a898444b749b383b3a5d60dcf0da068b857afc,2014-08,Essex Police,Essex Police,0.631468,51.599202,On or near High Road,E01021941,Rochford 003I,Violence and sexual offences,Under investigation,
fc999e8e368ed34dd98bdae78bb72a98eafeace0b0eee399b1c5922ff60b09dd,2014-08,Essex Police,Essex Police,0.637783,51.602514,On or near Gay Bowers,E01021941,Rochford 003I,Violence and sexual offences,Unable to prosecute suspect,
,2014-08,Essex Police,Essex Police,0.784413,51.598702,On or near Paglesham Road,E01021915,Rochford 004A,Anti-social behaviour,,
,2014-08,Essex Police,Essex Police,0.716881,51.618939,On or near Pudsey Hall Lane,E01021915,Rochford 004A,Anti-social behaviour,,
,2014-08,Essex Police,Essex Police,0.784413,51.598702,On or near Paglesham Road,E01021915,Rochford 004A,Anti-social behaviour,,
60956510d98b2874f2e9b06f12ecff0c8766904755b39fe72ffd336ccacd4be0,2014-08,Essex Police,Essex Police,0.736949,51.587975,On or near Sports/Recreation Area,E01021915,Rochford 004A,Criminal damage and arson,Investigation complete; no suspect identified,
582ea8dd9a3bc89f4e578d54d24e9ad6698e2686ac231ea7d77b500627d9418d,2014-08,Essex Police,Essex Police,0.736949,51.587975,On or near Sports/Recreation Area,E01021915,Rochford 004A,Criminal damage and arson,Under investigation,
ac8735dd5ca5dbfefe90708d8ce314e20cc1543d5b26b0b30b5ba52fcc2c51f9,2014-08,Essex Police,Essex Police,0.741125,51.593058,On or near Ash Tree Court,E01021915,Rochford 004A,Drugs,Offender given a drugs possession warning,
c4f9fe3c236c92a6bb5a2a51936b1b8990f1db1918cb3c19ac780f1b50546dc5,2014-08,Essex Police,Essex Police,0.741125,51.593058,On or near Ash Tree Court,E01021915,Rochford 004A,Drugs,Offender given a drugs possession warning,
239eff434bedbc22d95c158a41650d7c47cad87cd8bbbb96e6e973f43e892c1a,2014-08,Essex Police,Essex Police,0.741125,51.593058,On or near Ash Tree Court,E01021915,Rochford 004A,Drugs,Offender given a drugs possession warning,
92fc5c2fbd2e841499dedbd70e651c2f7c7398d22f9c148a2cc9a5884e3d5828,2014-08,Essex Police,Essex Police,0.736768,51.608017,On or near Scotts Hall Road,E01021915,Rochford 004A,Vehicle crime,Investigation complete; no suspect identified,
01b5d90ad97608ed4bb38e7a7e98a5984404d9507955ba7c3c1124a191bc379b,2014-08,Essex Police,Essex Police,0.736949,51.587975,On or near Sports/Recreation Area,E01021915,Rochford 004A,Violence and sexual offences,Under investigation,
b0eb1e28439b5b9f7a2f20a0c8060379401dd0e74a017dff5fb0ad3f9ce755a3,2014-08,Essex Police,Essex Police,0.784413,51.598702,On or near Paglesham Road,E01021915,Rochford 004A,Violence and sexual offences,Under investigation,
a7c925ca816500d26603c2697b5434c4d6b6890df6d79603275d12319f0612de,2014-08,Essex Police,Essex Police,0.722694,51.615638,On or near Lark Hill Road,E01021915,Rochford 004A,Violence and sexual offences,Under investigation,
7c48045755f141b932e0809c86c2e20fb4e95800347494912c31ae789874c91c,2014-08,Essex Police,Essex Police,0.741224,51.618678,On or near Butts Paddock,E01021916,Rochford 004B,Criminal damage and arson,Under investigation,
,2014-08,Essex Police,Essex Police,0.702850,51.588756,On or near Percy Cottis Road,E01021953,Rochford 004C,Anti-social behaviour,,
,2014-08,Essex Police,Essex Police,0.704260,51.588904,On or near Tylney Avenue,E01021953,Rochford 004C,Anti-social behaviour,,
,2014-08,Essex Police,Essex Police,0.707741,51.586269,On or near St Mark'S Field,E01021953,Rochford 004C,Anti-social behaviour,,
,2014-08,Essex Police,Essex Police,0.707741,51.586269,On or near St Mark'S Field,E01021953,Rochford 004C,Anti-social behaviour,,
,2014-08,Essex Police,Essex Police,0.708174,51.587968,On or near St Clare Meadow,E01021953,Rochford 004C,Anti-social behaviour,,
,2014-08,Essex Police,Essex Police,0.702963,51.589914,On or near Rochford Garden Way,E01021953,Rochford 004C,Anti-social behaviour,,
,2014-08,Essex Police,Essex Police,0.702963,51.589914,On or near Rochford Garden Way,E01021953,Rochford 004C,Anti-social behaviour,,
,2014-08,Essex Police,Essex Police,0.707741,51.586269,On or near St Mark'S Field,E01021953,Rochford 004C,Anti-social behaviour,,
c4a1b4829cb14782c7364478c8b0cb672299ae2b82a3d2eb33a48c967ddafb7c,2014-08,Essex Police,Essex Police,0.708174,51.587968,On or near St Clare Meadow,E01021953,Rochford 004C,Criminal damage and arson,Investigation complete; no suspect identified,
3f056b2cba0b26e4d2e6400ff634b3023a7c4b91e2588c0617f711ca5c1e9ae3,2014-08,Essex Police,Essex Police,0.704260,51.588904,On or near Tylney Avenue,E01021953,Rochford 004C,Possession of weapons,Under investigation,
177db7b27a8d61c119dc68a738743f63c786628f53bd8bf3143f5bf8135dd4fb,2014-08,Essex Police,Essex Police,0.708174,51.587968,On or near St Clare Meadow,E01021953,Rochford 004C,Public order,Unable to prosecute suspect,
1cc0ca359a38fc9eaf16da64aa1e233741f353f9e30038608ba83cb9b1e87e17,2014-08,Essex Police,Essex Police,0.708174,51.587968,On or near St Clare Meadow,E01021953,Rochford 004C,Robbery,Under investigation,
fbe204ea57a349a1bdb464858eefb509df2af84815f97c11d071764afc212d3c,2014-08,Essex Police,Essex Police,0.708174,51.587968,On or near St Clare Meadow,E01021953,Rochford 004C,Vehicle crime,Investigation complete; no suspect identified,
4e371af83a72227c2255015d904f848000938b8cc07864018b810da48436f92b,2014-08,Essex Police,Essex Police,0.708174,51.587968,On or near St Clare Meadow,E01021953,Rochford 004C,Violence and sexual offences,Under investigation,
,2014-08,Essex Police,Essex Police,0.702830,51.585987,On or near Dalys Road,E01021955,Rochford 004D,Anti-social behaviour,,
,2014-08,Essex Police,Essex Police,0.705700,51.582035,On or near Back Lane,E01021955,Rochford 004D,Anti-social behaviour,,
,2014-08,Essex Police,Essex Police,0.708784,51.581712,On or near Lever Lane,E01021955,Rochford 004D,Anti-social behaviour,,
d3a7c6a333c00d3176104f0f9f405856697c2e78b933239565f95d6e99009ea3,2014-08,Essex Police,Essex Police,0.706187,51.583436,On or near Roche Close,E01021955,Rochford 004D,Criminal damage and arson,Investigation complete; no suspect identified,
b0b3e8cc5a0f03bdc471be2ea683d7923d778d0ec972845779a299e12578194f,2014-08,Essex Police,Essex Police,0.704284,51.582266,On or near West Street,E01021955,Rochford 004D,Criminal damage and arson,Investigation complete; no suspect identified,
81cf9d0bf45e40c8d680ce04fb669b13af85feb8405ee5effc3afbb577094885,2014-08,Essex Police,Essex Police,0.707721,51.582771,On or near Old Ship Lane,E01021955,Rochford 004D,Criminal damage and arson,Under investigation,
ea83442b40fdf6a42ba4f8fc364b183f38fcebf03e4cda0ceccc80e8b732154c,2014-08,Essex Police,Essex Police,0.706187,51.583436,On or near Roche Close,E01021955,Rochford 004D,Drugs,Under investigation,
ab91bc202c7c46b9964f9521bad4e7107875e15e1179580e8dcc8db6744c3785,2014-08,Essex Police,Essex Police,0.706187,51.583436,On or near Roche Close,E01021955,Rochford 004D,Shoplifting,Offender sent to prison,
bc910e4766613030b6042e5dc4794e9b201d7bc4ee92a73673733ddd1b72b183,2014-08,Essex Police,Essex Police,0.706187,51.583436,On or near Roche Close,E01021955,Rochford 004D,Shoplifting,Under investigation,
b692bb2c1a5918c40a4d2350f920bc0c33fa13fc4b26fb64cba8c55ed01611f9,2014-08,Essex Police,Essex Police,0.705700,51.582035,On or near Back Lane,E01021955,Rochford 004D,Theft from the person,Investigation complete; no suspect identified,
b7f603ad8e55ddfbe2a1988a9bfe46f0c90b2621974b1f22d90ae70b269a27bb,2014-08,Essex Police,Essex Police,0.704937,51.584760,On or near Pollards Close,E01021955,Rochford 004D,Violence and sexual offences,Unable to prosecute suspect,
2e5bf0c72f7fc648cc3ac0ff09ba75455a2d5545eb624c61cf71014375807967,2014-08,Essex Police,Essex Police,0.704937,51.584760,On or near Pollards Close,E01021955,Rochford 004D,Violence and sexual offences,Under investigation,
353607ce40778b3a812183c1383d5e645b414349c82131e1f41927c2bba4e312,2014-08,Essex Police,Essex Police,0.704937,51.584760,On or near Pollards Close,E01021955,Rochford 004D,Violence and sexual offences,Unable to prosecute suspect,
4574b49dca0c8a945a99f3c24b85379635051c60058dc7f995916a2eb9ce4570,2014-08,Essex Police,Essex Police,0.704284,51.582266,On or near West Street,E01021955,Rochford 004D,Violence and sexual offences,Under investigation,
336dbea575aed49a5768a2feba48427690ccb2932bc4cc87aa5bb30d32c93f99,2014-08,Essex Police,Essex Police,0.705700,51.582035,On or near Back Lane,E01021955,Rochford 004D,Violence and sexual offences,Unable to prosecute suspect,
640c6b582d24d3a8ff846dc03bad6a97f4bad2fff70f971d7d90505cff9fb973,2014-08,Essex Police,Essex Police,0.706187,51.583436,On or near Roche Close,E01021955,Rochford 004D,Violence and sexual offences,Under investigation,
9008d5e302b0aa311fa914429bd56db8ad3a740636cbf0c09b29304896bbd19e,2014-08,Essex Police,Essex Police,0.704937,51.584760,On or near Pollards Close,E01021955,Rochford 004D,Violence and sexual offences,Under investigation,
,2014-08,Essex Police,Essex Police,0.602603,51.598245,On or near Canterbury Close,E01021918,Rochford 005A,Anti-social behaviour,,
,2014-08,Essex Police,Essex Police,0.601387,51.602993,On or near Kelso Close,E01021918,Rochford 005A,Anti-social behaviour,,
83f40a7b39a327396a9c81a1bcd203f4f64d3d60efe29763c75526d5d13dac62,2014-08,Essex Police,Essex Police,0.605070,51.599971,On or near Durham Way,E01021918,Rochford 005A,Violence and sexual offences,Under investigation,
,2014-08,Essex Police,Essex Police,0.608687,51.601338,On or near Lubbards Close,E01021919,Rochford 005B,Anti-social behaviour,,
a25fa326df865a33fe63145e522c8ad94b068e84a11ce66d94d800b8895ea5ce,2014-08,Essex Police,Essex Police,0.609630,51.599411,On or near Paignton Close,E01021919,Rochford 005B,Violence and sexual offences,Under investigation,
f6816a495b1fc89c939adc5ffc2a47a65be53cc9efe93dc26ed7047893b9d4af,2014-08,Essex Police,Essex Police,0.600302,51.589806,On or near The Approach,E01021925,Rochford 005C,Vehicle crime,Under investigation,
,2014-08,Essex Police,Essex Police,0.619031,51.594381,On or near The Chestnuts,E01021960,Rochford 005D,Anti-social behaviour,,
18db8674460236c43fc368edc037f13d68b037e675918456a2ae6ec503df7818,2014-08,Essex Police,Essex Police,0.620667,51.588696,On or near Bus/Coach Station,E01021960,Rochford 005D,Burglary,Investigation complete; no suspect identified,
,2014-08,Essex Police,Essex Police,0.616531,51.591343,On or near Victoria Road,E01021961,Rochford 005E,Anti-social behaviour,,
0c8ef0bc1788c2834986093e63a16a733b1f2deccce70ba462dba401ef7e8c41,2014-08,Essex Police,Essex Police,0.613732,51.592619,On or near Hockley Road,E01021961,Rochford 005E,Public order,Unable to prosecute suspect,
,2014-08,Essex Police,Essex Police,0.593788,51.603962,On or near Rowan Close,E01021920,Rochford 006A,Anti-social behaviour,,
,2014-08,Essex Police,Essex Police,0.596881,51.602994,On or near Priory Chase,E01021920,Rochford 006A,Anti-social behaviour,,
,2014-08,Essex Police,Essex Police,0.575173,51.598868,On or near London Road,E01021920,Rochford 006A,Anti-social behaviour,,
,2014-08,Essex Police,Essex Police,0.596881,51.602994,On or near Priory Chase,E01021920,Rochford 006A,Anti-social behaviour,,
,2014-08,Essex Police,Essex Police,0.596430,51.603175,On or near Temple Way,E01021920,Rochford 006A,Anti-social behaviour,,
,2014-08,Essex Police,Essex Police,0.555911,51.599172,On or near Doublegate Lane,E01021920,Rochford 006A,Anti-social behaviour,,
,2014-08,Essex Police,Essex Police,0.573564,51.595963,On or near Beke Hall Chase South,E01021920,Rochford 006A,Anti-social behaviour,,
93d520b1fda8f2bcf482f9fbd66a9a84fff5459cd1b2d75afca7dae270d90ae7,2014-08,Essex Police,Essex Police,0.593788,51.603962,On or near Rowan Close,E01021920,Rochford 006A,Bicycle theft,Under investigation,
0b11987acfd55d8fc04de46be762c251564f7e0df4e507b2c7247d77385df350,2014-08,Essex Police,Essex Police,0.596881,51.602994,On or near Priory Chase,E01021920,Rochford 006A,Shoplifting,Offender given suspended prison sentence,
bc894530b31fbc9928ad7722a0fb8e149c6829e58a37176a64c86f8a92037560,2014-08,Essex Police,Essex Police,0.596881,51.602994,On or near Priory Chase,E01021920,Rochford 006A,Shoplifting,Offender given penalty notice,
39245beda431f99497ae24a03866c7b93945d7e77b53da7a26e79c96459c8270,2014-08,Essex Police,Essex Police,0.596881,51.602994,On or near Priory Chase,E01021920,Rochford 006A,Shoplifting,Under investigation,
3a0a9741f3167d0b87c74b71bca5b3d7c287f5b59beb4047577428d2d40a0464,2014-08,Essex Police,Essex Police,0.596881,51.602994,On or near Priory Chase,E01021920,Rochford 006A,Shoplifting,Under investigation,
a5336f2a53b340b41a94735c72d98b84bfa67e653ff4599878f7cae6ff141baa,2014-08,Essex Police,Essex Police,0.596881,51.602994,On or near Priory Chase,E01021920,Rochford 006A,Shoplifting,Under investigation,
9109e489910fed108371791271d23f00b484ca8418c157eca9ec138bd38216e1,2014-08,Essex Police,Essex Police,0.566232,51.603956,On or near Old London Road,E01021920,Rochford 006A,Vehicle crime,Investigation complete; no suspect identified,
b8fe86007471f445b9472c823a4a75f8d64a4e7bf28c865cf7042f10c4bc502a,2014-08,Essex Police,Essex Police,0.566232,51.603956,On or near Old London Road,E01021920,Rochford 006A,Vehicle crime,Investigation complete; no suspect identified,
7fe66cf6c041101639f5a73760544703b064a74e58a301da2da6c9a11803e2a4,2014-08,Essex Police,Essex Police,0.596881,51.602994,On or near Priory Chase,E01021920,Rochford 006A,Violence and sexual offences,Investigation complete; no suspect identified,
7085a955aae094df98bb69e9604e77c972c236a029512bfccb1fec42fb18556c,2014-08,Essex Police,Essex Police,0.596881,51.602994,On or near Priory Chase,E01021920,Rochford 006A,Violence and sexual offences,Under investigation,
2ee58dbe0789655c494f713ccef6e85eec1722174446d0a12bcffcf6b82edf36,2014-08,Essex Police,Essex Police,0.603873,51.599485,On or near Harberts Way,E01021920,Rochford 006A,Violence and sexual offences,Awaiting court outcome,
,2014-08,Essex Police,Essex Police,0.592640,51.589139,On or near Heron Gardens,E01021926,Rochford 006B,Anti-social behaviour,,
c6f1cb49952f533ab2f8d867d776c10b8980c74610b01d896f5aac9945942842,2014-08,Essex Police,Essex Police,0.593556,51.594308,On or near London Road,E01021926,Rochford 006B,Shoplifting,Under investigation,
eaa4f6649132296f772356d6923593ce376b1e170972f61ac0992102abf4871f,2014-08,Essex Police,Essex Police,0.592388,51.590548,On or near Kingfisher Crescent,E01021926,Rochford 006B,Vehicle crime,Investigation complete; no suspect identified,
c24a8ad0bc447a77a5596541ac278e9b505dbe86a0852ac1a1074170e43d3f0e,2014-08,Essex Police,Essex Police,0.592732,51.591008,On or near Falcon Close,E01021926,Rochford 006B,Other crime,Under investigation,
,2014-08,Essex Police,Essex Police,0.590470,51.591346,On or near Elsenham Court,E01021957,Rochford 006C,Anti-social behaviour,,
,2014-08,Essex Police,Essex Police,0.590470,51.591346,On or near Elsenham Court,E01021957,Rochford 006C,Anti-social behaviour,,
,2014-08,Essex Police,Essex Police,0.590470,51.591346,On or near Elsenham Court,E01021957,Rochford 006C,Anti-social behaviour,,
,2014-08,Essex Police,Essex Police,0.590470,51.591346,On or near Elsenham Court,E01021957,Rochford 006C,Anti-social behaviour,,
,2014-08,Essex Police,Essex Police,0.590470,51.591346,On or near Elsenham Court,E01021957,Rochford 006C,Anti-social behaviour,,
,2014-08,Essex Police,Essex Police,0.590470,51.591346,On or near Elsenham Court,E01021957,Rochford 006C,Anti-social behaviour,,
,2014-08,Essex Police,Essex Police,0.590486,51.592137,On or near Clavering Court,E01021957,Rochford 006C,Anti-social behaviour,,
,2014-08,Essex Police,Essex Police,0.590470,51.591346,On or near Elsenham Court,E01021957,Rochford 006C,Anti-social behaviour,,
b76c32642a41af86b3cc7e684aca89e6d14f984c0d62c0969e0e4d6082aab02a,2014-08,Essex Police,Essex Police,0.590470,51.591346,On or near Elsenham Court,E01021957,Rochford 006C,Burglary,Investigation complete; no suspect identified,
7b10a1e6a2ac940ba543c6015cab297499c158a6cb0529b0f395990dc07efe6c,2014-08,Essex Police,Essex Police,0.590486,51.592137,On or near Clavering Court,E01021957,Rochford 006C,Public order,Under investigation,
83e9acec06127c2ba863ef317f4e42f31c2ce8b92f8c506d4c4801f06dc4c706,2014-08,Essex Police,Essex Police,0.590750,51.595755,On or near Hartford Close,E01021957,Rochford 006C,Violence and sexual offences,Under investigation,
008697e828557ebebb1fc4db894faa93e1391f9fe3a9409c12051500462fb8b0,2014-08,Essex Police,Essex Police,0.587820,51.590945,On or near Rettendon Close,E01021957,Rochford 006C,Violence and sexual offences,Under investigation,
d82e5e03f56faf07216c5be47b294cf6f434923b739df788d07c65c043f90827,2014-08,Essex Police,Essex Police,0.590470,51.591346,On or near Elsenham Court,E01021957,Rochford 006C,Violence and sexual offences,Under investigation,
d91eb0992676ff015dbe39373c7eb70e7efbeb7f1e61ed346a2819e76989eb24,2014-08,Essex Police,Essex Police,0.590750,51.595755,On or near Hartford Close,E01021957,Rochford 006C,Violence and sexual offences,Investigation complete; no suspect identified,
,2014-08,Essex Police,Essex Police,0.585234,51.592702,On or near Gosfield Close,E01021958,Rochford 006D,Anti-social behaviour,,
a3b1bf9820cd827a79dde32c5b24d3032d961eafdb632d3b566e48b849acdc90,2014-08,Essex Police,Essex Police,0.585713,51.595803,On or near Petrol Station,E01021958,Rochford 006D,Other theft,Under investigation,
950f705d2febcf5f2871c6784e6be9b1ec5918b0a9dd1a7e34bb0501d520f8c8,2014-08,Essex Police,Essex Police,0.584370,51.594529,On or near Little Wheatley Chase,E01021958,Rochford 006D,Violence and sexual offences,Investigation complete; no suspect identified,
,2014-08,Essex Police,Essex Police,0.590447,51.597282,On or near Boston Avenue,E01021959,Rochford 006E,Anti-social behaviour,,
,2014-08,Essex Police,Essex Police,0.592794,51.597671,On or near Belgrave Close,E01021959,Rochford 006E,Anti-social behaviour,,
,2014-08,Essex Police,Essex Police,0.596057,51.595134,On or near Pearsons Avenue,E01021959,Rochford 006E,Anti-social behaviour,,
,2014-08,Essex Police,Essex Police,0.699327,51.586319,On or near Roche Avenue,E01021930,Rochford 007A,Anti-social behaviour,,
,2014-08,Essex Police,Essex Police,0.699327,51.586319,On or near Roche Avenue,E01021930,Rochford 007A,Anti-social behaviour,,
779e5db6613a39dd9609e59869e0bfbcd3b120f10665fe1b920c3bdaf59553ae,2014-08,Essex Police,Essex Police,0.693951,51.590364,On or near Parklands,E01021930,Rochford 007A,Burglary,Investigation complete; no suspect identified,
8f0938d926cbe6d8bd5fe2458c9e69c052ca2bcc7118099b87e91859bc15c9c5,2014-08,Essex Police,Essex Police,0.697954,51.589445,On or near Meesons Mead,E01021930,Rochford 007A,Violence and sexual offences,Awaiting court outcome,
a2820dbcde6ce23981e26a59f82c07ac75a33b59485c7a196f76811858a3f94b,2014-08,Essex Police,Essex Police,0.697899,51.589743,On or near The Dales,E01021930,Rochford 007A,Violence and sexual offences,Unable to prosecute suspect,
54381ec0e2fc9323e1cf5d6a999bbfb690ca72c0fc55fbc0aa69002f3baa2b1d,2014-08,Essex Police,Essex Police,0.696790,51.588572,On or near Lesney Gardens,E01021930,Rochford 007A,Other crime,Under investigation,
,2014-08,Essex Police,Essex Police,0.696459,51.596152,On or near Supermarket,E01021932,Rochford 007B,Anti-social behaviour,,
,2014-08,Essex Police,Essex Police,0.696459,51.596152,On or near Supermarket,E01021932,Rochford 007B,Anti-social behaviour,,
,2014-08,Essex Police,Essex Police,0.696459,51.596152,On or near Supermarket,E01021932,Rochford 007B,Anti-social behaviour,,
,2014-08,Essex Police,Essex Police,0.696459,51.596152,On or near Supermarket,E01021932,Rochford 007B,Anti-social behaviour,,
,2014-08,Essex Police,Essex Police,0.696459,51.596152,On or near Supermarket,E01021932,Rochford 007B,Anti-social behaviour,,
,2014-08,Essex Police,Essex Police,0.696459,51.596152,On or near Supermarket,E01021932,Rochford 007B,Anti-social behaviour,,
bc9fcd6e03bed1e8bbc67adbf9dd1d725b8ea145ab38dc85d29a6c0c215a863d,2014-08,Essex Police,Essex Police,0.696459,51.596152,On or near Supermarket,E01021932,Rochford 007B,Shoplifting,Offender sent to prison,
057378785004e08dc286f5465fe22c4d24db250d89829eb9882ba7c7a3e31cd1,2014-08,Essex Police,Essex Police,0.696459,51.596152,On or near Supermarket,E01021932,Rochford 007B,Shoplifting,Offender sent to prison,
716bea99dea28e77e353d07d8263f6bff62827194a30680da15b60815ea18d5e,2014-08,Essex Police,Essex Police,0.696459,51.596152,On or near Supermarket,E01021932,Rochford 007B,Shoplifting,Under investigation,
6a2d9761ec424bc0ef233438c68774bb384a76082b2ded5b307a42471f385f0f,2014-08,Essex Police,Essex Police,0.712697,51.582944,On or near Rocheway,E01021952,Rochford 007C,Criminal damage and arson,Under investigation,
,2014-08,Essex Police,Essex Police,0.703897,51.582554,On or near Union Lane,E01021954,Rochford 007D,Anti-social behaviour,,
,2014-08,Essex Police,Essex Police,0.702585,51.582827,On or near Petrol Station,E01021954,Rochford 007D,Anti-social behaviour,,
,2014-08,Essex Police,Essex Police,0.702585,51.582827,On or near Petrol Station,E01021954,Rochford 007D,Anti-social behaviour,,
,2014-08,Essex Police,Essex Police,0.701742,51.585652,On or near Heritage Way,E01021954,Rochford 007D,Anti-social behaviour,,
,2014-08,Essex Police,Essex Police,0.699288,51.583226,On or near St Andrew'S Road,E01021954,Rochford 007D,Anti-social behaviour,,
,2014-08,Essex Police,Essex Police,0.702585,51.582827,On or near Petrol Station,E01021954,Rochford 007D,Anti-social behaviour,,
,2014-08,Essex Police,Essex Police,0.702585,51.582827,On or near Petrol Station,E01021954,Rochford 007D,Anti-social behaviour,,
,2014-08,Essex Police,Essex Police,0.706305,51.588830,On or near The Boulevard,E01021954,Rochford 007D,Anti-social behaviour,,
070489e210273edd8a09e49917974da3043bb9df73d7b37b3b6dfb4197911862,2014-08,Essex Police,Essex Police,0.703897,51.582554,On or near Union Lane,E01021954,Rochford 007D,Bicycle theft,Investigation complete; no suspect identified,
526c2a7e2a4e5fb80f68bd8fdf49058287be13a87c02623fd5c2958c8d8a9a94,2014-08,Essex Police,Essex Police,0.697782,51.583378,On or near Oak Road,E01021954,Rochford 007D,Burglary,Under investigation,
2ae6ac6d93397dacf9c5ec21498e08b632c072f3c7239388678e3c2047f539eb,2014-08,Essex Police,Essex Police,0.702585,51.582827,On or near Petrol Station,E01021954,Rochford 007D,Criminal damage and arson,Under investigation,
35f796eadb8528e89de43e299d9b9c0868bfa7b0cf6c5a6430ca3b6d4cfe54a4,2014-08,Essex Police,Essex Police,0.702585,51.582827,On or near Petrol Station,E01021954,Rochford 007D,Criminal damage and arson,Investigation complete; no suspect identified,
27693ef068eaea74708c65e31dbb7037f5e74a351a597ea51820ad096dd6b6e3,2014-08,Essex Police,Essex Police,0.703897,51.582554,On or near Union Lane,E01021954,Rochford 007D,Criminal damage and arson,Unable to prosecute suspect,
e69d8e2ecc579f265e1203e2b811b194b6a3b56587a93fdfe1323ebb0b345ecb,2014-08,Essex Police,Essex Police,0.677686,51.570843,On or near Petrol Station,E01021954,Rochford 007D,Other theft,Under investigation,
d46e2d0b46a01b187bcb21c62a6dd6b5be87e168d9392dce82802d36f4694709,2014-08,Essex Police,Essex Police,0.709730,51.585963,On or near Sports/Recreation Area,E01021954,Rochford 007D,Other theft,Investigation complete; no suspect identified,
972696cbf3be149e652f0ddcdc0a86457fcb4b6f315ec7103e956d68fb86a41c,2014-08,Essex Police,Essex Police,0.703075,51.587186,On or near Somerset Avenue,E01021954,Rochford 007D,Public order,Local resolution,
bab710f2138c604a13a46ddd90973725e75dd3bb48d77bab97076aaffedf2926,2014-08,Essex Police,Essex Police,0.703897,51.582554,On or near Union Lane,E01021954,Rochford 007D,Shoplifting,Under investigation,
4371a997b6a1fc627ba9bd6c2e1ecd288cf1248e1ad8f3ffe80c2a9a8710b086,2014-08,Essex Police,Essex Police,0.703897,51.582554,On or near Union Lane,E01021954,Rochford 007D,Shoplifting,Under investigation,
5f1ac1c7572d374d46c6013b6fec4e80241800c89c584ab8699e1e5931a4d86c,2014-08,Essex Police,Essex Police,0.703897,51.582554,On or near Union Lane,E01021954,Rochford 007D,Shoplifting,Offender sent to prison,
1c04349d2eb489ab880826e1f5fd06c56c558b94aa5763141010ecfb25c8ee23,2014-08,Essex Police,Essex Police,0.703897,51.582554,On or near Union Lane,E01021954,Rochford 007D,Shoplifting,Under investigation,
db81cac2959fb9c723d519f708a001da4b75068ebaf534be6c9462e5a8b0ec48,2014-08,Essex Police,Essex Police,0.703897,51.582554,On or near Union Lane,E01021954,Rochford 007D,Shoplifting,Under investigation,
f05c2f96d4bfab93cc1d56453a34c33f2855e912ae5724bfd4e3abdfed19ba53,2014-08,Essex Police,Essex Police,0.673513,51.584338,On or near Hall Road,E01021954,Rochford 007D,Vehicle crime,Investigation complete; no suspect identified,
2db648dda4c2724f63d17e13dfc61c0a7b37dd5a79f001b759ec07dd0dcf09ab,2014-08,Essex Police,Essex Police,0.673513,51.584338,On or near Hall Road,E01021954,Rochford 007D,Violence and sexual offences,Under investigation,
e5a304dc66a5da26528af97711714a835031ccc435e16e43d811636501a3e2f0,2014-08,Essex Police,Essex Police,0.673513,51.584338,On or near Hall Road,E01021954,Rochford 007D,Violence and sexual offences,Under investigation,
,2014-08,Essex Police,Essex Police,0.708877,51.573805,On or near Rochefort Drive,E01021956,Rochford 007E,Anti-social behaviour,,
,2014-08,Essex Police,Essex Police,0.711224,51.572510,On or near Warwick Drive,E01021956,Rochford 007E,Anti-social behaviour,,
,2014-08,Essex Police,Essex Police,0.711224,51.572510,On or near Warwick Drive,E01021956,Rochford 007E,Anti-social behaviour,,
,2014-08,Essex Police,Essex Police,0.703329,51.566909,On or near Shopping Area,E01021956,Rochford 007E,Anti-social behaviour,,
,2014-08,Essex Police,Essex Police,0.706796,51.573520,On or near Southend Road,E01021956,Rochford 007E,Anti-social behaviour,,
,2014-08,Essex Police,Essex Police,0.717086,51.575926,On or near Rose Way,E01021956,Rochford 007E,Anti-social behaviour,,
,2014-08,Essex Police,Essex Police,0.708546,51.573102,On or near Leicester Avenue,E01021956,Rochford 007E,Anti-social behaviour,,
bac93b08aa341a7b9865fa2b20f571ba60f7ccc578c6b0a6aee5216cedb351f0,2014-08,Essex Police,Essex Police,0.700224,51.567844,On or near Airport/Airfield,E01021956,Rochford 007E,Criminal damage and arson,Under investigation,
e0bfbb8a943b14e4c76cd91e4e4b57cdaa1ca858c3e3d84ce15c87394afc629e,2014-08,Essex Police,Essex Police,0.708546,51.573102,On or near Leicester Avenue,E01021956,Rochford 007E,Criminal damage and arson,Unable to prosecute suspect,
8ae065b7365d0cb2f292b40b842b2f375f83e3867815c5fe8db831ddcba6c5fd,2014-08,Essex Police,Essex Police,0.712905,51.573343,On or near Brook Close,E01021956,Rochford 007E,Criminal damage and arson,Under investigation,
5f9fecb78f23925d678f974afc44bddfcfc1bdb4bddff27315d1acef5bb44a44,2014-08,Essex Police,Essex Police,0.709762,51.571707,On or near Sutton Court Drive,E01021956,Rochford 007E,Criminal damage and arson,Investigation complete; no suspect identified,
49dabedb25da0b295aef873907a4de5d9298c3c27b8ae121a527f268dd2bb51c,2014-08,Essex Police,Essex Police,0.706796,51.573520,On or near Southend Road,E01021956,Rochford 007E,Criminal damage and arson,Investigation complete; no suspect identified,
c74b907d20df90aafc968330166963b3e33118d9271b3f7c28517e41d85246f6,2014-08,Essex Police,Essex Police,0.717086,51.575926,On or near Rose Way,E01021956,Rochford 007E,Drugs,Offender given a drugs possession warning,
4307e6ea288a045bb2e613ca001599732c2350e2714ce07e975ab0f475a533c5,2014-08,Essex Police,Essex Police,0.700224,51.567844,On or near Airport/Airfield,E01021956,Rochford 007E,Drugs,Offender given community sentence,
6398ee1ec3e63762a4ce01a338bd8be94606a047a89adadaa2b862fba7d765f9,2014-08,Essex Police,Essex Police,0.703329,51.566909,On or near Shopping Area,E01021956,Rochford 007E,Other theft,Under investigation,
4f679916d493477944a2fd21ae1ad2b3261635289b30f34a9b91169d3fafaad2,2014-08,Essex Police,Essex Police,0.706047,51.567961,On or near Warners Bridge Chase,E01021956,Rochford 007E,Shoplifting,Investigation complete; no suspect identified,
26c18050713cfa7b304c35efaefb973418d23ffd70304a856cd2ad395f923067,2014-08,Essex Police,Essex Police,0.706047,51.567961,On or near Warners Bridge Chase,E01021956,Rochford 007E,Shoplifting,Under investigation,
9bb61d4b16493d5344d3b5f661fd9aa1fbb6ee64c1add1de668eca955d8feb7e,2014-08,Essex Police,Essex Police,0.716295,51.575495,On or near Fleethall Road,E01021956,Rochford 007E,Shoplifting,Under investigation,
7f29852db69074cf6f32aff1f004fa108b211cd597086f16742c7689ece6df27,2014-08,Essex Police,Essex Police,0.711224,51.572510,On or near Warwick Drive,E01021956,Rochford 007E,Violence and sexual offences,Unable to prosecute suspect,
ef5ad202514de843994ce2f30c6d591bd6a9755774b20e786b170c72ade9a882,2014-08,Essex Police,Essex Police,0.708877,51.573805,On or near Rochefort Drive,E01021956,Rochford 007E,Violence and sexual offences,Under investigation,
,2014-08,Essex Police,Essex Police,0.614258,51.585197,On or near Kings Road,E01021950,Rochford 008A,Anti-social behaviour,,
,2014-08,Essex Police,Essex Police,0.626632,51.580217,On or near Clarence Road,E01021950,Rochford 008A,Anti-social behaviour,,
,2014-08,Essex Police,Essex Police,0.614258,51.585197,On or near Kings Road,E01021950,Rochford 008A,Anti-social behaviour,,
,2014-08,Essex Police,Essex Police,0.622015,51.583522,On or near The Chase,E01021950,Rochford 008A,Anti-social behaviour,,
,2014-08,Essex Police,Essex Police,0.614258,51.585197,On or near Kings Road,E01021950,Rochford 008A,Anti-social behaviour,,
e10fe4930884885b785373834c8d058e86237acdbb337a8c970ed6f16b354186,2014-08,Essex Police,Essex Police,0.617702,51.582063,On or near Windsor Way,E01021950,Rochford 008A,Public order,Under investigation,
02c140eed1b670e31b3105bb89403ed957a933b93cb3f99b9300c4dc40d0933f,2014-08,Essex Police,Essex Police,0.613957,51.583216,On or near Trinity Close,E01021950,Rochford 008A,Violence and sexual offences,Awaiting court outcome,
,2014-08,Essex Police,Essex Police,0.620666,51.584416,On or near The Ramparts,E01021951,Rochford 008B,Anti-social behaviour,,
,2014-08,Essex Police,Essex Police,0.619646,51.587253,On or near The Paddocks,E01021951,Rochford 008B,Anti-social behaviour,,
,2014-08,Essex Police,Essex Police,0.622407,51.587318,On or near Avondale Close,E01021951,Rochford 008B,Anti-social behaviour,,
,2014-08,Essex Police,Essex Police,0.620715,51.583497,On or near Meadway,E01021951,Rochford 008B,Anti-social behaviour,,
9461151f0a41160666ab5c6a721e81f4f2a20ae945de664216e51b7e99df82ff,2014-08,Essex Police,Essex Police,0.622053,51.584924,On or near Tudor Close,E01021951,Rochford 008B,Burglary,Under investigation,
,2014-08,Essex Police,Essex Police,0.605787,51.586267,On or near High Street,E01021962,Rochford 008C,Anti-social behaviour,,
,2014-08,Essex Police,Essex Police,0.605828,51.585708,On or near Shopping Area,E01021962,Rochford 008C,Anti-social behaviour,,
,2014-08,Essex Police,Essex Police,0.612472,51.588780,On or near Millfield Close,E01021962,Rochford 008C,Anti-social behaviour,,
,2014-08,Essex Police,Essex Police,0.612175,51.587645,On or near Keswick Close,E01021962,Rochford 008C,Anti-social behaviour,,
,2014-08,Essex Police,Essex Police,0.605828,51.585708,On or near Shopping Area,E01021962,Rochford 008C,Anti-social behaviour,,
,2014-08,Essex Police,Essex Police,0.605828,51.585708,On or near Shopping Area,E01021962,Rochford 008C,Anti-social behaviour,,
a8a65f162f26d0e06d1746ad1de8bcfe4a2e118f63401a5f863e40a9a5f3494c,2014-08,Essex Police,Essex Police,0.605828,51.585708,On or near Shopping Area,E01021962,Rochford 008C,Burglary,Investigation complete; no suspect identified,
53592b095d4efe10b3d40cf2bcc041a5211573024b60f13f38368a3728ff35ff,2014-08,Essex Police,Essex Police,0.607016,51.585538,On or near Parking Area,E01021962,Rochford 008C,Burglary,Investigation complete; no suspect identified,
cfa3d58a78c23f12e646779ddcbdc272dcf8abc67266324283c1aa12e5cdf897,2014-08,Essex Police,Essex Police,0.605828,51.585708,On or near Shopping Area,E01021962,Rochford 008C,Criminal damage and arson,Investigation complete; no suspect identified,
31e69fe2c012f1957298c92ac14664b55c5cbf1a5402cec2c0971a11e0d32994,2014-08,Essex Police,Essex Police,0.605828,51.585708,On or near Shopping Area,E01021962,Rochford 008C,Other theft,Under investigation,
64c83d3de74c759e302ad08260f8ec23c433ce37b16e6460a2f12009d4c7326e,2014-08,Essex Police,Essex Police,0.605787,51.586267,On or near High Street,E01021962,Rochford 008C,Other theft,Under investigation,
57ce9ebf79134e22d734cc6992fb1eb6d8be717f4e25486d832e975b47e90cf2,2014-08,Essex Police,Essex Police,0.605828,51.585708,On or near Shopping Area,E01021962,Rochford 008C,Shoplifting,Offender given suspended prison sentence,
d35dbf11c81ab83c7b12b9671079afbce0f47b18c3e5c5326c235b7918051617,2014-08,Essex Police,Essex Police,0.605828,51.585708,On or near Shopping Area,E01021962,Rochford 008C,Shoplifting,Investigation complete; no suspect identified,
9e33b10dca72d2b341e314f38694c27dedc600892d574b7611b8bb1d005beceb,2014-08,Essex Police,Essex Police,0.610402,51.584923,On or near Meadowside,E01021962,Rochford 008C,Violence and sexual offences,Under investigation,
06e362fe044cba32bf4a0df5303cdd3ce1fd2f77b4f51a728f1613cee548828f,2014-08,Essex Police,Essex Police,0.607855,51.584296,On or near Sports/Recreation Area,E01021962,Rochford 008C,Violence and sexual offences,Under investigation,
634ac3fb1d670148cab79acc236eb4343e095285afc5f5d58de0483dbea97430,2014-08,Essex Police,Essex Police,0.607532,51.587235,On or near Nightclub,E01021962,Rochford 008C,Violence and sexual offences,Under investigation,
7cd560b72dfc6ad857495db26305991a2cbf8b7b14acfd554273146b2a7fbc22,2014-08,Essex Police,Essex Police,0.590821,51.580249,On or near Pendower,E01021963,Rochford 008D,Other theft,Investigation complete; no suspect identified,
cc48a979cfd46a5b35e85b1619c2e943be901d09f999da03e60ad104945c4538,2014-08,Essex Police,Essex Police,0.590821,51.580249,On or near Pendower,E01021963,Rochford 008D,Vehicle crime,Investigation complete; no suspect identified,
b404cb185267539675dfe3c1613b73ce51fa7298cc18da8b14c9ac554e525538,2014-08,Essex Police,Essex Police,0.568152,51.588599,On or near Southend Arterial Road,E01021963,Rochford 008D,Other crime,Awaiting court outcome,
,2014-08,Essex Police,Essex Police,0.610085,51.588959,On or near Barringtons Close,E01021964,Rochford 008E,Anti-social behaviour,,
,2014-08,Essex Police,Essex Police,0.610085,51.588959,On or near Barringtons Close,E01021964,Rochford 008E,Anti-social behaviour,,
,2014-08,Essex Police,Essex Police,0.601759,51.589279,On or near Castle Drive,E01021964,Rochford 008E,Anti-social behaviour,,
,2014-08,Essex Police,Essex Police,0.610085,51.588959,On or near Barringtons Close,E01021964,Rochford 008E,Anti-social behaviour,,
,2014-08,Essex Police,Essex Police,0.610085,51.588959,On or near Barringtons Close,E01021964,Rochford 008E,Anti-social behaviour,,
41a60c59bdeb10b2d75419f968eecaed2454a07a4bf8dfc793413818f9317085,2014-08,Essex Police,Essex Police,0.604505,51.587060,On or near The Knoll,E01021964,Rochford 008E,Burglary,Investigation complete; no suspect identified,
a698aee086cf1662a3372e67ff95e8c70c9be4c8025cbbc59ddfc1d8aae197fa,2014-08,Essex Police,Essex Police,0.602200,51.588667,On or near Mount Close,E01021964,Rochford 008E,Criminal damage and arson,Investigation complete; no suspect identified,
af977df88a6f17b068fc87ec28f2fc07a3d0ce4df38a965b4fc7cd97a52b7251,2014-08,Essex Police,Essex Police,0.606697,51.587524,On or near Bellingham Lane,E01021964,Rochford 008E,Criminal damage and arson,Investigation complete; no suspect identified,
f411d05a22c8eafcde94eda67244a7428fe2981555f8e61766b1c84c2b6af807,2014-08,Essex Police,Essex Police,0.601759,51.589279,On or near Castle Drive,E01021964,Rochford 008E,Shoplifting,Unable to prosecute suspect,
,2014-08,Essex Police,Essex Police,0.605084,51.582047,On or near Moat Rise,E01021966,Rochford 008F,Anti-social behaviour,,
,2014-08,Essex Police,Essex Police,0.599683,51.578209,On or near Petrol Station,E01021966,Rochford 008F,Anti-social behaviour,,
,2014-08,Essex Police,Essex Police,0.609026,51.582058,On or near Randway,E01021966,Rochford 008F,Anti-social behaviour,,
,2014-08,Essex Police,Essex Police,0.605681,51.583904,On or near Supermarket,E01021966,Rochford 008F,Anti-social behaviour,,
,2014-08,Essex Police,Essex Police,0.600612,51.580068,On or near Elizabeth Avenue,E01021966,Rochford 008F,Anti-social behaviour,,
50a418460d843128b5202d586797dcf44f8650edf1258226f836ad13a3fb3d82,2014-08,Essex Police,Essex Police,0.602963,51.584594,On or near High Street,E01021966,Rochford 008F,Burglary,Investigation complete; no suspect identified,
7f6646a653025f15cbd953578b44ccc4e85baba828ff3e5ba58ac3fb0d1e24a2,2014-08,Essex Police,Essex Police,0.605750,51.582832,On or near Heathfield,E01021966,Rochford 008F,Criminal damage and arson,Unable to prosecute suspect,
64566baf4b248b23a9a1642e3c8f36dd38bb9cb45d05a3085794871e09b79de0,2014-08,Essex Police,Essex Police,0.599683,51.578209,On or near Petrol Station,E01021966,Rochford 008F,Drugs,Offender given conditional discharge,
9ba507cf5ef05f0086e537787af5f494f11ffe320ed70bc5d2758446b3d533b3,2014-08,Essex Police,Essex Police,0.599683,51.578209,On or near Petrol Station,E01021966,Rochford 008F,Drugs,Offender given conditional discharge,
00888002d3e8577b868406f3347f60fdcd95388d88c888963d0bae15cb541d4d,2014-08,Essex Police,Essex Police,0.605681,51.583904,On or near Supermarket,E01021966,Rochford 008F,Other theft,Investigation complete; no suspect identified,
785ef46a1c93d378066b879bf4ed04b2a4152c03049e8a255e1d3bc8f7a97db2,2014-08,Essex Police,Essex Police,0.599683,51.578209,On or near Petrol Station,E01021966,Rochford 008F,Other theft,Local resolution,
a9f10157cab12559de38613783a0406c863ecfc96dc6a3651029189be04ad9a7,2014-08,Essex Police,Essex Police,0.610694,51.580699,On or near Hardwick Close,E01021966,Rochford 008F,Vehicle crime,Investigation complete; no suspect identified,
ac01767abdd516e838c84661cfffd2f8b5e93534cb83afa743c97502b8d98498,2014-08,Essex Police,Essex Police,0.600724,51.578744,On or near Glasseys Lane,E01021966,Rochford 008F,Violence and sexual offences,Under investigation,
cf5590915a9e240aa059d3d88e80eb1080f980ddcec2f15e350eb97ca2a18515,2014-08,Essex Police,Essex Police,0.609026,51.582058,On or near Randway,E01021966,Rochford 008F,Violence and sexual offences,Under investigation,
cc331c53b691b21336bc0c3eb95a2fb6bb341b7895b6b8aa82be9447c6d6485c,2014-08,Essex Police,Essex Police,0.604450,51.584849,On or near Police Station,E01021966,Rochford 008F,Violence and sexual offences,Under investigation,
8555a24da4a260d948f35f057e536a003be78b750a0557252fe95bc03a686550,2014-08,Essex Police,Essex Police,0.604450,51.584849,On or near Police Station,E01021966,Rochford 008F,Violence and sexual offences,Under investigation,
,2014-08,Essex Police,Essex Police,0.641943,51.577166,On or near Nore Road,E01021946,Rochford 009A,Anti-social behaviour,,
,2014-08,Essex Police,Essex Police,0.635375,51.574652,On or near Glenwood Avenue,E01021946,Rochford 009A,Anti-social behaviour,,
75748e543a0c36a016a91e2e72fd02009e9bd5ec544bf25fc5e79d2399e28536,2014-08,Essex Police,Essex Police,0.634127,51.578034,On or near The Drive,E01021946,Rochford 009A,Burglary,Investigation complete; no suspect identified,
f4e865497327397a692ac52167ae603e0d19e6e3a9b9742aa5f2ab454a1828d1,2014-08,Essex Police,Essex Police,0.635463,51.574677,On or near Rayleigh Road,E01021946,Rochford 009A,Burglary,Investigation complete; no suspect identified,
,2014-08,Essex Police,Essex Police,0.627803,51.579498,On or near Minster Close,E01021947,Rochford 009B,Anti-social behaviour,,
,2014-08,Essex Police,Essex Police,0.627803,51.579498,On or near Minster Close,E01021947,Rochford 009B,Anti-social behaviour,,
,2014-08,Essex Police,Essex Police,0.627803,51.579498,On or near Minster Close,E01021947,Rochford 009B,Anti-social behaviour,,
,2014-08,Essex Police,Essex Police,0.630004,51.584377,On or near Bramfield Road East,E01021947,Rochford 009B,Anti-social behaviour,,
,2014-08,Essex Police,Essex Police,0.617515,51.580574,On or near Knivet Close,E01021949,Rochford 009D,Anti-social behaviour,,
,2014-08,Essex Police,Essex Police,0.619447,51.579281,On or near Supermarket,E01021949,Rochford 009D,Anti-social behaviour,,
,2014-08,Essex Police,Essex Police,0.617515,51.580574,On or near Knivet Close,E01021949,Rochford 009D,Anti-social behaviour,,
bec6c6983fc8fa9df2c032707a8a2f947b33392ffbf9b635b517ad99b144ec3d,2014-08,Essex Police,Essex Police,0.623890,51.577976,On or near The Laurels,E01021949,Rochford 009D,Other theft,Investigation complete; no suspect identified,
b91f8280b58176a5fab37228c795ca1c264e93765c8f0b83ede2fc3dfd1156ce,2014-08,Essex Police,Essex Police,0.619447,51.579281,On or near Supermarket,E01021949,Rochford 009D,Shoplifting,Under investigation,
ceeeed4ee07ad42ebec69b23aca48d85d76bfed032bd80a920638ba627e25aaf,2014-08,Essex Police,Essex Police,0.619447,51.579281,On or near Supermarket,E01021949,Rochford 009D,Shoplifting,Under investigation,
ab34223c64aebfe6f79f571124720953afcbe7f5baa924684d5391eb0e3a281b,2014-08,Essex Police,Essex Police,0.619447,51.579281,On or near Supermarket,E01021949,Rochford 009D,Shoplifting,Under investigation,
,2014-08,Essex Police,Essex Police,0.605866,51.577047,On or near Brook Road,E01021965,Rochford 009E,Anti-social behaviour,,
,2014-08,Essex Police,Essex Police,0.605400,51.579755,On or near Clyde Crescent,E01021965,Rochford 009E,Anti-social behaviour,,
,2014-08,Essex Police,Essex Police,0.603042,51.581939,On or near Chelmer Avenue,E01021965,Rochford 009E,Anti-social behaviour,,
,2014-08,Essex Police,Essex Police,0.616891,51.578249,On or near Winbrook Road,E01021965,Rochford 009E,Anti-social behaviour,,
,2014-08,Essex Police,Essex Police,0.605420,51.578325,On or near Totman Close,E01021965,Rochford 009E,Anti-social behaviour,,
69aef27c0e0fe00cc249aaa1a888abf0d0cd500b80e67039f159f78402af5e26,2014-08,Essex Police,Essex Police,0.605528,51.577954,On or near Totman Crescent,E01021965,Rochford 009E,Violence and sexual offences,Local resolution,
,2014-08,Essex Police,Essex Police,0.788637,51.558292,On or near Havenside,E01021917,Rochford 010A,Anti-social behaviour,,
,2014-08,Essex Police,Essex Police,0.785662,51.564856,On or near Kimberley Road,E01021917,Rochford 010A,Anti-social behaviour,,
,2014-08,Essex Police,Essex Police,0.788637,51.558292,On or near Havenside,E01021917,Rochford 010A,Anti-social behaviour,,
5321301e6c4b2aac4d28fdd3c060724843791b547846b15c6411469bfffb8fc1,2014-08,Essex Police,Essex Police,0.788637,51.558292,On or near Havenside,E01021917,Rochford 010A,Burglary,Investigation complete; no suspect identified,
8fd08fee503d8da969c73c17e1dff99bca700f57d680530bc874e3991ebc0177,2014-08,Essex Police,Essex Police,0.788637,51.558292,On or near Havenside,E01021917,Rochford 010A,Criminal damage and arson,Under investigation,
d9c17f632b72321501d6d8c6a9094994b723d17be74b9c0e604428cba256a27a,2014-08,Essex Police,Essex Police,0.781236,51.569872,On or near Magna Mead,E01021917,Rochford 010A,Violence and sexual offences,Unable to prosecute suspect,
88af94a25b09e6d8db6a750b9e9369dadff4bd2aeaed0159b5cc28f06e3e8eeb,2014-08,Essex Police,Essex Police,0.925467,51.603724,On or near The Chase,E01021921,Rochford 010B,Bicycle theft,Under investigation,
fb035ed1cb09fe628406c6f2a7b771a42040d3c52f7528b5c01d4e854f08b8fd,2014-08,Essex Police,Essex Police,0.805470,51.542970,On or near Wakering Road,E01021921,Rochford 010B,Burglary,Under investigation,
0963e474c8ad1a951e887ea8d1d3aae11225759ce0eff8873eb0121b45c6eb68,2014-08,Essex Police,Essex Police,0.816617,51.548773,On or near Beach Court,E01021921,Rochford 010B,Criminal damage and arson,Under investigation,
74f41721feaa3926a767f52b29214a9e03ec1b85b101e266876c7086d724c98c,2014-08,Essex Police,Essex Police,0.806152,51.552172,On or near Conway Avenue,E01021921,Rochford 010B,Criminal damage and arson,Investigation complete; no suspect identified,
329d45371da97d8d4b79759d43bdc2817e06860087dca8642e983dfc5aeaadc3,2014-08,Essex Police,Essex Police,0.821425,51.551626,On or near Morrins Close,E01021921,Rochford 010B,Vehicle crime,Investigation complete; no suspect identified,
a494228cd9ee7e4dabcc30a5ea027b8f55596a39952cd611146a64d6caf736f4,2014-08,Essex Police,Essex Police,0.818987,51.551864,On or near Glebe Close,E01021921,Rochford 010B,Violence and sexual offences,Under investigation,
04463b8ff393399123ed0485fc8457ede31df7c708b167a7c382af0a19ef6651,2014-08,Essex Police,Essex Police,0.808868,51.552935,On or near The Anchorage,E01021921,Rochford 010B,Violence and sexual offences,Under investigation,
78343e96151618459db0567f49ec63e1504d8e3d604398aebe33ac8934fd4a27,2014-08,Essex Police,Essex Police,0.806152,51.552172,On or near Conway Avenue,E01021921,Rochford 010B,Violence and sexual offences,Investigation complete; no suspect identified,
955a66894073b87658b594f6a465402f8c99694eca4a92a561885bbed72651ce,2014-08,Essex Police,Essex Police,0.925467,51.603724,On or near The Chase,E01021921,Rochford 010B,Violence and sexual offences,Under investigation,
,2014-08,Essex Police,Essex Police,0.792258,51.554986,On or near Coronation Close,E01021922,Rochford 010C,Anti-social behaviour,,
79d99cf1446b7eebb7a587a243933f8aebd0b43053755892107153929bcfc019,2014-08,Essex Police,Essex Police,0.798355,51.553708,On or near Brougham Close,E01021922,Rochford 010C,Criminal damage and arson,Under investigation,
fb1aa4474cfa11ccd38d40df9fb8d2deff92f969e737e8f4c528c05685e86d33,2014-08,Essex Police,Essex Police,0.790290,51.555357,On or near Little Wakering Road,E01021922,Rochford 010C,Violence and sexual offences,Offender sent to prison,
,2014-08,Essex Police,Essex Police,0.809589,51.554338,On or near Havering Close,E01021923,Rochford 010D,Anti-social behaviour,,
6a9fe7d6c07b5d9a374c4c5743ebf8c057b9654ecb821c9a2367998e36a4ae93,2014-08,Essex Police,Essex Police,0.808631,51.553300,On or near Supermarket,E01021923,Rochford 010D,Burglary,Under investigation,
f7d3786ea5303c21279c38901ffc30f50a7883189f868160e3cce31ed0ccac27,2014-08,Essex Police,Essex Police,0.810070,51.551602,On or near St John'S Road,E01021923,Rochford 010D,Criminal damage and arson,Investigation complete; no suspect identified,
d3c7d2ac158611cc6a16b8efd4ad3207bd2e1ad5844cd360875663f13f2caa4a,2014-08,Essex Police,Essex Police,0.808631,51.553300,On or near Supermarket,E01021923,Rochford 010D,Shoplifting,Awaiting court outcome,
,2014-08,Essex Police,Essex Police,0.800126,51.553189,On or near High Street,E01021924,Rochford 010E,Anti-social behaviour,,
,2014-08,Essex Police,Essex Police,0.756770,51.555034,On or near Barling Road,E01021924,Rochford 010E,Anti-social behaviour,,
,2014-08,Essex Police,Essex Police,0.788801,51.553656,On or near Southend Road,E01021924,Rochford 010E,Anti-social behaviour,,
,2014-08,Essex Police,Essex Police,0.797028,51.549018,On or near Milton Hall Close,E01021924,Rochford 010E,Anti-social behaviour,,
,2014-08,Essex Police,Essex Police,0.800126,51.553189,On or near High Street,E01021924,Rochford 010E,Anti-social behaviour,,
,2014-08,Essex Police,Essex Police,0.795986,51.553189,On or near Exhibition Lane,E01021924,Rochford 010E,Anti-social behaviour,,
6dffaebfc6dcd6428127612cfd630117b68052c4f19ab4457f9cdab2744a30fb,2014-08,Essex Police,Essex Police,0.797028,51.549018,On or near Milton Hall Close,E01021924,Rochford 010E,Other theft,Investigation complete; no suspect identified,
8d89f3adc69b4fd1fcacd3dd76b83a0b41f42d2dda99d4e2d382fe56e08a7c14,2014-08,Essex Police,Essex Police,0.795986,51.553189,On or near Exhibition Lane,E01021924,Rochford 010E,Violence and sexual offences,Under investigation,
db580002957ada5a23fbd301e2d68f39881c97a8c74478e371ebd3cc53b05aaf,2014-08,Essex Police,Essex Police,0.180136,52.073123,On or near Church Street,E01018238,South Cambridgeshire 017A,Violence and sexual offences,Awaiting court outcome,
,2014-08,Essex Police,Essex Police,0.655421,51.571160,On or near Nobles Green Road,E01015833,Southend-on-Sea 001A,Anti-social behaviour,,
,2014-08,Essex Police,Essex Police,0.661122,51.569691,On or near Fairfield Gardens,E01015833,Southend-on-Sea 001A,Anti-social behaviour,,
982cd1f561fa3ad22776499a031c6971f8f3c6b2438c3464c8594d613bda4b8f,2014-08,Essex Police,Essex Police,0.661293,51.566926,On or near Willow Close,E01015833,Southend-on-Sea 001A,Burglary,Under investigation,
5a43f357d87c1fed5edd4bc51136e068cdc9dfcbbc1e8131fa8cce0d0807524c,2014-08,Essex Police,Essex Police,0.666441,51.571791,On or near Roach Vale,E01015833,Southend-on-Sea 001A,Criminal damage and arson,Investigation complete; no suspect identified,
9c15bcc4b9d66f2149cd74565de4fb3aca238021fe46cb4230a7eb4e5f5b2d74,2014-08,Essex Police,Essex Police,0.660062,51.569319,On or near Fairfield Road,E01015833,Southend-on-Sea 001A,Violence and sexual offences,Under investigation,
,2014-08,Essex Police,Essex Police,0.652995,51.567662,On or near Rowan Walk,E01015834,Southend-on-Sea 001B,Anti-social behaviour,,
,2014-08,Essex Police,Essex Police,0.644337,51.568676,On or near Cabinet Way,E01015834,Southend-on-Sea 001B,Anti-social behaviour,,
15ed9ed1423df54e92add28fdcc85f6cf71a47e461f8493d7b0270db047ceff5,2014-08,Essex Police,Essex Police,0.649692,51.566946,On or near Bellhouse Road,E01015834,Southend-on-Sea 001B,Criminal damage and arson,Investigation complete; no suspect identified,
895c040bea636148fc04318d9ab066a580dd65306016f261a5630613b00dd959,2014-08,Essex Police,Essex Police,0.648702,51.566060,On or near Poppyfield Close,E01015834,Southend-on-Sea 001B,Other theft,Investigation complete; no suspect identified,
39f2053a70b9466d3f4d85d92d7da62191cff54bcb3d0835bbec3c707a2f60a1,2014-08,Essex Police,Essex Police,0.647204,51.570087,On or near Petrol Station,E01015834,Southend-on-Sea 001B,Other theft,Offender given a caution,
0ff3e293243fc2c8a59a655630b20f5368049f12dbc3015e375b369640d579de,2014-08,Essex Police,Essex Police,0.644337,51.568676,On or near Cabinet Way,E01015834,Southend-on-Sea 001B,Public order,Under investigation,
c339fc6b30d54e279dbc8437ca747b8c9e56d8ef58f999ca713bff0721cf7b19,2014-08,Essex Police,Essex Police,0.648956,51.569678,On or near Supermarket,E01015834,Southend-on-Sea 001B,Shoplifting,Under investigation,
3f30e42484b9d9e452bfbe8eb70ee2fbad9e0ad71fa3ac5be879955a00b780eb,2014-08,Essex Police,Essex Police,0.648956,51.569678,On or near Supermarket,E01015834,Southend-on-Sea 001B,Shoplifting,Under investigation,
5806256335cf0e358058f9143f7d3f1b58ca54562b0d2313e9ce3125ac7220eb,2014-08,Essex Police,Essex Police,0.648956,51.569678,On or near Supermarket,E01015834,Southend-on-Sea 001B,Shoplifting,Under investigation,
5173549f5853991e17c00b65dac878afa70cfd020546aafc334c77dea414cfc7,2014-08,Essex Police,Essex Police,0.647204,51.570087,On or near Petrol Station,E01015834,Southend-on-Sea 001B,Theft from the person,Investigation complete; no suspect identified,
1b14aa35b0fc5157a751a28ca45f51af84f2e986836b09f82f3da51f38196a47,2014-08,Essex Police,Essex Police,0.648235,51.567455,On or near Leslie Drive,E01015834,Southend-on-Sea 001B,Violence and sexual offences,Under investigation,
4cddbcc31c9b23286bfd377df093fbc22356a256de56dc18adb579aafe067035,2014-08,Essex Police,Essex Police,0.647204,51.570087,On or near Petrol Station,E01015834,Southend-on-Sea 001B,Violence and sexual offences,Under investigation,
7371d4b30149f5e47692b93bd26f99448cfe9f71c3658624171f770ce875fd03,2014-08,Essex Police,Essex Police,0.652995,51.567662,On or near Rowan Walk,E01015834,Southend-on-Sea 001B,Violence and sexual offences,Under investigation,
c137183bf59b2ee9ec837d5da782d11eebb6ba539adc10f60c78d2e96ee59f85,2014-08,Essex Police,Essex Police,0.647204,51.570087,On or near Petrol Station,E01015834,Southend-on-Sea 001B,Violence and sexual offences,Under investigation,
75a41e610b3e5727d663bd928d5473d333decbc68b85dd97394b70449cada411,2014-08,Essex Police,Essex Police,0.665347,51.563695,On or near Rayleigh Road,E01015835,Southend-on-Sea 001C,Bicycle theft,Investigation complete; no suspect identified,
97881001933496781681c4fba5b4e0b1e305e25d697f065cdb828dc13afe145d,2014-08,Essex Police,Essex Police,0.661335,51.565666,On or near Brooklands Avenue,E01015835,Southend-on-Sea 001C,Criminal damage and arson,Under investigation,
a1b426e010c1763bdd8ecee3546044b7e68cca4d7ad13adc4cc0ebaaf81668a2,2014-08,Essex Police,Essex Police,0.655381,51.566268,On or near Mansel Close,E01015835,Southend-on-Sea 001C,Other theft,Investigation complete; no suspect identified,
6de608e334d373fe8bc0a3c884e81369dd911ac53da5754c759eeea943d3aa09,2014-08,Essex Police,Essex Police,0.655381,51.566268,On or near Mansel Close,E01015835,Southend-on-Sea 001C,Robbery,Under investigation,
,2014-08,Essex Police,Essex Police,0.644042,51.572793,On or near Tudor Road,E01015836,Southend-on-Sea 001D,Anti-social behaviour,,
,2014-08,Essex Police,Essex Police,0.642119,51.575211,On or near Gravel Road,E01015836,Southend-on-Sea 001D,Anti-social behaviour,,
2e46d400d7992d3c869a32326f96a5bbf26f3bddda80e609b74d583dcf808b64,2014-08,Essex Police,Essex Police,0.642609,51.572708,On or near Boleyn Close,E01015836,Southend-on-Sea 001D,Burglary,Investigation complete; no suspect identified,
82b3c6eb73181c67a78bc483afa7f3dd8b5997267b7142cd01e4425798bf4dc5,2014-08,Essex Police,Essex Police,0.638031,51.574664,On or near Boundary Road,E01015836,Southend-on-Sea 001D,Burglary,Under investigation,
89e13532c3bcac0b469eec039a3738f7dd46317bc07b05809cdb975ed20f9a23,2014-08,Essex Police,Essex Police,0.640927,51.574581,On or near Springwater Road,E01015836,Southend-on-Sea 001D,Vehicle crime,Investigation complete; no suspect identified,
,2014-08,Essex Police,Essex Police,0.641598,51.568468,On or near Rutherford Close,E01015837,Southend-on-Sea 001E,Anti-social behaviour,,
,2014-08,Essex Police,Essex Police,0.638761,51.570322,On or near Belgrave Close,E01015837,Southend-on-Sea 001E,Anti-social behaviour,,
96124dbcb9d7675f8ba0f10b0e11e5945ca309268b6c36d5cea6cbcfe80c255e,2014-08,Essex Police,Essex Police,0.641598,51.568468,On or near Rutherford Close,E01015837,Southend-on-Sea 001E,Burglary,Investigation complete; no suspect identified,
1bb3ba9a4c7c44a95eb2ff0b7f3f85d63f0119cc3afa59f7cc19b81491de9d73,2014-08,Essex Police,Essex Police,0.639342,51.572377,On or near Petrol Station,E01015837,Southend-on-Sea 001E,Criminal damage and arson,Investigation complete; no suspect identified,
deb8aecee612ee8d542879f98dcb92d78c864d821c6bf72d014a0e774d9388ef,2014-08,Essex Police,Essex Police,0.639759,51.570614,On or near Ringwood Drive,E01015837,Southend-on-Sea 001E,Other theft,Under investigation,
730cfa872c5075ac2209157acc048c9c0ffa1afa7c3cf0b83c013c7f22ce75ac,2014-08,Essex Police,Essex Police,0.636396,51.570348,On or near Grove Hill,E01015837,Southend-on-Sea 001E,Vehicle crime,Investigation complete; no suspect identified,
,2014-08,Essex Police,Essex Police,0.653338,51.570326,On or near Hartland Close,E01015838,Southend-on-Sea 001F,Anti-social behaviour,,
e9832e571e820636c8bf70b2d848734773cfe802653546ff8fc22eb33966d078,2014-08,Essex Police,Essex Police,0.653338,51.570326,On or near Hartland Close,E01015838,Southend-on-Sea 001F,Vehicle crime,Investigation complete; no suspect identified,
,2014-08,Essex Police,Essex Police,0.674987,51.571093,On or near Biscay,E01015863,Southend-on-Sea 002A,Anti-social behaviour,,
,2014-08,Essex Police,Essex Police,0.676392,51.568966,On or near Lundy Close,E01015863,Southend-on-Sea 002A,Anti-social behaviour,,
,2014-08,Essex Police,Essex Police,0.672670,51.570471,On or near Coniston,E01015863,Southend-on-Sea 002A,Anti-social behaviour,,
,2014-08,Essex Police,Essex Police,0.671673,51.566762,On or near Sports/Recreation Area,E01015863,Southend-on-Sea 002A,Anti-social behaviour,,
,2014-08,Essex Police,Essex Police,0.676392,51.568966,On or near Lundy Close,E01015863,Southend-on-Sea 002A,Anti-social behaviour,,
,2014-08,Essex Police,Essex Police,0.676392,51.568966,On or near Lundy Close,E01015863,Southend-on-Sea 002A,Anti-social behaviour,,
0e516fe2d61381cd7c1ccdf141edae10af27a83ef69e096b803f6b4114ed6ef6,2014-08,Essex Police,Essex Police,0.680626,51.568320,On or near Cherry Orchard Way,E01015863,Southend-on-Sea 002A,Criminal damage and arson,Investigation complete; no suspect identified,
c8a8d30c8e0e50d7df3e6f4f2b627ee463f296def3dadcda51b874a22867901a,2014-08,Essex Police,Essex Police,0.676392,51.568966,On or near Lundy Close,E01015863,Southend-on-Sea 002A,Criminal damage and arson,Investigation complete; no suspect identified,
6e8d887b2fde028bb845a6fcee46537fc3d3ca4328ae161462e544bf26b8492d,2014-08,Essex Police,Essex Police,0.676392,51.568966,On or near Lundy Close,E01015863,Southend-on-Sea 002A,Criminal damage and arson,Investigation complete; no suspect identified,
fdb98a9c0e20da442a5e76e87938512abfa8f24ac1fe6923a6ca7a35b709a520,2014-08,Essex Police,Essex Police,0.669305,51.567472,On or near Whitehouse Meadows,E01015863,Southend-on-Sea 002A,Criminal damage and arson,Under investigation,
630015f4df2c9ee7404601342efdeeac40f31b039d45600b19298b64c90fa41e,2014-08,Essex Police,Essex Police,0.676392,51.568966,On or near Lundy Close,E01015863,Southend-on-Sea 002A,Drugs,Offender given a drugs possession warning,
f267762f3dc056bf44e1b8d58c25127e52b13bff37ab8c4aef3050189bd0e5ae,2014-08,Essex Police,Essex Police,0.676392,51.568966,On or near Lundy Close,E01015863,Southend-on-Sea 002A,Drugs,Under investigation,
5aae0970baec5cfe2c11ee7d327cc5b00a83a7ad780766c51ec41dffb74bf24c,2014-08,Essex Police,Essex Police,0.671282,51.570917,On or near Supermarket,E01015863,Southend-on-Sea 002A,Other theft,Under investigation,
9a15cbae7f533a6c2d59e5eb1c611bb05995dabdcc5e402cab22fc4e90cded46,2014-08,Essex Police,Essex Police,0.675015,51.566893,On or near Mayflower Close,E01015863,Southend-on-Sea 002A,Violence and sexual offences,Under investigation,
857cb1e699fb2cf0c2cea9b9287d7a4c455dab6402666ab4c5d3d23fd2bf06bf,2014-08,Essex Police,Essex Police,0.671282,51.570917,On or near Supermarket,E01015863,Southend-on-Sea 002A,Violence and sexual offences,Under investigation,
9b45a1d8e61b356b9b14f2d99f63fdb56b9d33b4c5c6dbd734cea3d074c9306b,2014-08,Essex Police,Essex Police,0.665578,51.567656,On or near Burfield Close,E01015864,Southend-on-Sea 002B,Bicycle theft,Investigation complete; no suspect identified,
56e7dc24bd8b121ee4459492b0fd7fea0cf7fd87453f4cefc3bd38ab4611d149,2014-08,Essex Police,Essex Police,0.667432,51.564079,On or near Kent Elms Close,E01015864,Southend-on-Sea 002B,Burglary,Under investigation,
7c5d28958ad7ec5126cc0e1160fa6551ed696c55f4481908e23ebbf2f9e7e82a,2014-08,Essex Police,Essex Police,0.669777,51.564943,On or near Snakes Lane,E01015864,Southend-on-Sea 002B,Other theft,Investigation complete; no suspect identified,
382d78cb9bec88a690fdd38338cd1c248f3ca2dcc7b488ea9acb5a771a89a23e,2014-08,Essex Police,Essex Police,0.667134,51.567360,On or near Orchard Side,E01015864,Southend-on-Sea 002B,Violence and sexual offences,Offender given a caution,
,2014-08,Essex Police,Essex Police,0.694713,51.566406,On or near Vickers Road,E01015865,Southend-on-Sea 002C,Anti-social behaviour,,
,2014-08,Essex Police,Essex Police,0.679677,51.563962,On or near Nestuda Way,E01015865,Southend-on-Sea 002C,Anti-social behaviour,,
,2014-08,Essex Police,Essex Police,0.696349,51.562843,On or near Supermarket,E01015865,Southend-on-Sea 002C,Anti-social behaviour,,
,2014-08,Essex Police,Essex Police,0.693158,51.566459,On or near Bristol Road,E01015865,Southend-on-Sea 002C,Anti-social behaviour,,
d9a83a1cc75e1aa9d815f3449e9db0054af5c8c20516c4b2dc4aa44f03635f04,2014-08,Essex Police,Essex Police,0.693158,51.566459,On or near Bristol Road,E01015865,Southend-on-Sea 002C,Burglary,Investigation complete; no suspect identified,
f296042c3e4454ae02cb9a1835f76fe345f3359dad189c5ff680f3024ee75e11,2014-08,Essex Police,Essex Police,0.696349,51.562843,On or near Supermarket,E01015865,Southend-on-Sea 002C,Criminal damage and arson,Investigation complete; no suspect identified,
ce107c4b8255b32de28df3b112e774004995fc89fc8cd935f29b7830fc28e462,2014-08,Essex Police,Essex Police,0.694696,51.567099,On or near Wells Avenue,E01015865,Southend-on-Sea 002C,Public order,Under investigation,
d526768f0d2bb16dacfb9e7057100e1967715ebafc0ba701cc7af3d76a986315,2014-08,Essex Police,Essex Police,0.696349,51.562843,On or near Supermarket,E01015865,Southend-on-Sea 002C,Shoplifting,Under investigation,
33e17baefde0e400d135cdb5842614a5aad640224fca02b66d2ba05572475b67,2014-08,Essex Police,Essex Police,0.696349,51.562843,On or near Supermarket,E01015865,Southend-on-Sea 002C,Shoplifting,Under investigation,
ba22bd8ca5a432f3205386a912d07f39532ca60154163fda18242f3a0206e433,2014-08,Essex Police,Essex Police,0.696349,51.562843,On or near Supermarket,E01015865,Southend-on-Sea 002C,Shoplifting,Under investigation,
b13ee1a18e236972f6386986f155e6f9c092e044547f92c41cf0723af7472ded,2014-08,Essex Police,Essex Police,0.696349,51.562843,On or near Supermarket,E01015865,Southend-on-Sea 002C,Shoplifting,Under investigation,
5e087db9615fc136f04629ed807db7cdcb86852e1d319a16b7bbff30cdc8a6e7,2014-08,Essex Police,Essex Police,0.696349,51.562843,On or near Supermarket,E01015865,Southend-on-Sea 002C,Shoplifting,Under investigation,
8074a0c6b6c1938ff6396613972e3c5d300dba2c4a96f22b05e6cfcacf1ff8b2,2014-08,Essex Police,Essex Police,0.696349,51.562843,On or near Supermarket,E01015865,Southend-on-Sea 002C,Shoplifting,Under investigation,
6ee19bc710760e803ad3c50b1561e82c6415c34ac096da87aea6666cfdd6589b,2014-08,Essex Police,Essex Police,0.691908,51.561919,On or near South Crescent,E01015865,Southend-on-Sea 002C,Vehicle crime,Under investigation,
6edc632ce1e15fe1c6cd5906c7241d1eb027ecc8a0afd6a8c32d129a8777ca49,2014-08,Essex Police,Essex Police,0.696349,51.562843,On or near Supermarket,E01015865,Southend-on-Sea 002C,Violence and sexual offences,Unable to prosecute suspect,
56e59fe6111c791078a19eb57b004c6a87fcfe57ab81611b06a6a50099bef7ca,2014-08,Essex Police,Essex Police,0.696349,51.562843,On or near Supermarket,E01015865,Southend-on-Sea 002C,Violence and sexual offences,Under investigation,
,2014-08,Essex Police,Essex Police,0.703128,51.561337,On or near Manners Way,E01015866,Southend-on-Sea 002D,Anti-social behaviour,,
,2014-08,Essex Police,Essex Police,0.703128,51.561337,On or near Manners Way,E01015866,Southend-on-Sea 002D,Anti-social behaviour,,
,2014-08,Essex Police,Essex Police,0.702139,51.559256,On or near Aragon Close,E01015866,Southend-on-Sea 002D,Anti-social behaviour,,
acfe3f5ae9c6288013bd0fd4979a57ac3c027b215211c18b8c2f13d1f35bac90,2014-08,Essex Police,Essex Police,0.699731,51.561236,On or near Keith Way,E01015866,Southend-on-Sea 002D,Vehicle crime,Investigation complete; no suspect identified,
,2014-08,Essex Police,Essex Police,0.699490,51.565684,On or near Nightingale Close,E01015867,Southend-on-Sea 002E,Anti-social behaviour,,
,2014-08,Essex Police,Essex Police,0.699490,51.565684,On or near Nightingale Close,E01015867,Southend-on-Sea 002E,Anti-social behaviour,,
,2014-08,Essex Police,Essex Police,0.700185,51.564022,On or near Caroline'S Close,E01015867,Southend-on-Sea 002E,Anti-social behaviour,,
,2014-08,Essex Police,Essex Police,0.700245,51.566485,On or near Eastwoodbury Crescent,E01015867,Southend-on-Sea 002E,Anti-social behaviour,,
,2014-08,Essex Police,Essex Police,0.700185,51.564022,On or near Caroline'S Close,E01015867,Southend-on-Sea 002E,Anti-social behaviour,,
20717ee3594f8818dd8dd7cd61973ef0007ce48398a3a763d8bb6d2497c32732,2014-08,Essex Police,Essex Police,0.702236,51.563813,On or near Manners Way,E01015867,Southend-on-Sea 002E,Burglary,Investigation complete; no suspect identified,
,2014-08,Essex Police,Essex Police,0.695100,51.561477,On or near Sidmouth Avenue,E01015868,Southend-on-Sea 002F,Anti-social behaviour,,
,2014-08,Essex Police,Essex Police,0.684100,51.561163,On or near Supermarket,E01015868,Southend-on-Sea 002F,Anti-social behaviour,,
,2014-08,Essex Police,Essex Police,0.695100,51.561477,On or near Sidmouth Avenue,E01015868,Southend-on-Sea 002F,Anti-social behaviour,,
,2014-08,Essex Police,Essex Police,0.691816,51.560114,On or near Dolphins,E01015868,Southend-on-Sea 002F,Anti-social behaviour,,
,2014-08,Essex Police,Essex Police,0.688376,51.561721,On or near Denton Close,E01015868,Southend-on-Sea 002F,Anti-social behaviour,,
,2014-08,Essex Police,Essex Police,0.686138,51.559983,On or near Prince Close,E01015868,Southend-on-Sea 002F,Anti-social behaviour,,
,2014-08,Essex Police,Essex Police,0.695100,51.561477,On or near Sidmouth Avenue,E01015868,Southend-on-Sea 002F,Anti-social behaviour,,
0d00751d575ec65b73fee365e88aa6ae2d293f60bc5bea220ca8d0cc391c3d9c,2014-08,Essex Police,Essex Police,0.686138,51.559983,On or near Prince Close,E01015868,Southend-on-Sea 002F,Burglary,Under investigation,
552448cc18778922ec9b5e0e09837a2096e98e649dae7a1acac8d86a618ad4c2,2014-08,Essex Police,Essex Police,0.698537,51.558610,On or near Hampton Gardens,E01015868,Southend-on-Sea 002F,Criminal damage and arson,Investigation complete; no suspect identified,
1ecd13a33550194ad8c426408ca4bfc9905540c5ad76f59a2f06276245675c8e,2014-08,Essex Police,Essex Police,0.698537,51.558610,On or near Hampton Gardens,E01015868,Southend-on-Sea 002F,Criminal damage and arson,Investigation complete; no suspect identified,
047ea66f9e2eef12f278a89fc6254bb429db6b7c7e93b10c1cb6c8a7d6eaef18,2014-08,Essex Police,Essex Police,0.698537,51.558610,On or near Hampton Gardens,E01015868,Southend-on-Sea 002F,Drugs,Under investigation,
5367d0c53a77329e7f4f426a84cd156fbf5e47bf2678dbd61b300f21862b2be5,2014-08,Essex Police,Essex Police,0.684100,51.561163,On or near Supermarket,E01015868,Southend-on-Sea 002F,Other theft,Investigation complete; no suspect identified,
02ac9ff5464a7249f2dcd7b4941eb03d36d23fd1e6a50d6acb4c0d4de088f092,2014-08,Essex Police,Essex Police,0.684100,51.561163,On or near Supermarket,E01015868,Southend-on-Sea 002F,Other theft,Under investigation,
0e96ef3e98ff0c63da28b66d97832366276eea745e033193f480d74e353a4b69,2014-08,Essex Police,Essex Police,0.689223,51.560434,On or near Denton Avenue,E01015868,Southend-on-Sea 002F,Public order,Unable to prosecute suspect,
a97201e5946836d5483c95af24f002bb2737649220527b046e7538c72d6a9726,2014-08,Essex Police,Essex Police,0.684100,51.561163,On or near Supermarket,E01015868,Southend-on-Sea 002F,Shoplifting,Offender given a caution,
83a281063c8da05748800ce16a57a7495bf2c513be99f8852a37175a1e1c0eda,2014-08,Essex Police,Essex Police,0.695100,51.561477,On or near Sidmouth Avenue,E01015868,Southend-on-Sea 002F,Vehicle crime,Investigation complete; no suspect identified,
17f5f3234b0be423b55069ab7ae5381c7244847311f009019bf238ea4d15ef40,2014-08,Essex Police,Essex Police,0.698537,51.558610,On or near Hampton Gardens,E01015868,Southend-on-Sea 002F,Violence and sexual offences,Under investigation,
5e6b8af56f3c05db0b8b97756b10dfe375fe2f2951ccc0bc26644179598f0c38,2014-08,Essex Police,Essex Police,0.691816,51.560114,On or near Dolphins,E01015868,Southend-on-Sea 002F,Violence and sexual offences,Offender given a caution,
e95bbbda6da46852933d0308954f7d15bc2b2736e548260fa74c92a159b28fc7,2014-08,Essex Police,Essex Police,0.689223,51.560434,On or near Denton Avenue,E01015868,Southend-on-Sea 002F,Violence and sexual offences,Under investigation,
,2014-08,Essex Police,Essex Police,0.655498,51.554160,On or near Elmsleigh Drive,E01015814,Southend-on-Sea 003A,Anti-social behaviour,,
,2014-08,Essex Police,Essex Police,0.655050,51.548451,On or near Supermarket,E01015814,Southend-on-Sea 003A,Anti-social behaviour,,
,2014-08,Essex Police,Essex Police,0.654456,51.554850,On or near Grange Close,E01015814,Southend-on-Sea 003A,Anti-social behaviour,,
,2014-08,Essex Police,Essex Police,0.651706,51.551467,On or near Kingswood Chase,E01015814,Southend-on-Sea 003A,Anti-social behaviour,,
,2014-08,Essex Police,Essex Police,0.655050,51.548451,On or near Supermarket,E01015814,Southend-on-Sea 003A,Anti-social behaviour,,
d5b462bb6097e9fca90a6e858fb331af8a52a7876e3977232da4ed4388213c5b,2014-08,Essex Police,Essex Police,0.655050,51.548451,On or near Supermarket,E01015814,Southend-on-Sea 003A,Burglary,Under investigation,
2df17467b180befbf4e287c0d29ea38b576aa6a02f1c968c8903683876092cad,2014-08,Essex Police,Essex Police,0.652926,51.552852,On or near St Clement'S Drive,E01015814,Southend-on-Sea 003A,Criminal damage and arson,Under investigation,
862bfa367f078080913c9b52d2437f8df9058d271cf8a7bc231cefef92404624,2014-08,Essex Police,Essex Police,0.655050,51.548451,On or near Supermarket,E01015814,Southend-on-Sea 003A,Other theft,Investigation complete; no suspect identified,
12af9ac396e9bfdc59a93f4e3048a8aed501a50d94298e028ba328a99a24aca4,2014-08,Essex Police,Essex Police,0.655329,51.551016,On or near Elmsleigh Drive,E01015814,Southend-on-Sea 003A,Vehicle crime,Investigation complete; no suspect identified,
,2014-08,Essex Police,Essex Police,0.649662,51.551540,On or near Bonchurch Avenue,E01015815,Southend-on-Sea 003B,Anti-social behaviour,,
,2014-08,Essex Police,Essex Police,0.652878,51.549543,On or near St Clement'S Avenue,E01015815,Southend-on-Sea 003B,Anti-social behaviour,,
7a58e89db76e42f42a08c57ac17c924f001de64ac3b9813674585f7f0cbd6678,2014-08,Essex Police,Essex Police,0.646576,51.549820,On or near Belfairs Close,E01015815,Southend-on-Sea 003B,Vehicle crime,Investigation complete; no suspect identified,
a94a4848c3cadf0189b77dbe7a3652af9b570999ba076fa69ad80594c570fb03,2014-08,Essex Police,Essex Police,0.647710,51.552960,On or near Eastwood Road,E01015815,Southend-on-Sea 003B,Vehicle crime,Investigation complete; no suspect identified,
b8fd61518677fb90041fb3e0e065cd90908dfb3c38004b80b4afa630e9779705,2014-08,Essex Police,Essex Police,0.649165,51.549690,On or near Flemming Avenue,E01015815,Southend-on-Sea 003B,Vehicle crime,Investigation complete; no suspect identified,
6fda219fb2347851139ac3e53a2a18a827144fefa1670f59b43268e1d300d60e,2014-08,Essex Police,Essex Police,0.649135,51.552910,On or near Flemming Avenue,E01015815,Southend-on-Sea 003B,Vehicle crime,Investigation complete; no suspect identified,
,2014-08,Essex Police,Essex Police,0.641030,51.565648,On or near Bradford Bury,E01015816,Southend-on-Sea 003C,Anti-social behaviour,,
,2014-08,Essex Police,Essex Police,0.641750,51.566369,On or near Progress Road,E01015816,Southend-on-Sea 003C,Anti-social behaviour,,
ab1e42de4801e26c56705bbc6529c1a2c6cd848df7c81e55bbe5b81a9a248e2f,2014-08,Essex Police,Essex Police,0.637110,51.561743,On or near Thorndon Park Crescent,E01015816,Southend-on-Sea 003C,Burglary,Under investigation,
9536edd3fe087f49e712a63fa1ba69fb06242988eec98294526035d80ea85ef4,2014-08,Essex Police,Essex Police,0.641684,51.564734,On or near Petrol Station,E01015816,Southend-on-Sea 003C,Shoplifting,Under investigation,
c5a0b331e57004a93a5840758298df2e29f536e9c9de7cc1437273be18489052,2014-08,Essex Police,Essex Police,0.635427,51.566080,On or near Mountain Ash Avenue,E01015816,Southend-on-Sea 003C,Vehicle crime,Investigation complete; no suspect identified,
d983cf06bd98e01208c891473f32ff9b4f4e354e30b36c2a9620b70ff4063a2c,2014-08,Essex Police,Essex Police,0.635436,51.563229,On or near Woodside,E01015816,Southend-on-Sea 003C,Vehicle crime,Investigation complete; no suspect identified,
,2014-08,Essex Police,Essex Police,0.643314,51.558744,On or near Parking Area,E01015817,Southend-on-Sea 003D,Anti-social behaviour,,
7ddb8dfafa1c7ef6a9a8593a21b79605e4d97335d0fe1928212f5a4fb6c8b6b0,2014-08,Essex Police,Essex Police,0.643314,51.558744,On or near Parking Area,E01015817,Southend-on-Sea 003D,Criminal damage and arson,Investigation complete; no suspect identified,
5169ba01e4aa13e7a284624edc1106a0a4ddca3a600f481e86473ded1b117a0d,2014-08,Essex Police,Essex Police,0.643314,51.558744,On or near Parking Area,E01015817,Southend-on-Sea 003D,Vehicle crime,Investigation complete; no suspect identified,
e59145b10e3d9411494fa4470f325d886c8a42a3d28628b38d89fd222ed909fb,2014-08,Essex Police,Essex Police,0.645642,51.564060,On or near Great Hays,E01015817,Southend-on-Sea 003D,Vehicle crime,Investigation complete; no suspect identified,
b5465eb8a43ca533fc2cc83efb8075a9e8972d30c5053c5253ecee2bada7c18d,2014-08,Essex Police,Essex Police,0.643314,51.558744,On or near Parking Area,E01015817,Southend-on-Sea 003D,Vehicle crime,Investigation complete; no suspect identified,
a588ebbab37ea8048b9567a92bb68562d26b8a040b245731acd792f9b78c77da,2014-08,Essex Police,Essex Police,0.642068,51.561407,On or near Woodberry Close,E01015817,Southend-on-Sea 003D,Violence and sexual offences,Under investigation,
,2014-08,Essex Police,Essex Police,0.649627,51.562864,On or near Bellhouse Crescent,E01015818,Southend-on-Sea 003E,Anti-social behaviour,,
,2014-08,Essex Police,Essex Police,0.657612,51.562459,On or near Shirley Road,E01015818,Southend-on-Sea 003E,Anti-social behaviour,,
,2014-08,Essex Police,Essex Police,0.649627,51.562864,On or near Bellhouse Crescent,E01015818,Southend-on-Sea 003E,Anti-social behaviour,,
,2014-08,Essex Police,Essex Police,0.649627,51.562864,On or near Bellhouse Crescent,E01015818,Southend-on-Sea 003E,Anti-social behaviour,,
,2014-08,Essex Police,Essex Police,0.662280,51.562335,On or near Petrol Station,E01015818,Southend-on-Sea 003E,Anti-social behaviour,,
,2014-08,Essex Police,Essex Police,0.657612,51.562459,On or near Shirley Road,E01015818,Southend-on-Sea 003E,Anti-social behaviour,,
,2014-08,Essex Police,Essex Police,0.657612,51.562459,On or near Shirley Road,E01015818,Southend-on-Sea 003E,Anti-social behaviour,,
2da270290407b8f0d319de7e236262e77b28f4e1ea0dc121c34b3c65ede61582,2014-08,Essex Police,Essex Police,0.657923,51.560869,On or near Orchard Mead,E01015818,Southend-on-Sea 003E,Criminal damage and arson,Investigation complete; no suspect identified,
8848225411ef70b1821da22dc987b226b98dd1a5a816ea0011c3c48ad67ddf1a,2014-08,Essex Police,Essex Police,0.662280,51.562335,On or near Petrol Station,E01015818,Southend-on-Sea 003E,Other theft,Under investigation,
70a3c3ce385f54b14d23347c245488d550462349cdf83263f94fc86ffa05718a,2014-08,Essex Police,Essex Police,0.662280,51.562335,On or near Petrol Station,E01015818,Southend-on-Sea 003E,Public order,Under investigation,
98ac4a964c8c63f7a853c92af85c89318d5c60bb025838e6e86dc908a110a9f7,2014-08,Essex Police,Essex Police,0.659725,51.562564,On or near Priory View Road,E01015818,Southend-on-Sea 003E,Vehicle crime,Under investigation,
6713ac196967c111d8a187c5c7dc0b21fcbc2c23e5de4869eeb73c0eff7ddd05,2014-08,Essex Police,Essex Police,0.649627,51.562864,On or near Bellhouse Crescent,E01015818,Southend-on-Sea 003E,Vehicle crime,Investigation complete; no suspect identified,
5a93bd63d864b188fcfbf61522103285e774040e0e5d16c92153fd8497db7d9f,2014-08,Essex Police,Essex Police,0.647941,51.563145,On or near Broadclyst Avenue,E01015818,Southend-on-Sea 003E,Vehicle crime,Under investigation,
e3357bea2db3f14b87c702dba37c5a26f0584bbebf426c83acb316eb4465a1ae,2014-08,Essex Police,Essex Police,0.647941,51.563145,On or near Broadclyst Avenue,E01015818,Southend-on-Sea 003E,Vehicle crime,Investigation complete; no suspect identified,
,2014-08,Essex Police,Essex Police,0.650315,51.561284,On or near Bellhouse Lane,E01015819,Southend-on-Sea 003F,Anti-social behaviour,,
,2014-08,Essex Police,Essex Police,0.653144,51.557586,On or near Danescroft Close,E01015819,Southend-on-Sea 003F,Anti-social behaviour,,
,2014-08,Essex Police,Essex Police,0.651621,51.558691,On or near Danesleigh Gardens,E01015819,Southend-on-Sea 003F,Anti-social behaviour,,
,2014-08,Essex Police,Essex Police,0.650315,51.561284,On or near Bellhouse Lane,E01015819,Southend-on-Sea 003F,Anti-social behaviour,,
cd94cfc724f44b7545840936f1835990ab4c323c16fffa929b11646702565639,2014-08,Essex Police,Essex Police,0.651634,51.557674,On or near Danescroft Drive,E01015819,Southend-on-Sea 003F,Vehicle crime,Investigation complete; no suspect identified,
1dd2763a185fb1bd45592a1181440b72f50aa8a227d5b275e3866a7b4ea840f5,2014-08,Essex Police,Essex Police,0.651634,51.557674,On or near Danescroft Drive,E01015819,Southend-on-Sea 003F,Vehicle crime,Investigation complete; no suspect identified,
27d4bf807654193987f22d567a6baafbf48d57a882d719d313646d69bff4889d,2014-08,Essex Police,Essex Police,0.650315,51.561284,On or near Bellhouse Lane,E01015819,Southend-on-Sea 003F,Vehicle crime,Investigation complete; no suspect identified,
53edb3ee52705300d341fb358b807bf1e2d7728d60065a9c68e7d44119c44b79,2014-08,Essex Police,Essex Police,0.651634,51.557674,On or near Danescroft Drive,E01015819,Southend-on-Sea 003F,Vehicle crime,Investigation complete; no suspect identified,
f734c56c672dc09b51cc8050175fc1a9e87a7f3bee4d5423dcc55ead23360170,2014-08,Essex Police,Essex Police,0.648260,51.558695,On or near Supermarket,E01015819,Southend-on-Sea 003F,Vehicle crime,Under investigation,
c6ea9ce67d536e3f14fcfb9dfa82f30691036e49f44aed92272ca088d2e3effe,2014-08,Essex Police,Essex Police,0.648260,51.558695,On or near Supermarket,E01015819,Southend-on-Sea 003F,Violence and sexual offences,Under investigation,
,2014-08,Essex Police,Essex Police,0.674415,51.555691,On or near Mannering Gardens,E01015857,Southend-on-Sea 004A,Anti-social behaviour,,
,2014-08,Essex Police,Essex Police,0.671680,51.558254,On or near Cockethurst Close,E01015857,Southend-on-Sea 004A,Anti-social behaviour,,
,2014-08,Essex Police,Essex Police,0.673643,51.557049,On or near Winsford Gardens,E01015857,Southend-on-Sea 004A,Anti-social behaviour,,
c29fab0d20ddf65ec433aeece0ea76102eb0b50c9d3dc523ffcd69f6928a1169,2014-08,Essex Police,Essex Police,0.672590,51.558764,On or near Brampton Close,E01015857,Southend-on-Sea 004A,Burglary,Investigation complete; no suspect identified,
767e613c36169d37aefa35ec5f5d68371c539eef4eb51499bf975233076f84f8,2014-08,Essex Police,Essex Police,0.674415,51.555691,On or near Mannering Gardens,E01015857,Southend-on-Sea 004A,Vehicle crime,Investigation complete; no suspect identified,
251c474fd40a8e25dec30ce2324a74e7009192e07c187b3a956f9ea0434a8439,2014-08,Essex Police,Essex Police,0.673643,51.557049,On or near Winsford Gardens,E01015857,Southend-on-Sea 004A,Vehicle crime,Investigation complete; no suspect identified,
1ef1eceba7b1d2e5c6c879775417239202ed5919b8047170b83d4c097cb4040d,2014-08,Essex Police,Essex Police,0.673643,51.557049,On or near Winsford Gardens,E01015857,Southend-on-Sea 004A,Vehicle crime,Investigation complete; no suspect identified,
6f6eff56095f70910b3a69d78f0d8a322ea7f6d510cd5367eb0e74134b408a83,2014-08,Essex Police,Essex Police,0.674860,51.554179,On or near Kenilworth Gardens,E01015857,Southend-on-Sea 004A,Vehicle crime,Investigation complete; no suspect identified,
041b072044308536c70a6b381649a7f44e6c5ebc76aa5921457d9486f9ea0d2a,2014-08,Essex Police,Essex Police,0.671680,51.558254,On or near Cockethurst Close,E01015857,Southend-on-Sea 004A,Violence and sexual offences,Under investigation,
c3f75f64f58037b8c6359a83a2be7ed7a4fcfec14099661f035480f6a2484e6c,2014-08,Essex Police,Essex Police,0.676660,51.558788,On or near Yeovil Chase,E01015857,Southend-on-Sea 004A,Violence and sexual offences,Under investigation,
,2014-08,Essex Police,Essex Police,0.689093,51.553827,On or near Hospital,E01015858,Southend-on-Sea 004B,Anti-social behaviour,,
,2014-08,Essex Police,Essex Police,0.689093,51.553827,On or near Hospital,E01015858,Southend-on-Sea 004B,Anti-social behaviour,,
,2014-08,Essex Police,Essex Police,0.689093,51.553827,On or near Hospital,E01015858,Southend-on-Sea 004B,Anti-social behaviour,,
,2014-08,Essex Police,Essex Police,0.689093,51.553827,On or near Hospital,E01015858,Southend-on-Sea 004B,Anti-social behaviour,,
,2014-08,Essex Police,Essex Police,0.689093,51.553827,On or near Hospital,E01015858,Southend-on-Sea 004B,Anti-social behaviour,,
,2014-08,Essex Police,Essex Police,0.689093,51.553827,On or near Hospital,E01015858,Southend-on-Sea 004B,Anti-social behaviour,,
,2014-08,Essex Police,Essex Police,0.689093,51.553827,On or near Hospital,E01015858,Southend-on-Sea 004B,Anti-social behaviour,,
,2014-08,Essex Police,Essex Police,0.687569,51.553187,On or near Parking Area,E01015858,Southend-on-Sea 004B,Anti-social behaviour,,
,2014-08,Essex Police,Essex Police,0.689093,51.553827,On or near Hospital,E01015858,Southend-on-Sea 004B,Anti-social behaviour,,
b0f727a6086b48029a664e9e7d3fda805cad70e52d6d6eaa3fe61a8640e1a36a,2014-08,Essex Police,Essex Police,0.679120,51.557194,On or near Southbourne Grove,E01015858,Southend-on-Sea 004B,Burglary,Investigation complete; no suspect identified,
91ab90c56a06db092b5ae172ce7a1c54696e4a6982796f4c358b7b5182f14988,2014-08,Essex Police,Essex Police,0.689093,51.553827,On or near Hospital,E01015858,Southend-on-Sea 004B,Criminal damage and arson,Offender given community sentence,
fe63b97180b1bb739deff942f0034b99c1813fb7bc1c823266ff000262b8bbfc,2014-08,Essex Police,Essex Police,0.689093,51.553827,On or near Hospital,E01015858,Southend-on-Sea 004B,Public order,Under investigation,
9474aacc5a7d786a70a0f6eacdecc65ff3eb278b71b972cfa990b7f72fae92c4,2014-08,Essex Police,Essex Police,0.678256,51.556233,On or near Southbourne Gardens,E01015858,Southend-on-Sea 004B,Vehicle crime,Investigation complete; no suspect identified,
a435decbbbe942c2ccd9854aa6641b7bd724eb24adb1832862e1534915dd1cff,2014-08,Essex Police,Essex Police,0.684980,51.554290,On or near Cardigan Avenue,E01015858,Southend-on-Sea 004B,Vehicle crime,Under investigation,
6ea9e25deb8eac3ace5ef973b7186a30d4f52d13fe9a9977f2c481b5602a67f8,2014-08,Essex Police,Essex Police,0.678256,51.556233,On or near Southbourne Gardens,E01015858,Southend-on-Sea 004B,Vehicle crime,Investigation complete; no suspect identified,
96ac79d696abf4b0bfd5e0a87880f51711248a953435fbfa0760952bd8a809f7,2014-08,Essex Police,Essex Police,0.675648,51.555312,On or near Merilies Gardens,E01015858,Southend-on-Sea 004B,Vehicle crime,Under investigation,
8cbacf25e354323e2baf1ce9f7a5308936c0698384a8bf0c1ee124123a6bc7fe,2014-08,Essex Police,Essex Police,0.689093,51.553827,On or near Hospital,E01015858,Southend-on-Sea 004B,Violence and sexual offences,Under investigation,
,2014-08,Essex Police,Essex Police,0.694535,51.555590,On or near Hobleythick Lane,E01015859,Southend-on-Sea 004C,Anti-social behaviour,,
,2014-08,Essex Police,Essex Police,0.696089,51.558451,On or near Rochford Road,E01015859,Southend-on-Sea 004C,Anti-social behaviour,,
,2014-08,Essex Police,Essex Police,0.696089,51.558451,On or near Rochford Road,E01015859,Southend-on-Sea 004C,Anti-social behaviour,,
1df7a2ea6ac2983ed072849cb65a268371149a50d1d0cf175d8f2ec7275ecaa8,2014-08,Essex Police,Essex Police,0.689690,51.557833,On or near Colemans Avenue,E01015859,Southend-on-Sea 004C,Burglary,Under investigation,
7874e07d743635136bd2388243b62890ed1346d7a7073a222ee6c6c76c982cdd,2014-08,Essex Police,Essex Police,0.686850,51.558114,On or near Rochester Drive,E01015859,Southend-on-Sea 004C,Burglary,Under investigation,
6f1482257e3c91c2b6a6779706601d63d0f155888c038f08c20c03de3dd273ae,2014-08,Essex Police,Essex Police,0.686839,51.556459,On or near Carlton Avenue,E01015859,Southend-on-Sea 004C,Burglary,Under investigation,
d86d88e61bbd6a69c9f624d0264dd3d7a7017cb07c62da576d868176a92311af,2014-08,Essex Police,Essex Police,0.694535,51.555590,On or near Hobleythick Lane,E01015859,Southend-on-Sea 004C,Criminal damage and arson,Awaiting court outcome,
38de284f2ca39c0725e9d9f80ab0a10b35d668f5067fa96ca2a3a02626c7b363,2014-08,Essex Police,Essex Police,0.696045,51.558191,On or near Petrol Station,E01015859,Southend-on-Sea 004C,Criminal damage and arson,Investigation complete; no suspect identified,
c55e1e4b160a865ea8fc54ebcf3f1e417a4e40b573306d0dda65f7909c62acad,2014-08,Essex Police,Essex Police,0.694535,51.555590,On or near Hobleythick Lane,E01015859,Southend-on-Sea 004C,Drugs,Under investigation,
3bbb84c1244e826810b89e50860b71fc37df1ce2039b0b6fe5afd85ae26ccb5a,2014-08,Essex Police,Essex Police,0.696045,51.558191,On or near Petrol Station,E01015859,Southend-on-Sea 004C,Other theft,Under investigation,
36bd92cce1119328dc8e18a717690c3eafbffddf1f32066060b20904fbea9a32,2014-08,Essex Police,Essex Police,0.686001,51.556937,On or near Rochester Mews,E01015859,Southend-on-Sea 004C,Public order,Under investigation,
,2014-08,Essex Police,Essex Police,0.692011,51.555109,On or near Lavender Mews,E01015860,Southend-on-Sea 004D,Anti-social behaviour,,
,2014-08,Essex Police,Essex Police,0.698314,51.556547,On or near Mayfield Avenue,E01015860,Southend-on-Sea 004D,Anti-social behaviour,,
b7adfded383f1ede0c0bcffeb945051a19c1bd46775c0d07d1edaf11b16089d4,2014-08,Essex Police,Essex Police,0.693269,51.551986,On or near Highfield Way,E01015860,Southend-on-Sea 004D,Burglary,Under investigation,
e17ad2b40b398cfa4a54432c4ccc29491ddcc7a82d8290e3cc6d20671a067532,2014-08,Essex Police,Essex Police,0.692115,51.551743,On or near Springfield Drive,E01015860,Southend-on-Sea 004D,Criminal damage and arson,Under investigation,
a02fa0fed9bc07256c556b4d136f9669a82026a7b82a20e10dab7c7dca7f6974,2014-08,Essex Police,Essex Police,0.698133,51.554473,On or near Earls Hall Avenue,E01015860,Southend-on-Sea 004D,Vehicle crime,Investigation complete; no suspect identified,
,2014-08,Essex Police,Essex Police,0.704765,51.550264,On or near Hill Road,E01015861,Southend-on-Sea 004E,Anti-social behaviour,,
,2014-08,Essex Police,Essex Police,0.704765,51.550264,On or near Hill Road,E01015861,Southend-on-Sea 004E,Anti-social behaviour,,
,2014-08,Essex Police,Essex Police,0.705168,51.555840,On or near Priory Crescent,E01015861,Southend-on-Sea 004E,Anti-social behaviour,,
,2014-08,Essex Police,Essex Police,0.706458,51.549623,On or near St Mary'S Road,E01015861,Southend-on-Sea 004E,Anti-social behaviour,,
,2014-08,Essex Police,Essex Police,0.703441,51.553964,On or near Parking Area,E01015861,Southend-on-Sea 004E,Anti-social behaviour,,
,2014-08,Essex Police,Essex Police,0.704765,51.550264,On or near Hill Road,E01015861,Southend-on-Sea 004E,Anti-social behaviour,,
,2014-08,Essex Police,Essex Police,0.704765,51.550264,On or near Hill Road,E01015861,Southend-on-Sea 004E,Anti-social behaviour,,
,2014-08,Essex Police,Essex Police,0.703470,51.547875,On or near West Street,E01015861,Southend-on-Sea 004E,Anti-social behaviour,,
,2014-08,Essex Police,Essex Police,0.704765,51.550264,On or near Hill Road,E01015861,Southend-on-Sea 004E,Anti-social behaviour,,
,2014-08,Essex Police,Essex Police,0.704765,51.550264,On or near Hill Road,E01015861,Southend-on-Sea 004E,Anti-social behaviour,,
,2014-08,Essex Police,Essex Police,0.704765,51.550264,On or near Hill Road,E01015861,Southend-on-Sea 004E,Anti-social behaviour,,
,2014-08,Essex Police,Essex Police,0.703441,51.553964,On or near Parking Area,E01015861,Southend-on-Sea 004E,Anti-social behaviour,,
,2014-08,Essex Police,Essex Police,0.701615,51.548952,On or near Sports/Recreation Area,E01015861,Southend-on-Sea 004E,Anti-social behaviour,,
,2014-08,Essex Police,Essex Police,0.703441,51.553964,On or near Parking Area,E01015861,Southend-on-Sea 004E,Anti-social behaviour,,
,2014-08,Essex Police,Essex Police,0.706458,51.549623,On or near St Mary'S Road,E01015861,Southend-on-Sea 004E,Anti-social behaviour,,
,2014-08,Essex Police,Essex Police,0.704765,51.550264,On or near Hill Road,E01015861,Southend-on-Sea 004E,Anti-social behaviour,,
,2014-08,Essex Police,Essex Police,0.704765,51.550264,On or near Hill Road,E01015861,Southend-on-Sea 004E,Anti-social behaviour,,
,2014-08,Essex Police,Essex Police,0.706472,51.550333,On or near Edith Road,E01015861,Southend-on-Sea 004E,Anti-social behaviour,,
,2014-08,Essex Police,Essex Police,0.704765,51.550264,On or near Hill Road,E01015861,Southend-on-Sea 004E,Anti-social behaviour,,
,2014-08,Essex Police,Essex Police,0.704765,51.550264,On or near Hill Road,E01015861,Southend-on-Sea 004E,Anti-social behaviour,,
,2014-08,Essex Police,Essex Police,0.704765,51.550264,On or near Hill Road,E01015861,Southend-on-Sea 004E,Anti-social behaviour,,
08812e9ee9cad444ddf80a5d0bb780cd13ec6b3e1c4889903b28c34de1c8586c,2014-08,Essex Police,Essex Police,0.704765,51.550264,On or near Hill Road,E01015861,Southend-on-Sea 004E,Burglary,Under investigation,
91b0aa402b9641eb7672288d8348c78e6dd7886a1ecc84b6e330a0aa15fc1f2a,2014-08,Essex Police,Essex Police,0.710239,51.550849,On or near Parking Area,E01015861,Southend-on-Sea 004E,Burglary,Investigation complete; no suspect identified,
aa8cc2cb3411b8d1208fb73b61fd839c06ce4a1fdfced5b4b518f5b0a342a95f,2014-08,Essex Police,Essex Police,0.700525,51.551981,On or near Burr Hill Chase,E01015861,Southend-on-Sea 004E,Burglary,Investigation complete; no suspect identified,
7b8a7b816bff539527fb9798cebf8f27c3d511748785b9b3e6222ab0a0fab065,2014-08,Essex Police,Essex Police,0.703284,51.548401,On or near Roots Hall Avenue,E01015861,Southend-on-Sea 004E,Burglary,Investigation complete; no suspect identified,
aa2bd9ddebfb226594bdb7f659429585ccb72b0cd95dc93995caace8362ee92d,2014-08,Essex Police,Essex Police,0.700166,51.552736,On or near Jones Close,E01015861,Southend-on-Sea 004E,Criminal damage and arson,Investigation complete; no suspect identified,
2ab0b872e92ea17282bfabb38c137b09c34bb74e5bfc44fd92e951681a82d29f,2014-08,Essex Police,Essex Police,0.708828,51.553570,On or near Eastern Avenue,E01015861,Southend-on-Sea 004E,Drugs,Under investigation,
d827d279539d3156e11b6c247e222a409669280150809a71ecef197920692e95,2014-08,Essex Police,Essex Police,0.702103,51.547700,On or near Petrol Station,E01015861,Southend-on-Sea 004E,Drugs,Local resolution,
780abdb9740c6f9698c6912500e72987762a7e88492962a6ffeefdc0455b4148,2014-08,Essex Police,Essex Police,0.708006,51.550666,On or near St Benet'S Road,E01015861,Southend-on-Sea 004E,Drugs,Awaiting court outcome,
cc3b5688cf840c6350e329d4d918d70322b92875e9100e3eef5fc999b0ad574d,2014-08,Essex Police,Essex Police,0.706412,51.551755,On or near Priory Crescent,E01015861,Southend-on-Sea 004E,Other theft,Investigation complete; no suspect identified,
24a2b9b7bbabc79cf2534f9177ed67b782d83df8e2396d702ab3713caa29cd42,2014-08,Essex Police,Essex Police,0.704765,51.550264,On or near Hill Road,E01015861,Southend-on-Sea 004E,Other theft,Under investigation,
7eb76858ff0419602c8c1cf74172f276406b7d59f27805932847bf31b88c8957,2014-08,Essex Police,Essex Police,0.701152,51.556239,On or near A127,E01015861,Southend-on-Sea 004E,Public order,Investigation complete; no suspect identified,
d5af87d538571caa7f5418ceb865782561b7ea15cab3f7f0fa92e272e0bf8908,2014-08,Essex Police,Essex Police,0.705168,51.555840,On or near Priory Crescent,E01015861,Southend-on-Sea 004E,Public order,Under investigation,
3f951ccc02d72079e20fabc41ca51b0641abc968f26953fa34e8464759c87f59,2014-08,Essex Police,Essex Police,0.708006,51.550666,On or near St Benet'S Road,E01015861,Southend-on-Sea 004E,Violence and sexual offences,Awaiting court outcome,
869e85c21ee447fea6ace7ba24dff471016e38bf9ad382f60a3ba7cc7a34796c,2014-08,Essex Police,Essex Police,0.704765,51.550264,On or near Hill Road,E01015861,Southend-on-Sea 004E,Violence and sexual offences,Under investigation,
12a3f94f71777b01306539b175e72387ea438786562afa82a45837d0208eb1d5,2014-08,Essex Police,Essex Police,0.703441,51.553964,On or near Parking Area,E01015861,Southend-on-Sea 004E,Violence and sexual offences,Under investigation,
3948a01be30a9dfcf5398560ee32cb15006173780b291a2b86fe75aa7e8c1561,2014-08,Essex Police,Essex Police,0.701615,51.548952,On or near Sports/Recreation Area,E01015861,Southend-on-Sea 004E,Violence and sexual offences,Under investigation,
94ac0379407a528d18a28f04bbd2dcb1a4a3d69db8a7050ef1e2a793cd44f3d7,2014-08,Essex Police,Essex Police,0.702103,51.547700,On or near Petrol Station,E01015861,Southend-on-Sea 004E,Violence and sexual offences,Under investigation,
cf600f7fec100d21e3d5dd7da78616c897daea1f468542702570a4bfbeacd970,2014-08,Essex Police,Essex Police,0.700525,51.551981,On or near Burr Hill Chase,E01015861,Southend-on-Sea 004E,Violence and sexual offences,Under investigation,
,2014-08,Essex Police,Essex Police,0.697240,51.545959,On or near Wenham Drive,E01015862,Southend-on-Sea 004F,Anti-social behaviour,,
,2014-08,Essex Police,Essex Police,0.697240,51.545959,On or near Wenham Drive,E01015862,Southend-on-Sea 004F,Anti-social behaviour,,
,2014-08,Essex Police,Essex Police,0.697836,51.547987,On or near Macdonald Avenue,E01015862,Southend-on-Sea 004F,Anti-social behaviour,,
,2014-08,Essex Police,Essex Police,0.699153,51.546113,On or near West Road,E01015862,Southend-on-Sea 004F,Anti-social behaviour,,
,2014-08,Essex Police,Essex Police,0.697240,51.545959,On or near Wenham Drive,E01015862,Southend-on-Sea 004F,Anti-social behaviour,,
,2014-08,Essex Police,Essex Police,0.696784,51.550448,On or near Shakespeare Avenue,E01015862,Southend-on-Sea 004F,Anti-social behaviour,,
,2014-08,Essex Police,Essex Police,0.696935,51.551281,On or near St George'S Drive,E01015862,Southend-on-Sea 004F,Anti-social behaviour,,
,2014-08,Essex Police,Essex Police,0.697240,51.545959,On or near Wenham Drive,E01015862,Southend-on-Sea 004F,Anti-social behaviour,,
,2014-08,Essex Police,Essex Police,0.698574,51.549247,On or near Gainsborough Drive,E01015862,Southend-on-Sea 004F,Anti-social behaviour,,
,2014-08,Essex Police,Essex Police,0.697836,51.547987,On or near Macdonald Avenue,E01015862,Southend-on-Sea 004F,Anti-social behaviour,,
,2014-08,Essex Police,Essex Police,0.698574,51.549247,On or near Gainsborough Drive,E01015862,Southend-on-Sea 004F,Anti-social behaviour,,
,2014-08,Essex Police,Essex Police,0.697240,51.545959,On or near Wenham Drive,E01015862,Southend-on-Sea 004F,Anti-social behaviour,,
90f499ead3704ee95b2b42b5815dafd64ce0e30fa74538176850bd6e3b6f77aa,2014-08,Essex Police,Essex Police,0.696784,51.550448,On or near Shakespeare Avenue,E01015862,Southend-on-Sea 004F,Burglary,Investigation complete; no suspect identified,
3ddcf0842755b8bfe5087fc7003ab6d47669add7d825432d56257415939af709,2014-08,Essex Police,Essex Police,0.696784,51.550448,On or near Shakespeare Avenue,E01015862,Southend-on-Sea 004F,Burglary,Under investigation,
5f8fbaac1ae9a37f9f7c72f96f2aca1d4d45e5ee990b3a8237d607182b6c0953,2014-08,Essex Police,Essex Police,0.698574,51.549247,On or near Gainsborough Drive,E01015862,Southend-on-Sea 004F,Criminal damage and arson,Under investigation,
13c8c83490ba1b39b286d92a1f35a1a52d24ee39313a60efd1ee773604f5ecdf,2014-08,Essex Police,Essex Police,0.699153,51.546113,On or near West Road,E01015862,Southend-on-Sea 004F,Drugs,Under investigation,
1342c961622b5540f4b388ac6b5d3048c14815463020b3510c22b234b7baba65,2014-08,Essex Police,Essex Police,0.699153,51.546113,On or near West Road,E01015862,Southend-on-Sea 004F,Other theft,Investigation complete; no suspect identified,
b174a62b181560977d131f9995345ed39542f07b3c10c0ec11acddb7d9b2fdd1,2014-08,Essex Police,Essex Police,0.701844,51.548200,On or near Roots Hall Drive,E01015862,Southend-on-Sea 004F,Other theft,Under investigation,
6dd78a742d10fa2c447d422a780f6d19bd54608aabd5724b142730a8f4652e97,2014-08,Essex Police,Essex Police,0.698574,51.549247,On or near Gainsborough Drive,E01015862,Southend-on-Sea 004F,Other theft,Under investigation,
41b71860a499d7c27989564483730d07df28985024ae72b263793893e7ffb6e5,2014-08,Essex Police,Essex Police,0.702180,51.550693,On or near Hospital,E01015862,Southend-on-Sea 004F,Possession of weapons,Unable to prosecute suspect,
4094abec30ac5d75b5082a7537aae8750ac4c4e3ae64cf8459892ee709c7f7b3,2014-08,Essex Police,Essex Police,0.698574,51.549247,On or near Gainsborough Drive,E01015862,Southend-on-Sea 004F,Possession of weapons,Awaiting court outcome,
ee7e784a0b6e24a7c89dc5e1f56da35e31a74321a064ddd26bbb8ac2699b2d30,2014-08,Essex Police,Essex Police,0.699153,51.546113,On or near West Road,E01015862,Southend-on-Sea 004F,Violence and sexual offences,Offender given conditional discharge,
2f651720fc11e2156d1a9ffb8b186fcf32f0e802b86ecf125b170abcd0b7502d,2014-08,Essex Police,Essex Police,0.701844,51.548200,On or near Roots Hall Drive,E01015862,Southend-on-Sea 004F,Violence and sexual offences,Under investigation,
1f324740cf2bf50e27296d3fdf02af7890578cf07d0e3ecb84b5feb38cf61c18,2014-08,Essex Police,Essex Police,0.696935,51.551281,On or near St George'S Drive,E01015862,Southend-on-Sea 004F,Violence and sexual offences,Unable to prosecute suspect,
18b2eb729f344e5983d7e626be9baa259b7d759c6311831a19cc2af8806814c0,2014-08,Essex Police,Essex Police,0.701844,51.548200,On or near Roots Hall Drive,E01015862,Southend-on-Sea 004F,Violence and sexual offences,Under investigation,
,2014-08,Essex Police,Essex Police,0.665118,51.551640,On or near Kent Avenue,E01015820,Southend-on-Sea 005A,Anti-social behaviour,,
,2014-08,Essex Police,Essex Police,0.665099,51.553043,On or near Suffolk Avenue,E01015820,Southend-on-Sea 005A,Anti-social behaviour,,
,2014-08,Essex Police,Essex Police,0.659313,51.551052,On or near Greenacre Mews,E01015820,Southend-on-Sea 005A,Anti-social behaviour,,
,2014-08,Essex Police,Essex Police,0.665118,51.551640,On or near Kent Avenue,E01015820,Southend-on-Sea 005A,Anti-social behaviour,,
970418162c7849ab700748957b22af347c52f3759371c4b1929ea70fd9c392fe,2014-08,Essex Police,Essex Police,0.666055,51.549415,On or near Glenbervie Drive,E01015820,Southend-on-Sea 005A,Bicycle theft,Investigation complete; no suspect identified,
6a7b3f085d621f23b7616e7198aef596938ae0579e2c0004ec1328b2e3199e16,2014-08,Essex Police,Essex Police,0.659313,51.551052,On or near Greenacre Mews,E01015820,Southend-on-Sea 005A,Burglary,Investigation complete; no suspect identified,
c9da3e667f7f1741856640d8056ba88308679971a41ed7b736f3c6c7f9e5707c,2014-08,Essex Police,Essex Police,0.659313,51.551052,On or near Greenacre Mews,E01015820,Southend-on-Sea 005A,Burglary,Investigation complete; no suspect identified,
a37dbd0ae09f7927834633134db5b8e376f4a40d510297783aa7489be1b52ffc,2014-08,Essex Police,Essex Police,0.665099,51.553043,On or near Suffolk Avenue,E01015820,Southend-on-Sea 005A,Criminal damage and arson,Under investigation,
09b95794f34128fe728d95db40afaf7bcb875fee7b5d6a3e29ce1b5e618d022f,2014-08,Essex Police,Essex Police,0.663656,51.551808,On or near Norfolk Avenue,E01015820,Southend-on-Sea 005A,Public order,Unable to prosecute suspect,
8e750bb316c141837b889b71043e6c686c8b9608d771ee68801dc31562c98405,2014-08,Essex Police,Essex Police,0.666055,51.549415,On or near Glenbervie Drive,E01015820,Southend-on-Sea 005A,Vehicle crime,Investigation complete; no suspect identified,
8f2942e84e04ff9903348c7d2beb65c256785aa7f593b424225602a6f28eaf86,2014-08,Essex Police,Essex Police,0.666055,51.549415,On or near Glenbervie Drive,E01015820,Southend-on-Sea 005A,Vehicle crime,Investigation complete; no suspect identified,
,2014-08,Essex Police,Essex Police,0.667012,51.548269,On or near Birchwood Drive,E01015821,Southend-on-Sea 005B,Anti-social behaviour,,
,2014-08,Essex Police,Essex Police,0.658225,51.547974,On or near Supermarket,E01015821,Southend-on-Sea 005B,Anti-social behaviour,,
,2014-08,Essex Police,Essex Police,0.658225,51.547974,On or near Supermarket,E01015821,Southend-on-Sea 005B,Anti-social behaviour,,
c6ee58ab3a8b9de796d05219fda01295f774b6f3824987b191feb024e89746ce,2014-08,Essex Police,Essex Police,0.658225,51.547974,On or near Supermarket,E01015821,Southend-on-Sea 005B,Other theft,Unable to prosecute suspect,
5ad5098a50bd445376d246575ace5e72c8ded15c95232a096853b510576f14ac,2014-08,Essex Police,Essex Police,0.665100,51.548376,On or near Grange Park Drive,E01015821,Southend-on-Sea 005B,Shoplifting,Under investigation,
6d9c4cf364d95881d70e8aa74ee3acb73e186f200873aa7be8656a9e249cfc47,2014-08,Essex Police,Essex Police,0.658225,51.547974,On or near Supermarket,E01015821,Southend-on-Sea 005B,Theft from the person,Investigation complete; no suspect identified,
fdcf3e0d5719c1c8bb7a2c1fa5e301c546867d981932eb2b50946adf935fb304,2014-08,Essex Police,Essex Police,0.661580,51.548617,On or near Clova Road,E01015821,Southend-on-Sea 005B,Violence and sexual offences,Under investigation,
,2014-08,Essex Police,Essex Police,0.674865,51.551562,On or near Clatterfield Gardens,E01015822,Southend-on-Sea 005C,Anti-social behaviour,,
,2014-08,Essex Police,Essex Police,0.676918,51.549419,On or near Sandown Avenue,E01015822,Southend-on-Sea 005C,Anti-social behaviour,,
,2014-08,Essex Police,Essex Police,0.668023,51.548786,On or near Darlinghurst Grove,E01015823,Southend-on-Sea 005D,Anti-social behaviour,,
fbd6507fbbc3ee4957bbd63e7212fe5622bd3c6c9fac4142a82d5651f78efdc9,2014-08,Essex Police,Essex Police,0.672447,51.546482,On or near Howards Close,E01015823,Southend-on-Sea 005D,Bicycle theft,Under investigation,
a83900465ce0423234c03cb0925f486793748afbb62289292b94bee9c682055a,2014-08,Essex Police,Essex Police,0.672578,51.547981,On or near Nelson Road,E01015823,Southend-on-Sea 005D,Burglary,Under investigation,
f162a9480df32201eaeead2c1a0261031c84d4fab6507630b617c937ff6dabee,2014-08,Essex Police,Essex Police,0.672053,51.546158,On or near London Road,E01015823,Southend-on-Sea 005D,Burglary,Investigation complete; no suspect identified,
fb6b8b29da55a84119f22313e16ffeeb88d605c9b0af9490acf87992c37d51b0,2014-08,Essex Police,Essex Police,0.668023,51.548786,On or near Darlinghurst Grove,E01015823,Southend-on-Sea 005D,Vehicle crime,Investigation complete; no suspect identified,
4bf13e982d7fbaa6572d36e5ea8f78f52c28af66f5258d40f3b5b774616d32ee,2014-08,Essex Police,Essex Police,0.672447,51.546482,On or near Howards Close,E01015823,Southend-on-Sea 005D,Violence and sexual offences,Under investigation,
,2014-08,Essex Police,Essex Police,0.669831,51.561426,On or near Martock Avenue,E01015824,Southend-on-Sea 005E,Anti-social behaviour,,
,2014-08,Essex Police,Essex Police,0.673300,51.562516,On or near Charles Close,E01015824,Southend-on-Sea 005E,Anti-social behaviour,,
,2014-08,Essex Police,Essex Police,0.667652,51.560180,On or near Bridgwater Drive,E01015824,Southend-on-Sea 005E,Anti-social behaviour,,
c353ace9f8170c2137f33197c60dcd6d259469c71dc740ca5989399256e01842,2014-08,Essex Police,Essex Police,0.673300,51.562516,On or near Charles Close,E01015824,Southend-on-Sea 005E,Criminal damage and arson,Investigation complete; no suspect identified,
846c0d25fa56e1f1faaf975960276f7f61bd17ae07ee6aa490bac175ab9b45db,2014-08,Essex Police,Essex Police,0.671574,51.561134,On or near Mendip Crescent,E01015824,Southend-on-Sea 005E,Criminal damage and arson,Investigation complete; no suspect identified,
7aa656962365d339cc3130d286798a6b63def5484dc9ac622e7b6687591a9fcc,2014-08,Essex Police,Essex Police,0.673300,51.562516,On or near Charles Close,E01015824,Southend-on-Sea 005E,Public order,Unable to prosecute suspect,
129eb5fab42ef45b9583582007fdabeb904d5dc7c175426cc7064d7afdd95821,2014-08,Essex Police,Essex Police,0.672453,51.561609,On or near Bruton Avenue,E01015824,Southend-on-Sea 005E,Violence and sexual offences,Under investigation,
d8e530125a10b07f7dcc0a542f3021e0a5467d3275e6a8676a56d66b26267d95,2014-08,Essex Police,Essex Police,0.671574,51.561134,On or near Mendip Crescent,E01015824,Southend-on-Sea 005E,Violence and sexual offences,Under investigation,
6c42771ec247d6909e9763cfd54ef0a9ec02d12eed14c91e7010dedb3c09d5ff,2014-08,Essex Police,Essex Police,0.665861,51.562865,On or near Rayleigh Road,E01015824,Southend-on-Sea 005E,Violence and sexual offences,Under investigation,
,2014-08,Essex Police,Essex Police,0.662070,51.560469,On or near Stonehill Close,E01015825,Southend-on-Sea 005F,Anti-social behaviour,,
,2014-08,Essex Police,Essex Police,0.664290,51.560427,On or near Danbury Close,E01015825,Southend-on-Sea 005F,Anti-social behaviour,,
dceac1d9205be202431066bad6df9d29b76f10587d3bf5216d489f3382df2462,2014-08,Essex Police,Essex Police,0.666434,51.558598,On or near Treelawn Drive,E01015825,Southend-on-Sea 005F,Burglary,Under investigation,
ded7e1aeeca7ae3194e272f9c1fb3f02bb6c8fe45aff036c1fd14ce1dc423017,2014-08,Essex Police,Essex Police,0.663250,51.560415,On or near Tiptree Close,E01015825,Southend-on-Sea 005F,Other theft,Under investigation,
b8d588a26b42965367e9576b676fce6a4d80ec92fb75c85135076ec88e895c83,2014-08,Essex Police,Essex Police,0.663250,51.560415,On or near Tiptree Close,E01015825,Southend-on-Sea 005F,Public order,Local resolution,
0f12ee4ff5dec7e996895b4b133b6bfecfc09d6db618a3592e097aed0a55dfe3,2014-08,Essex Police,Essex Police,0.663250,51.560415,On or near Tiptree Close,E01015825,Southend-on-Sea 005F,Vehicle crime,Investigation complete; no suspect identified,
8c5e55188224b0b6e29a1b8b516c50c3cc58d025df3368b39af20fc34225c8b7,2014-08,Essex Police,Essex Police,0.663250,51.560415,On or near Tiptree Close,E01015825,Southend-on-Sea 005F,Vehicle crime,Investigation complete; no suspect identified,
4f24f3b29a6955034700db3abf68f31f8892e8ddcce7274c8fcfdca6e6923436,2014-08,Essex Police,Essex Police,0.664142,51.558641,On or near Sandhurst Crescent,E01015825,Southend-on-Sea 005F,Vehicle crime,Investigation complete; no suspect identified,
d5d81ba3e62bd971667864e2164d5b2dc8167e7fea17f1ad6d5ef1451a7fe500,2014-08,Essex Police,Essex Police,0.663250,51.560415,On or near Tiptree Close,E01015825,Southend-on-Sea 005F,Vehicle crime,Investigation complete; no suspect identified,
481619942a5612246225668da77351c00cef0cde813f5e1ddc91b54d1b08be63,2014-08,Essex Police,Essex Police,0.663106,51.561650,On or near Highbank Close,E01015825,Southend-on-Sea 005F,Violence and sexual offences,Under investigation,
,2014-08,Essex Police,Essex Police,0.659467,51.556418,On or near Merryfield Approach,E01015826,Southend-on-Sea 005G,Anti-social behaviour,,
d38e3fabbe3bb82ef2ca373260613a723c5d9d88d26c7f0e17ea9540857a243f,2014-08,Essex Police,Essex Police,0.656952,51.552626,On or near Blenheim Mews,E01015826,Southend-on-Sea 005G,Burglary,Under investigation,
17bfffebf85fe572ccd81149e1a21950f28d853ae06f5de4bf01e7f74a7247d2,2014-08,Essex Police,Essex Police,0.659661,51.554300,On or near Harridge Road,E01015826,Southend-on-Sea 005G,Criminal damage and arson,Investigation complete; no suspect identified,
0457e2939828929e40b0016e9254090f5fb542b52658d058862d54e42f834a82,2014-08,Essex Police,Essex Police,0.658840,51.558024,On or near Picketts Avenue,E01015826,Southend-on-Sea 005G,Vehicle crime,Investigation complete; no suspect identified,
3381f6da4677703efdf59ac139c1dd10609da195ebd724fa9428631f382272f0,2014-08,Essex Police,Essex Police,0.657232,51.557179,On or near Essex Gardens,E01015826,Southend-on-Sea 005G,Violence and sexual offences,Under investigation,
,2014-08,Essex Police,Essex Police,0.724423,51.546563,On or near Ely Road,E01015869,Southend-on-Sea 006A,Anti-social behaviour,,
92507877a07f703118795beee3f6ca9a3c448ff280769e51ba84f7e1b3c1337a,2014-08,Essex Police,Essex Police,0.725456,51.549606,On or near St Luke'S Road,E01015869,Southend-on-Sea 006A,Other theft,Under investigation,
,2014-08,Essex Police,Essex Police,0.728988,51.546205,On or near North Avenue,E01015870,Southend-on-Sea 006B,Anti-social behaviour,,
,2014-08,Essex Police,Essex Police,0.732107,51.547697,On or near Seaforth Grove,E01015870,Southend-on-Sea 006B,Anti-social behaviour,,
,2014-08,Essex Police,Essex Police,0.733292,51.547490,On or near Lonsdale Road,E01015870,Southend-on-Sea 006B,Anti-social behaviour,,
ad187f0844bb27a078bdc4bc9c7de088bfcf58e1e63b98b601840878dd9aaad4,2014-08,Essex Police,Essex Police,0.732557,51.548946,On or near Rylands Road,E01015870,Southend-on-Sea 006B,Burglary,Investigation complete; no suspect identified,
8d4d2671ab2e5aa237361a8e2bdb39b578449fe3a6e1c7d737489c0d1b6cf34c,2014-08,Essex Police,Essex Police,0.727312,51.544706,On or near South Mews,E01015870,Southend-on-Sea 006B,Criminal damage and arson,Investigation complete; no suspect identified,
4e65620ce34af157d7f57028822e2e155ded185e2e29d935e41239f4355ff94b,2014-08,Essex Police,Essex Police,0.727326,51.544211,On or near Lyme Road,E01015870,Southend-on-Sea 006B,Criminal damage and arson,Under investigation,
e3f5221c3c349b25e6765c941e18d204fd553ade1ddf769949217194277b3630,2014-08,Essex Police,Essex Police,0.727312,51.544706,On or near South Mews,E01015870,Southend-on-Sea 006B,Violence and sexual offences,Awaiting court outcome,
,2014-08,Essex Police,Essex Police,0.722991,51.554474,On or near Eastern Avenue,E01015871,Southend-on-Sea 006C,Anti-social behaviour,,
,2014-08,Essex Police,Essex Police,0.724546,51.555868,On or near Supermarket,E01015871,Southend-on-Sea 006C,Anti-social behaviour,,
,2014-08,Essex Police,Essex Police,0.719761,51.554738,On or near Sports/Recreation Area,E01015871,Southend-on-Sea 006C,Anti-social behaviour,,
,2014-08,Essex Police,Essex Police,0.724776,51.550296,On or near Selbourne Road,E01015871,Southend-on-Sea 006C,Anti-social behaviour,,
,2014-08,Essex Police,Essex Police,0.722991,51.554474,On or near Eastern Avenue,E01015871,Southend-on-Sea 006C,Anti-social behaviour,,
,2014-08,Essex Police,Essex Police,0.722991,51.554474,On or near Eastern Avenue,E01015871,Southend-on-Sea 006C,Anti-social behaviour,,
,2014-08,Essex Police,Essex Police,0.719761,51.554738,On or near Sports/Recreation Area,E01015871,Southend-on-Sea 006C,Anti-social behaviour,,
,2014-08,Essex Police,Essex Police,0.722846,51.550107,On or near Lyndale Avenue,E01015871,Southend-on-Sea 006C,Anti-social behaviour,,
,2014-08,Essex Police,Essex Police,0.718647,51.550330,On or near Stuart Road,E01015871,Southend-on-Sea 006C,Anti-social behaviour,,
,2014-08,Essex Police,Essex Police,0.722991,51.554474,On or near Eastern Avenue,E01015871,Southend-on-Sea 006C,Anti-social behaviour,,
,2014-08,Essex Police,Essex Police,0.724776,51.550296,On or near Selbourne Road,E01015871,Southend-on-Sea 006C,Anti-social behaviour,,
36b314146bdcd95c18d2e9323d2c398e846fbf51b872abf07bee039732131e30,2014-08,Essex Police,Essex Police,0.724776,51.550296,On or near Selbourne Road,E01015871,Southend-on-Sea 006C,Burglary,Under investigation,
27b7a3282993803e939fcbf9e53962480bcbcb723c191d588c9354b2543e1d8e,2014-08,Essex Police,Essex Police,0.724162,51.553539,On or near Waltham Crescent,E01015871,Southend-on-Sea 006C,Criminal damage and arson,Investigation complete; no suspect identified,
e0ef08a61a6b6135cd52f24fe9784c0b4249b11faa6122b60dde031cb74834c5,2014-08,Essex Police,Essex Police,0.719761,51.554738,On or near Sports/Recreation Area,E01015871,Southend-on-Sea 006C,Criminal damage and arson,Under investigation,
00cf25a019036610365dd2d4ffd8ab54fc7d00f1168975616631bb01f26c4e57,2014-08,Essex Police,Essex Police,0.725627,51.556329,On or near Fossetts Way,E01015871,Southend-on-Sea 006C,Other theft,Under investigation,
725d7a8074547efae5322534b52f35b3389e028cb027ca0a6c077c09c60b4c8a,2014-08,Essex Police,Essex Police,0.725627,51.556329,On or near Fossetts Way,E01015871,Southend-on-Sea 006C,Other theft,Investigation complete; no suspect identified,
5ce7563ee84627bc638e40324dc1911a84d9825a73b4103b16abefcdc0b46b46,2014-08,Essex Police,Essex Police,0.724162,51.553539,On or near Waltham Crescent,E01015871,Southend-on-Sea 006C,Other theft,Investigation complete; no suspect identified,
7bd441ac74514856c80e4e21f271ad989c5ee32d3052384cef29fc4c46ede659,2014-08,Essex Police,Essex Police,0.724546,51.555868,On or near Supermarket,E01015871,Southend-on-Sea 006C,Public order,Unable to prosecute suspect,
2901247afe9c8c87d4be0f4fa72a1d096cf50684a4144fb9276557082fcec245,2014-08,Essex Police,Essex Police,0.724546,51.555868,On or near Supermarket,E01015871,Southend-on-Sea 006C,Public order,Offender given a caution,
7f1a7ba6badab3491ec6fe2863f1f949ac5a38ff08a7062cefe39e64cba34d99,2014-08,Essex Police,Essex Police,0.725627,51.556329,On or near Fossetts Way,E01015871,Southend-on-Sea 006C,Shoplifting,Under investigation,
a53f7a9b9495bf231aa144e8fb38fc87e9dd7bda0892ba961c38a37d58c2f1c2,2014-08,Essex Police,Essex Police,0.724776,51.550296,On or near Selbourne Road,E01015871,Southend-on-Sea 006C,Shoplifting,Under investigation,
3ce17af16dc69fe5d8b56ee3f546dfb9249639bdb4b1574e8a6ae721317679d2,2014-08,Essex Police,Essex Police,0.724776,51.550296,On or near Selbourne Road,E01015871,Southend-on-Sea 006C,Shoplifting,Offender sent to prison,
86ec2e304f2bafe15b8c1a8a329ad15ace63d0d9ec0bc6c3d76ac8b1bfbc45b9,2014-08,Essex Police,Essex Police,0.727588,51.554386,On or near Hospital,E01015871,Southend-on-Sea 006C,Shoplifting,Suspect charged as part of another case,
aeb70a7d4933b9c11927422c3e3818959265feab8be03e32c76d5b30f242c01c,2014-08,Essex Police,Essex Police,0.722651,51.553376,On or near Weybourne Gardens,E01015871,Southend-on-Sea 006C,Vehicle crime,Investigation complete; no suspect identified,
afbba8efe7a19647fbe15df89c124489f447ec7dadf2be83e5d8a52fea643f87,2014-08,Essex Police,Essex Police,0.723523,51.552753,On or near Weybourne Close,E01015871,Southend-on-Sea 006C,Vehicle crime,Under investigation,
6afea98a53bb8f9eadc61e092948d1998b6137d5aa8d35772f0cb2c709e12f5a,2014-08,Essex Police,Essex Police,0.724776,51.550296,On or near Selbourne Road,E01015871,Southend-on-Sea 006C,Vehicle crime,Investigation complete; no suspect identified,
c4f28482754f7dfa1e609e252f159f0ce7756f77f7734322817f624b58f99fc5,2014-08,Essex Police,Essex Police,0.719761,51.554738,On or near Sports/Recreation Area,E01015871,Southend-on-Sea 006C,Violence and sexual offences,Investigation complete; no suspect identified,
cefb6ac77592e565c416ebf45cc5319a2413472a88ce3c23970ddcc38eb1740f,2014-08,Essex Police,Essex Police,0.724776,51.550296,On or near Selbourne Road,E01015871,Southend-on-Sea 006C,Other crime,Court case unable to proceed,
,2014-08,Essex Police,Essex Police,0.734848,51.547462,On or near Durham Road,E01015872,Southend-on-Sea 006D,Anti-social behaviour,,
62e141971ac087e4ad9557983a2bbe0991e1d2d91208caa1599d01d991ce10e6,2014-08,Essex Police,Essex Police,0.731917,51.544284,On or near Trinity Road,E01015872,Southend-on-Sea 006D,Burglary,Under investigation,
68cb6b403e152ce0512b7b37b616c29e14a20d889a6240f24e5dda15f906012a,2014-08,Essex Police,Essex Police,0.731917,51.544284,On or near Trinity Road,E01015872,Southend-on-Sea 006D,Drugs,Awaiting court outcome,
b4c47916ea7ee137d37113aa98ff69acebbb3d331f8c064fe037da2573d5cfb1,2014-08,Essex Police,Essex Police,0.731917,51.544284,On or near Trinity Road,E01015872,Southend-on-Sea 006D,Violence and sexual offences,Unable to prosecute suspect,
,2014-08,Essex Police,Essex Police,0.732526,51.543622,On or near Stornoway Road,E01015873,Southend-on-Sea 006E,Anti-social behaviour,,
,2014-08,Essex Police,Essex Police,0.732526,51.543622,On or near Stornoway Road,E01015873,Southend-on-Sea 006E,Anti-social behaviour,,
,2014-08,Essex Police,Essex Police,0.736833,51.543045,On or near Beaufort Street,E01015873,Southend-on-Sea 006E,Anti-social behaviour,,
,2014-08,Essex Police,Essex Police,0.735031,51.542817,On or near Richmond Street,E01015873,Southend-on-Sea 006E,Anti-social behaviour,,
cbe68c86b6a2bd2af426efec40ce1cb91139f581ffb6565d387d2278374928d3,2014-08,Essex Police,Essex Police,0.735932,51.542931,On or near Moseley Street,E01015873,Southend-on-Sea 006E,Other theft,Under investigation,
121c41565dff1dcda8ef4418e95a332f338c3e80a05366f0007210d36a65ae9b,2014-08,Essex Police,Essex Police,0.735898,51.541889,On or near Glenmore Street,E01015873,Southend-on-Sea 006E,Vehicle crime,Investigation complete; no suspect identified,
23d0c9397816c61b8c811c3d2b6a2ea19c09e46871e18e28b6e1578a2ba381aa,2014-08,Essex Police,Essex Police,0.735031,51.542817,On or near Richmond Street,E01015873,Southend-on-Sea 006E,Vehicle crime,Investigation complete; no suspect identified,
,2014-08,Essex Police,Essex Police,0.710593,51.554384,On or near Supermarket,E01015874,Southend-on-Sea 006F,Anti-social behaviour,,
,2014-08,Essex Police,Essex Police,0.712101,51.551111,On or near Station Avenue,E01015874,Southend-on-Sea 006F,Anti-social behaviour,,
0c6bbadba070ab9327a59a6b5d8d7c47f25e8fc2540ea484ef8d05ae2eac8339,2014-08,Essex Police,Essex Police,0.712101,51.551111,On or near Station Avenue,E01015874,Southend-on-Sea 006F,Criminal damage and arson,Under investigation,
ed9c8c63a1711a1d4a1704d2796fb42b51fa7ed4de4f3c0f9288096a32758d0f,2014-08,Essex Police,Essex Police,0.710593,51.554384,On or near Supermarket,E01015874,Southend-on-Sea 006F,Criminal damage and arson,Investigation complete; no suspect identified,
0a39fdeee556d8c87fa03a38bf8569224301ea3129d119f264ccc40f7a574033,2014-08,Essex Police,Essex Police,0.716117,51.556783,On or near Sutton Road,E01015874,Southend-on-Sea 006F,Drugs,Under investigation,
3aec40183a590d2d068511b15be204526663cdfc027927c2b30c75a128d57cb9,2014-08,Essex Police,Essex Police,0.710593,51.554384,On or near Supermarket,E01015874,Southend-on-Sea 006F,Shoplifting,Offender given suspended prison sentence,
3b9ade6ef26bd5f1e167aea5cd323c7ed1d6ede193215d20d1a46849b4d4b160,2014-08,Essex Police,Essex Police,0.710096,51.557192,On or near Stock Close,E01015874,Southend-on-Sea 006F,Vehicle crime,Under investigation,
00012e5f48c8a9ff2487c605e9c6b885cf2f29ec33f8073b8408c72b60e2717c,2014-08,Essex Police,Essex Police,0.716117,51.556783,On or near Sutton Road,E01015874,Southend-on-Sea 006F,Vehicle crime,Investigation complete; no suspect identified,
d510b3a92e8ff35e9a364ddae259bca57d475fcc64105c9d973733a37d820dd4,2014-08,Essex Police,Essex Police,0.716117,51.556783,On or near Sutton Road,E01015874,Southend-on-Sea 006F,Violence and sexual offences,Under investigation,
,2014-08,Essex Police,Essex Police,0.728901,51.550524,On or near Pantile Avenue,E01015875,Southend-on-Sea 006G,Anti-social behaviour,,
,2014-08,Essex Police,Essex Police,0.735950,51.551879,On or near Hamstel Road,E01015875,Southend-on-Sea 006G,Anti-social behaviour,,
,2014-08,Essex Police,Essex Police,0.727917,51.549521,On or near Norwich Close,E01015875,Southend-on-Sea 006G,Anti-social behaviour,,
,2014-08,Essex Police,Essex Police,0.735950,51.551879,On or near Hamstel Road,E01015875,Southend-on-Sea 006G,Anti-social behaviour,,
,2014-08,Essex Police,Essex Police,0.727306,51.549904,On or near Norwich Avenue,E01015875,Southend-on-Sea 006G,Anti-social behaviour,,
,2014-08,Essex Police,Essex Police,0.727306,51.549904,On or near Norwich Avenue,E01015875,Southend-on-Sea 006G,Anti-social behaviour,,
,2014-08,Essex Police,Essex Police,0.731456,51.550806,On or near Peartree Close,E01015875,Southend-on-Sea 006G,Anti-social behaviour,,
,2014-08,Essex Police,Essex Police,0.734075,51.550691,On or near Eastcote Grove,E01015875,Southend-on-Sea 006G,Anti-social behaviour,,
,2014-08,Essex Police,Essex Police,0.728901,51.550524,On or near Pantile Avenue,E01015875,Southend-on-Sea 006G,Anti-social behaviour,,
,2014-08,Essex Police,Essex Police,0.735950,51.551879,On or near Hamstel Road,E01015875,Southend-on-Sea 006G,Anti-social behaviour,,
,2014-08,Essex Police,Essex Police,0.727917,51.549521,On or near Norwich Close,E01015875,Southend-on-Sea 006G,Anti-social behaviour,,
,2014-08,Essex Police,Essex Police,0.727306,51.549904,On or near Norwich Avenue,E01015875,Southend-on-Sea 006G,Anti-social behaviour,,
e25614f5ffa74f94d615bf32982358d74fec3c58be5db57283830a80d24e71de,2014-08,Essex Police,Essex Police,0.730569,51.550674,On or near St Edmund'S Close,E01015875,Southend-on-Sea 006G,Burglary,Investigation complete; no suspect identified,
1d4f9adff0ffdadcdc8d934503fea708bb0180c620c30d44670391018ade6ac3,2014-08,Essex Police,Essex Police,0.727306,51.549904,On or near Norwich Avenue,E01015875,Southend-on-Sea 006G,Criminal damage and arson,Investigation complete; no suspect identified,
6e17993d420a938b3e3b2462a33bf48ba42ec0ea3307b35eeacfa84fc0efa82b,2014-08,Essex Police,Essex Police,0.728901,51.550524,On or near Pantile Avenue,E01015875,Southend-on-Sea 006G,Drugs,Awaiting court outcome,
6c72a1d3303cd13236805db17583dd41264944e5a89d55a19e3d80acfac1adb4,2014-08,Essex Police,Essex Police,0.727917,51.549521,On or near Norwich Close,E01015875,Southend-on-Sea 006G,Other theft,Under investigation,
ed42e13d1ec08b8d61ef18ea67e6010798315147947fd01814c59bd4ac1a10c0,2014-08,Essex Police,Essex Police,0.728901,51.550524,On or near Pantile Avenue,E01015875,Southend-on-Sea 006G,Other theft,Under investigation,
fb6fd34fd569e3d881eaddc29c47ceedf946461629109a34b31974cc8d2d39cf,2014-08,Essex Police,Essex Police,0.735950,51.551879,On or near Hamstel Road,E01015875,Southend-on-Sea 006G,Other theft,Unable to prosecute suspect,
ee3d0f9e87a39121e1af222f860d6bdcd3fa94cb071487e9e52183170957ab76,2014-08,Essex Police,Essex Police,0.727306,51.549904,On or near Norwich Avenue,E01015875,Southend-on-Sea 006G,Violence and sexual offences,Local resolution,
63169f0f58c4850688fce25f4c54331b4505c5c061dbbb76f33ca7f3636bba9f,2014-08,Essex Police,Essex Police,0.735950,51.551879,On or near Hamstel Road,E01015875,Southend-on-Sea 006G,Violence and sexual offences,Under investigation,
1006c5245798a1e1481e4d8a1450a020f1c513246bf192f1ffe3568e2117ae96,2014-08,Essex Police,Essex Police,0.727306,51.549904,On or near Norwich Avenue,E01015875,Southend-on-Sea 006G,Violence and sexual offences,Unable to prosecute suspect,
7c4da87fced7e60d1a9aeee9b6ee2b037db98fdb543ef0c03e84d84789d67e6f,2014-08,Essex Police,Essex Police,0.735950,51.551879,On or near Hamstel Road,E01015875,Southend-on-Sea 006G,Violence and sexual offences,Under investigation,
,2014-08,Essex Police,Essex Police,0.685124,51.545473,On or near London Road,E01015901,Southend-on-Sea 007A,Anti-social behaviour,,
8670531bf7e72fdd57fd871409fd47562bd20e36f86cdb75e937eba1741ca6f4,2014-08,Essex Police,Essex Police,0.683614,51.548250,On or near Fleetwood Avenue,E01015901,Southend-on-Sea 007A,Burglary,Investigation complete; no suspect identified,
5efde2612bc48641c262a49e630a2ebfd6da2f1cd986eb78923edb46b4acd13b,2014-08,Essex Police,Essex Police,0.683614,51.548250,On or near Fleetwood Avenue,E01015901,Southend-on-Sea 007A,Burglary,Under investigation,
0918388f13efc9741a6e464b74dd2c9167eb9dc14bdfe2b820fb6f6a6d2ead71,2014-08,Essex Police,Essex Police,0.682650,51.548290,On or near Hildaville Drive,E01015901,Southend-on-Sea 007A,Vehicle crime,Under investigation,
33865b9e9110e3dd099466633452af420a086af77c2ba4a3443b11dff08a1c59,2014-08,Essex Police,Essex Police,0.682650,51.548290,On or near Hildaville Drive,E01015901,Southend-on-Sea 007A,Violence and sexual offences,Unable to prosecute suspect,
edf5e0c3027976af92422d034d5371db70bf484d3d4a733f8a8bc5c2e8737e2c,2014-08,Essex Police,Essex Police,0.685124,51.545473,On or near London Road,E01015901,Southend-on-Sea 007A,Violence and sexual offences,Investigation complete; no suspect identified,
85277b42c7d1e9dde2e5e8f6eee819c2fa1f0f0c9ce57a558e5a71630adc7739,2014-08,Essex Police,Essex Police,0.682650,51.548290,On or near Hildaville Drive,E01015901,Southend-on-Sea 007A,Violence and sexual offences,Under investigation,
,2014-08,Essex Police,Essex Police,0.687432,51.546940,On or near Westborough Road,E01015902,Southend-on-Sea 007B,Anti-social behaviour,,
,2014-08,Essex Police,Essex Police,0.687432,51.546940,On or near Westborough Road,E01015902,Southend-on-Sea 007B,Anti-social behaviour,,
,2014-08,Essex Police,Essex Police,0.687432,51.546940,On or near Westborough Road,E01015902,Southend-on-Sea 007B,Anti-social behaviour,,
,2014-08,Essex Police,Essex Police,0.691150,51.544444,On or near Supermarket,E01015902,Southend-on-Sea 007B,Anti-social behaviour,,
92f3786a2773d05425e923186240e394fd66540319d5818baddbdf413f83fb73,2014-08,Essex Police,Essex Police,0.687432,51.546940,On or near Westborough Road,E01015902,Southend-on-Sea 007B,Criminal damage and arson,Under investigation,
292b6a1cafd62608d32c396f2db78ca9c518dbd93f4d769ec7b283e047ecb385,2014-08,Essex Police,Essex Police,0.687432,51.546940,On or near Westborough Road,E01015902,Southend-on-Sea 007B,Criminal damage and arson,Under investigation,
9b229219ce656029006874f931ed650170cac5bd5fe7eeadbaa94e6f3cf18c7d,2014-08,Essex Police,Essex Police,0.687432,51.546940,On or near Westborough Road,E01015902,Southend-on-Sea 007B,Criminal damage and arson,Under investigation,
9f86e75e85ebfa2d74bf2fb1b726543da98cd30ec657e49f92894de0552d9012,2014-08,Essex Police,Essex Police,0.687432,51.546940,On or near Westborough Road,E01015902,Southend-on-Sea 007B,Criminal damage and arson,Under investigation,
8d3aaf551d8bbc4035c9e9fa3b086fb0fbd0416748026124acaace0abc97fe86,2014-08,Essex Police,Essex Police,0.687432,51.546940,On or near Westborough Road,E01015902,Southend-on-Sea 007B,Criminal damage and arson,Under investigation,
fb30244dfcbd65ea8847a8b2576ce9f50603166005eed5eb9a32e4eaaae3cdf1,2014-08,Essex Police,Essex Police,0.687432,51.546940,On or near Westborough Road,E01015902,Southend-on-Sea 007B,Criminal damage and arson,Under investigation,
6be46d97faf9d8b484808cd05e5e1f240d323fe644ac11dbb586029362bd55be,2014-08,Essex Police,Essex Police,0.691150,51.544444,On or near Supermarket,E01015902,Southend-on-Sea 007B,Criminal damage and arson,Under investigation,
7296dd6e3adeb5ab4097d19416cf26c4e6381339fb6d72892226e52254cb6c9f,2014-08,Essex Police,Essex Police,0.687432,51.546940,On or near Westborough Road,E01015902,Southend-on-Sea 007B,Criminal damage and arson,Under investigation,
873f8310d343d9a88cf5feba408e58094e4d124b1b6c22fb3eb5214d42a52993,2014-08,Essex Police,Essex Police,0.687432,51.546940,On or near Westborough Road,E01015902,Southend-on-Sea 007B,Criminal damage and arson,Under investigation,
cb0b8e55051d300569f125fd97047f3daa656b44196ae1466e3eb0a3d700dfa8,2014-08,Essex Police,Essex Police,0.691150,51.544444,On or near Supermarket,E01015902,Southend-on-Sea 007B,Other theft,Under investigation,
ee2df337a9d63eee7080282423db8c68754def515c4eb48fa54d3f436e2567f5,2014-08,Essex Police,Essex Police,0.691150,51.544444,On or near Supermarket,E01015902,Southend-on-Sea 007B,Shoplifting,Under investigation,
1e020b124b833cfcda605f80ec967dfd7e8ce6f2dde535f4edfe9b648814b598,2014-08,Essex Police,Essex Police,0.691150,51.544444,On or near Supermarket,E01015902,Southend-on-Sea 007B,Shoplifting,Under investigation,
bdc39b6fcc7a1eecd6cb636d17a115174ed0a713df314038618b8c17ccd2f62b,2014-08,Essex Police,Essex Police,0.691150,51.544444,On or near Supermarket,E01015902,Southend-on-Sea 007B,Shoplifting,Under investigation,
547db95eda65399fda349d80a2a9d65b733b2a4fdc3978c93062b352cd508241,2014-08,Essex Police,Essex Police,0.687432,51.546940,On or near Westborough Road,E01015902,Southend-on-Sea 007B,Violence and sexual offences,Under investigation,
213124bdc66b66c9312d507232b669287d4fe707b581baf936e76cb0454bd59f,2014-08,Essex Police,Essex Police,0.692323,51.546971,On or near Brightwell Avenue,E01015902,Southend-on-Sea 007B,Violence and sexual offences,Under investigation,
964c9df9879d53571412ef9485fa2cf548d27bf1715778217af9edcda0a123e6,2014-08,Essex Police,Essex Police,0.691150,51.544444,On or near Supermarket,E01015902,Southend-on-Sea 007B,Violence and sexual offences,Under investigation,
,2014-08,Essex Police,Essex Police,0.681655,51.548295,On or near Fairmead Avenue,E01015903,Southend-on-Sea 007C,Anti-social behaviour,,
0feebbc7858306ce8fc41c7bd3aa9bd77c0927f6f8254a7618d6426ad167cb98,2014-08,Essex Police,Essex Police,0.680675,51.548308,On or near Westminster Drive,E01015903,Southend-on-Sea 007C,Burglary,Under investigation,
b0efa160936dec15b43ed250a68d8f486561f34f43a207b764918cba604f727f,2014-08,Essex Police,Essex Police,0.681655,51.548295,On or near Fairmead Avenue,E01015903,Southend-on-Sea 007C,Vehicle crime,Investigation complete; no suspect identified,
53f179d04959fec9df5752a4c1568de9bfd5ace5f2cbd4413e1a308e847481f2,2014-08,Essex Police,Essex Police,0.681655,51.548295,On or near Fairmead Avenue,E01015903,Southend-on-Sea 007C,Violence and sexual offences,Unable to prosecute suspect,
,2014-08,Essex Police,Essex Police,0.686543,51.548021,On or near Southview Drive,E01015904,Southend-on-Sea 007D,Anti-social behaviour,,
,2014-08,Essex Police,Essex Police,0.689542,51.550678,On or near Fielding Way,E01015904,Southend-on-Sea 007D,Anti-social behaviour,,
,2014-08,Essex Police,Essex Police,0.689533,51.547593,On or near Westcliff Park Drive,E01015904,Southend-on-Sea 007D,Anti-social behaviour,,
,2014-08,Essex Police,Essex Police,0.687505,51.547945,On or near Electric Avenue,E01015904,Southend-on-Sea 007D,Anti-social behaviour,,
,2014-08,Essex Police,Essex Police,0.687405,51.550646,On or near Fairfax Drive,E01015904,Southend-on-Sea 007D,Anti-social behaviour,,
,2014-08,Essex Police,Essex Police,0.684606,51.548191,On or near Ronald Park Avenue,E01015904,Southend-on-Sea 007D,Anti-social behaviour,,
,2014-08,Essex Police,Essex Police,0.689542,51.550678,On or near Fielding Way,E01015904,Southend-on-Sea 007D,Anti-social behaviour,,
,2014-08,Essex Police,Essex Police,0.687405,51.550646,On or near Fairfax Drive,E01015904,Southend-on-Sea 007D,Anti-social behaviour,,
,2014-08,Essex Police,Essex Police,0.684606,51.548191,On or near Ronald Park Avenue,E01015904,Southend-on-Sea 007D,Anti-social behaviour,,
,2014-08,Essex Police,Essex Police,0.689542,51.550678,On or near Fielding Way,E01015904,Southend-on-Sea 007D,Anti-social behaviour,,
43e086d736338e58714750815be73fb9c4fc1ce192c4dc36dab852979574b347,2014-08,Essex Police,Essex Police,0.691952,51.550451,On or near Springfield Drive,E01015904,Southend-on-Sea 007D,Burglary,Under investigation,
9a75208af29b780f92e477c48f74d75ce780aff023121bf8e31f8e867eff8cd0,2014-08,Essex Police,Essex Police,0.684606,51.548191,On or near Ronald Park Avenue,E01015904,Southend-on-Sea 007D,Public order,Under investigation,
64856a03c6202e44e8727221b8649af661091e80af61faf8b082d5594e70b7e8,2014-08,Essex Police,Essex Police,0.687405,51.550646,On or near Fairfax Drive,E01015904,Southend-on-Sea 007D,Shoplifting,Investigation complete; no suspect identified,
16ece59760fbda793f420daf9a75f2e1eed0de02bc2aa5d1adbce03b8a23c206,2014-08,Essex Police,Essex Police,0.691952,51.550451,On or near Springfield Drive,E01015904,Southend-on-Sea 007D,Vehicle crime,Investigation complete; no suspect identified,
3f8bc9754eaf63096f929e1db48ec4b512a4a558aa4b5fb78ef783baba956a03,2014-08,Essex Police,Essex Police,0.686543,51.548021,On or near Southview Drive,E01015904,Southend-on-Sea 007D,Vehicle crime,Investigation complete; no suspect identified,
bca465ed063e0d9ccd51e53c7b6b77fc8c7692fd36d615a349882884ad430605,2014-08,Essex Police,Essex Police,0.689542,51.550678,On or near Fielding Way,E01015904,Southend-on-Sea 007D,Violence and sexual offences,Investigation complete; no suspect identified,
6ef0458515a135cd11500201771dcf92cec74615d4ed0cfd98c01eb6bd0928da,2014-08,Essex Police,Essex Police,0.689542,51.550678,On or near Fielding Way,E01015904,Southend-on-Sea 007D,Violence and sexual offences,Investigation complete; no suspect identified,
d7e2186f7f990cef08843a633e48774c86b7c56b2de12ac91aeb82d8092e51cd,2014-08,Essex Police,Essex Police,0.687405,51.550646,On or near Fairfax Drive,E01015904,Southend-on-Sea 007D,Violence and sexual offences,Awaiting court outcome,
1539fbe45e8f2c0de3c70be9d00b885dd94b2675b723c94d3eb4cdc5f6cc7aa4,2014-08,Essex Police,Essex Police,0.691952,51.550451,On or near Springfield Drive,E01015904,Southend-on-Sea 007D,Violence and sexual offences,Under investigation,
5fb6ef1996386636988bac964db31b4cfcec1bedf6429eccd459d4a3fe5509e7,2014-08,Essex Police,Essex Police,0.689542,51.550678,On or near Fielding Way,E01015904,Southend-on-Sea 007D,Violence and sexual offences,Under investigation,
,2014-08,Essex Police,Essex Police,0.677757,51.550695,On or near Cavendish Gardens,E01015905,Southend-on-Sea 007E,Anti-social behaviour,,
,2014-08,Essex Police,Essex Police,0.677696,51.545723,On or near Southbourne Grove,E01015905,Southend-on-Sea 007E,Anti-social behaviour,,
,2014-08,Essex Police,Essex Police,0.677696,51.545723,On or near Southbourne Grove,E01015905,Southend-on-Sea 007E,Anti-social behaviour,,
,2014-08,Essex Police,Essex Police,0.679735,51.548510,On or near Westbourne Grove,E01015905,Southend-on-Sea 007E,Anti-social behaviour,,
6a5eea51aed03b153cab1d146f90c29d6aa83e5e76b8e274a6398a6baa5ec50d,2014-08,Essex Police,Essex Police,0.677340,51.546541,On or near Wellington Avenue,E01015905,Southend-on-Sea 007E,Burglary,Under investigation,
83e4e5437ef6da1c8c124b3d6772812334595aec733c4d3fa428b73e1bf728fd,2014-08,Essex Police,Essex Police,0.677696,51.545723,On or near Southbourne Grove,E01015905,Southend-on-Sea 007E,Burglary,Investigation complete; no suspect identified,
09713d88110d0671b8af3a44b2924a6fa03848172e0f60b87a47e40a256f3859,2014-08,Essex Police,Essex Police,0.678742,51.548317,On or near St George'S Park Avenue,E01015905,Southend-on-Sea 007E,Drugs,Awaiting court outcome,
7f4d77602cc02c2517161f4640b5b516232e4aecde37fa4a6768593cdac93ff4,2014-08,Essex Police,Essex Police,0.677916,51.550944,On or near Southbourne Grove,E01015905,Southend-on-Sea 007E,Shoplifting,Under investigation,
fccd2fe64cc7a222e5cce4c1e4ac62690a867539cb7a27ff64ad1349c3fbe5d9,2014-08,Essex Police,Essex Police,0.677757,51.550695,On or near Cavendish Gardens,E01015905,Southend-on-Sea 007E,Vehicle crime,Under investigation,
1f79fb2a7d22988ed1dc231d0d95b1464ac7e058d52acb2dc9e1d5037e178b64,2014-08,Essex Police,Essex Police,0.677340,51.546541,On or near Wellington Avenue,E01015905,Southend-on-Sea 007E,Violence and sexual offences,Under investigation,
,2014-08,Essex Police,Essex Police,0.690490,51.547427,On or near Beedell Avenue,E01015906,Southend-on-Sea 007F,Anti-social behaviour,,
,2014-08,Essex Police,Essex Police,0.690490,51.547427,On or near Beedell Avenue,E01015906,Southend-on-Sea 007F,Anti-social behaviour,,
,2014-08,Essex Police,Essex Police,0.694245,51.547017,On or near Glenwood Avenue,E01015906,Southend-on-Sea 007F,Anti-social behaviour,,
,2014-08,Essex Police,Essex Police,0.690490,51.547427,On or near Beedell Avenue,E01015906,Southend-on-Sea 007F,Anti-social behaviour,,
,2014-08,Essex Police,Essex Police,0.695186,51.547076,On or near Inverness Avenue,E01015906,Southend-on-Sea 007F,Anti-social behaviour,,
,2014-08,Essex Police,Essex Police,0.690490,51.547427,On or near Beedell Avenue,E01015906,Southend-on-Sea 007F,Anti-social behaviour,,
,2014-08,Essex Police,Essex Police,0.690490,51.547427,On or near Beedell Avenue,E01015906,Southend-on-Sea 007F,Anti-social behaviour,,
e05e37b8ad36691291cd58056e883daa5c9c4bf316cafc2fcdd78f1215022a31,2014-08,Essex Police,Essex Police,0.691400,51.547208,On or near Ramuz Drive,E01015906,Southend-on-Sea 007F,Criminal damage and arson,Offender given conditional discharge,
82fe08a3c3ee53a33808c4f4a637bffbbd653447f45ebec36165b6b10465e397,2014-08,Essex Police,Essex Police,0.695186,51.547076,On or near Inverness Avenue,E01015906,Southend-on-Sea 007F,Vehicle crime,Under investigation,
80e8517ccab28f2230392d2590196a82873b1d43356ff4071caf33a3ec39566c,2014-08,Essex Police,Essex Police,0.690490,51.547427,On or near Beedell Avenue,E01015906,Southend-on-Sea 007F,Vehicle crime,Under investigation,
9f3a6d057a7b783e12a77cb57353ab86b0cef456f958cfb2e9df0c7285aaf7b0,2014-08,Essex Police,Essex Police,0.690490,51.547427,On or near Beedell Avenue,E01015906,Southend-on-Sea 007F,Other crime,Under investigation,
,2014-08,Essex Police,Essex Police,0.696113,51.547145,On or near Silverdale Avenue,E01015907,Southend-on-Sea 007G,Anti-social behaviour,,
,2014-08,Essex Police,Essex Police,0.694182,51.550103,On or near Highfield Crescent,E01015907,Southend-on-Sea 007G,Anti-social behaviour,,
,2014-08,Essex Police,Essex Police,0.694182,51.550103,On or near Highfield Crescent,E01015907,Southend-on-Sea 007G,Anti-social behaviour,,
9eaf5dd8850da61cbd39bc34e3c7b1c5a7a97204d077ad0f67b29ad73fb767db,2014-08,Essex Police,Essex Police,0.694182,51.550103,On or near Highfield Crescent,E01015907,Southend-on-Sea 007G,Criminal damage and arson,Investigation complete; no suspect identified,
28702609082cf072dd171bd3ed48147d51653fcad9fd8c3f4191a334524520ed,2014-08,Essex Police,Essex Police,0.696113,51.547145,On or near Silverdale Avenue,E01015907,Southend-on-Sea 007G,Criminal damage and arson,Investigation complete; no suspect identified,
3a5f7d916eecdd0d32693be30d9a13fa78c4295f6ad8e40ade5305797ff87c8e,2014-08,Essex Police,Essex Police,0.694182,51.550103,On or near Highfield Crescent,E01015907,Southend-on-Sea 007G,Other theft,Offender given a caution,
47a8c4b8edb070ea135f168609aad9368ccbb1cb1e881497e339ad0a15af0607,2014-08,Essex Police,Essex Police,0.697031,51.547304,On or near Wenham Drive,E01015907,Southend-on-Sea 007G,Vehicle crime,Investigation complete; no suspect identified,
,2014-08,Essex Police,Essex Police,0.635915,51.546823,On or near Park Road,E01015908,Southend-on-Sea 008A,Anti-social behaviour,,
,2014-08,Essex Police,Essex Police,0.632111,51.546135,On or near Chapmans Close,E01015908,Southend-on-Sea 008A,Anti-social behaviour,,
6bea02f5aa62a210882d1592f654906b094192a692079f5fb082ba0e143aff88,2014-08,Essex Police,Essex Police,0.631905,51.547578,On or near Darenth Road,E01015908,Southend-on-Sea 008A,Bicycle theft,Investigation complete; no suspect identified,
398ff7b8b58e47fbddab26a535dcb6de36eb16d4401806e1ac9adbfcbbc8a85e,2014-08,Essex Police,Essex Police,0.638999,51.544532,On or near Harley Street,E01015908,Southend-on-Sea 008A,Other theft,Investigation complete; no suspect identified,
7a256722153d65256d2e9553ad167d23d540a2150d27aad21f546e0b9106b322,2014-08,Essex Police,Essex Police,0.641409,51.545053,On or near Vernon Road,E01015908,Southend-on-Sea 008A,Vehicle crime,Unable to prosecute suspect,
1b818e48e5de6232a22fb62b10115856a23a0eab440ed6709326c949c420711f,2014-08,Essex Police,Essex Police,0.633435,51.544594,On or near Dale Road,E01015908,Southend-on-Sea 008A,Vehicle crime,Investigation complete; no suspect identified,
fded16890d7ea68787c07b0fb35ac448c4d86a4e8a7a00e39693f087e4a0f740,2014-08,Essex Police,Essex Police,0.636824,51.543592,On or near Marine Parade,E01015908,Southend-on-Sea 008A,Vehicle crime,Investigation complete; no suspect identified,
110a60b3d74a01a28cc9a4e1d102dc07b3000f86fab80d59f92058f7e3c4060c,2014-08,Essex Police,Essex Police,0.637458,51.544324,On or near Ray Walk,E01015908,Southend-on-Sea 008A,Vehicle crime,Investigation complete; no suspect identified,
fc2aac006fa8ecd6e6deb87ec7df220c510947335da73d04fd5f2f13626c8604,2014-08,Essex Police,Essex Police,0.636824,51.543592,On or near Marine Parade,E01015908,Southend-on-Sea 008A,Vehicle crime,Under investigation,
97316b4bb878b32a0eaf038613b443718e5f8c8ce8e5352a31b158a9a67febed,2014-08,Essex Police,Essex Police,0.631652,51.546442,On or near Chapmans Walk,E01015908,Southend-on-Sea 008A,Violence and sexual offences,Under investigation,
,2014-08,Essex Police,Essex Police,0.646057,51.548348,On or near London Road,E01015909,Southend-on-Sea 008B,Anti-social behaviour,,
,2014-08,Essex Police,Essex Police,0.648045,51.544067,On or near Grange Road,E01015909,Southend-on-Sea 008B,Anti-social behaviour,,
,2014-08,Essex Police,Essex Police,0.646057,51.548348,On or near London Road,E01015909,Southend-on-Sea 008B,Anti-social behaviour,,
,2014-08,Essex Police,Essex Police,0.648045,51.544067,On or near Grange Road,E01015909,Southend-on-Sea 008B,Anti-social behaviour,,
,2014-08,Essex Police,Essex Police,0.646243,51.545574,On or near Westcliff Drive,E01015909,Southend-on-Sea 008B,Anti-social behaviour,,
,2014-08,Essex Police,Essex Police,0.648045,51.544067,On or near Grange Road,E01015909,Southend-on-Sea 008B,Anti-social behaviour,,
,2014-08,Essex Police,Essex Police,0.648045,51.544067,On or near Grange Road,E01015909,Southend-on-Sea 008B,Anti-social behaviour,,
cf6c136061bb70fd61c3130815df3e4eb0a30c4e7a189a448e789e1f932e4a04,2014-08,Essex Police,Essex Police,0.645410,51.544648,On or near Hadleigh Road,E01015909,Southend-on-Sea 008B,Criminal damage and arson,Investigation complete; no suspect identified,
5253eeca92e5f58ec6adb77184db670a3ddaaa0ae855bd1f16aefe73de19745b,2014-08,Essex Police,Essex Police,0.648756,51.546138,On or near Marine Avenue,E01015909,Southend-on-Sea 008B,Vehicle crime,Investigation complete; no suspect identified,
c2166bcacd26e1c3d55de78dac3401245868df8dcdf862cf2518fed3715c9272,2014-08,Essex Police,Essex Police,0.646286,51.547309,On or near Percy Road,E01015909,Southend-on-Sea 008B,Vehicle crime,Investigation complete; no suspect identified,
fe48db9a773c9ea681f5468dbc3ba37a6d82d02a178640a805f7504d294ad482,2014-08,Essex Police,Essex Police,0.646243,51.545574,On or near Westcliff Drive,E01015909,Southend-on-Sea 008B,Vehicle crime,Investigation complete; no suspect identified,
c3578242a854a0a0821b84d1ff36837700cc22759a5c1a56413b2c9743ab8991,2014-08,Essex Police,Essex Police,0.646286,51.547309,On or near Percy Road,E01015909,Southend-on-Sea 008B,Vehicle crime,Investigation complete; no suspect identified,
8f2832a7b184cfbdf51cb433fbb29cacdfe8d0f4586767993e69afaf50dc56c2,2014-08,Essex Police,Essex Police,0.646057,51.548348,On or near London Road,E01015909,Southend-on-Sea 008B,Violence and sexual offences,Investigation complete; no suspect identified,
,2014-08,Essex Police,Essex Police,0.631053,51.540313,On or near Sports/Recreation Area,E01015910,Southend-on-Sea 008C,Anti-social behaviour,,
,2014-08,Essex Police,Essex Police,0.631053,51.540313,On or near Sports/Recreation Area,E01015910,Southend-on-Sea 008C,Anti-social behaviour,,
,2014-08,Essex Police,Essex Police,0.631053,51.540313,On or near Sports/Recreation Area,E01015910,Southend-on-Sea 008C,Anti-social behaviour,,
392fdae7e65341311f44f013f77997a52b51f7afcb772ec1696f360328ca5199,2014-08,Essex Police,Essex Police,0.625515,51.546570,On or near Tattersall Gardens,E01015910,Southend-on-Sea 008C,Burglary,Under investigation,
d3e98a5393e8a8bbf092ec0fd409dcba70255e9932583f2a3d354ddc4d708791,2014-08,Essex Police,Essex Police,0.630393,51.546119,On or near Thames Drive,E01015910,Southend-on-Sea 008C,Criminal damage and arson,Investigation complete; no suspect identified,
462b01473022f1db9688745a7878a9568112e1d4076f9345ee70ad4456465147,2014-08,Essex Police,Essex Police,0.636072,51.541801,On or near Castle Drive,E01015910,Southend-on-Sea 008C,Drugs,Offender given a caution,
,2014-08,Essex Police,Essex Police,0.629401,51.548921,On or near Petrol Station,E01015911,Southend-on-Sea 008D,Anti-social behaviour,,
,2014-08,Essex Police,Essex Police,0.629401,51.548921,On or near Petrol Station,E01015911,Southend-on-Sea 008D,Anti-social behaviour,,
1c0aa5024f10cb28d56d463bed05ba15f43de5f10312031bac8dad5ad3da2344,2014-08,Essex Police,Essex Police,0.629401,51.548921,On or near Petrol Station,E01015911,Southend-on-Sea 008D,Criminal damage and arson,Offender given a caution,
973cdfe67f6678dca2cc7ae7b57a15e807399d3f4402eb9fccfb9a9923f79f00,2014-08,Essex Police,Essex Police,0.629401,51.548921,On or near Petrol Station,E01015911,Southend-on-Sea 008D,Vehicle crime,Under investigation,
840af3cb9b93a7ebeb453faedf8ee9c3676cc6f4d4fefc7410606dc3aa5fc135,2014-08,Essex Police,Essex Police,0.630496,51.553402,On or near Marshall Close,E01015911,Southend-on-Sea 008D,Vehicle crime,Investigation complete; no suspect identified,
f26e73c9c2e2b56f126fe49dfaa80b9ee3e7d15941a68374b1422686ba928613,2014-08,Essex Police,Essex Police,0.631272,51.550093,On or near Henry Drive,E01015912,Southend-on-Sea 008E,Vehicle crime,Investigation complete; no suspect identified,
b5473467b06304f327f860df0928139cd0561ef871404b29a3c320c815fe2e3e,2014-08,Essex Police,Essex Police,0.638390,51.550949,On or near Dundee Close,E01015912,Southend-on-Sea 008E,Violence and sexual offences,Under investigation,
58535523bcad32f298d08409cd88c97b970b4fe944ed8c45b4561a64eb9ed5ab,2014-08,Essex Police,Essex Police,0.638786,51.551561,On or near Cameron Close,E01015912,Southend-on-Sea 008E,Violence and sexual offences,Unable to prosecute suspect,
,2014-08,Essex Police,Essex Police,0.641503,51.548163,On or near Hazel Close,E01015913,Southend-on-Sea 008F,Anti-social behaviour,,
,2014-08,Essex Police,Essex Police,0.637966,51.548611,On or near Barnard Road,E01015913,Southend-on-Sea 008F,Anti-social behaviour,,
,2014-08,Essex Police,Essex Police,0.641503,51.548163,On or near Hazel Close,E01015913,Southend-on-Sea 008F,Anti-social behaviour,,
bf22f3d25c5dd116b8b3433087b1164d0dfb81de41ff71d534cb09e7a117556f,2014-08,Essex Police,Essex Police,0.642485,51.549184,On or near Fairview Gardens,E01015913,Southend-on-Sea 008F,Other theft,Investigation complete; no suspect identified,
e6fadf49b5947c5f82c14e7cd3211e45f8d6cd75c71097cf571fd91f56d342fe,2014-08,Essex Police,Essex Police,0.637966,51.548611,On or near Barnard Road,E01015913,Southend-on-Sea 008F,Other theft,Under investigation,
2b50474501ab8a80efac7be71e71953774bd5d216e704278d0f888e80bb2768d,2014-08,Essex Police,Essex Police,0.635464,51.548749,On or near Gordon Road,E01015913,Southend-on-Sea 008F,Shoplifting,Under investigation,
ce81d07e4522d669e373aaee318830204944ab87878654b38a42b6905447e791,2014-08,Essex Police,Essex Police,0.635464,51.548749,On or near Gordon Road,E01015913,Southend-on-Sea 008F,Shoplifting,Under investigation,
9a2d1e7da85b6aa4beea573bcdfc90f18a8877c76a6ead9d78fe9c6ee245a9f8,2014-08,Essex Police,Essex Police,0.635464,51.548749,On or near Gordon Road,E01015913,Southend-on-Sea 008F,Shoplifting,Under investigation,
eaf6d03149cee534a7db79dd81ac01d185c03b7a97dc7e71a37a2793856ff6ed,2014-08,Essex Police,Essex Police,0.642349,51.547829,On or near Lapwater Close,E01015913,Southend-on-Sea 008F,Vehicle crime,Investigation complete; no suspect identified,
c76538f1100517926ac05e960405ebf223b4c9b64aef39cb4eefbe380395d909,2014-08,Essex Police,Essex Police,0.636711,51.548622,On or near Sydney Road,E01015913,Southend-on-Sea 008F,Vehicle crime,Investigation complete; no suspect identified,
,2014-08,Essex Police,Essex Police,0.752446,51.542680,On or near Bovinger Way,E01015883,Southend-on-Sea 009A,Anti-social behaviour,,
,2014-08,Essex Police,Essex Police,0.752605,51.540059,On or near Pleshey Close,E01015883,Southend-on-Sea 009A,Anti-social behaviour,,
975d31fff82dcf496cd450e29652117d1b00694f198f64e1fd871e3e323357fd,2014-08,Essex Police,Essex Police,0.752446,51.542680,On or near Bovinger Way,E01015883,Southend-on-Sea 009A,Vehicle crime,Investigation complete; no suspect identified,
9183c4fc14f4818bf2b8af9b2a3efcb49e7234c3d7cc93a14f78cb7196e907c8,2014-08,Essex Police,Essex Police,0.752446,51.542680,On or near Bovinger Way,E01015883,Southend-on-Sea 009A,Vehicle crime,Investigation complete; no suspect identified,
43ab3da182a7d56b3d426e57571607b5c3e5a8e8e5cb7cbe7c9c5f06728b1239,2014-08,Essex Police,Essex Police,0.754410,51.540817,On or near Willingale Way,E01015883,Southend-on-Sea 009A,Vehicle crime,Investigation complete; no suspect identified,
cc13b2e10f50ee85f00eb7f6d0a6c203acda1bb55eafaee56c16f03c12fe9000,2014-08,Essex Police,Essex Police,0.754410,51.540817,On or near Willingale Way,E01015883,Southend-on-Sea 009A,Vehicle crime,Investigation complete; no suspect identified,
,2014-08,Essex Police,Essex Police,0.737940,51.541301,On or near Parking Area,E01015884,Southend-on-Sea 009B,Anti-social behaviour,,
,2014-08,Essex Police,Essex Police,0.736743,51.539144,On or near Riviera Drive,E01015884,Southend-on-Sea 009B,Anti-social behaviour,,
,2014-08,Essex Police,Essex Police,0.742350,51.543168,On or near Pelham Road,E01015884,Southend-on-Sea 009B,Anti-social behaviour,,
,2014-08,Essex Police,Essex Police,0.740097,51.541197,On or near Southchurch Rectory Chase,E01015884,Southend-on-Sea 009B,Anti-social behaviour,,
,2014-08,Essex Police,Essex Police,0.737111,51.544073,On or near Stornoway Road,E01015884,Southend-on-Sea 009B,Anti-social behaviour,,
,2014-08,Essex Police,Essex Police,0.739965,51.540202,On or near Apollo Drive,E01015884,Southend-on-Sea 009B,Anti-social behaviour,,
,2014-08,Essex Police,Essex Police,0.737954,51.540330,On or near Dalmatia Road,E01015884,Southend-on-Sea 009B,Anti-social behaviour,,
e10d339e2d99474d67513b5cd29df22fbe1f7deb3ff72f5952a0b1ba5ca1a113,2014-08,Essex Police,Essex Police,0.737954,51.540330,On or near Dalmatia Road,E01015884,Southend-on-Sea 009B,Burglary,Under investigation,
131a17fa6bdf92fa6c74f0e44f84e42984130b5b545b12cd55e19f9d9e839d8f,2014-08,Essex Police,Essex Police,0.736356,51.539657,On or near Fernbrook Avenue,E01015884,Southend-on-Sea 009B,Criminal damage and arson,Investigation complete; no suspect identified,
fe04ca0bde3635d5c6c726b31e7afeb7845d9d1f600161dbc04694a0805cb8d1,2014-08,Essex Police,Essex Police,0.739168,51.543737,On or near Vaughan Avenue,E01015884,Southend-on-Sea 009B,Criminal damage and arson,Investigation complete; no suspect identified,
6d6c0f783e52679c506678c9ca6569a3e1207977e646c41fb58750f31ec603bf,2014-08,Essex Police,Essex Police,0.737954,51.540330,On or near Dalmatia Road,E01015884,Southend-on-Sea 009B,Drugs,Local resolution,
d5db77f5dd6bf6e3b3ce13b4f793fdec1645c5066afbc02c16d5d924b481f1f4,2014-08,Essex Police,Essex Police,0.734768,51.540116,On or near Surbiton Avenue,E01015884,Southend-on-Sea 009B,Other theft,Under investigation,
0f5fae989d579aec996dc41f1059d30ef69b7ba45bb0611044e2aa463ae0a494,2014-08,Essex Police,Essex Police,0.736356,51.539657,On or near Fernbrook Avenue,E01015884,Southend-on-Sea 009B,Public order,Under investigation,
14490ab13aa38027cc00a4e1747e1fb86ac5bcd94e8f8a0a4ae748ad42691db2,2014-08,Essex Police,Essex Police,0.740798,51.543744,On or near Sackville Road,E01015884,Southend-on-Sea 009B,Vehicle crime,Investigation complete; no suspect identified,
9228b2026f1f5177609d09077287c9d40b26028245008167ac3be1c118b00a18,2014-08,Essex Police,Essex Police,0.739260,51.543105,On or near Pavilion Close,E01015884,Southend-on-Sea 009B,Vehicle crime,Investigation complete; no suspect identified,
466d103e97ba8eaa9d39f6e980b9af95281d3c096c34521318ee92566c8326cf,2014-08,Essex Police,Essex Police,0.737271,51.540247,On or near Chinchilla Road,E01015884,Southend-on-Sea 009B,Violence and sexual offences,Unable to prosecute suspect,
ac7364455eb270cbe9f9a5de28d4dd154bf86d408912bafb075cee6c78751b2b,2014-08,Essex Police,Essex Police,0.734768,51.540116,On or near Surbiton Avenue,E01015884,Southend-on-Sea 009B,Violence and sexual offences,Awaiting court outcome,
aa3ab5242117d222b1d16c9b15b0c69661e3b6609f765a6f766e748af6472e30,2014-08,Essex Police,Essex Police,0.736356,51.539657,On or near Fernbrook Avenue,E01015884,Southend-on-Sea 009B,Violence and sexual offences,Offender given community sentence,
,2014-08,Essex Police,Essex Police,0.763366,51.537944,On or near Barnstaple Road,E01015885,Southend-on-Sea 009C,Anti-social behaviour,,
2efdd193ffc46ba3810d308e37b428c3f10a6260c2b77718510ca74f5dea1920,2014-08,Essex Police,Essex Police,0.765394,51.541664,On or near Chadacre Road,E01015885,Southend-on-Sea 009C,Vehicle crime,Investigation complete; no suspect identified,
f12ae16b292738ec90eb8029ae3ad11bdb948b27c0c2d76ff5a4efad94aa1cfe,2014-08,Essex Police,Essex Police,0.768118,51.541870,On or near Cherrybrook,E01015885,Southend-on-Sea 009C,Vehicle crime,Investigation complete; no suspect identified,
,2014-08,Essex Police,Essex Police,0.741996,51.549265,On or near Sherwood Way,E01015886,Southend-on-Sea 009D,Anti-social behaviour,,
,2014-08,Essex Police,Essex Police,0.741996,51.549265,On or near Sherwood Way,E01015886,Southend-on-Sea 009D,Anti-social behaviour,,
,2014-08,Essex Police,Essex Police,0.741996,51.549265,On or near Sherwood Way,E01015886,Southend-on-Sea 009D,Anti-social behaviour,,
,2014-08,Essex Police,Essex Police,0.736455,51.548522,On or near Crossfield Road,E01015886,Southend-on-Sea 009D,Anti-social behaviour,,
,2014-08,Essex Police,Essex Police,0.739857,51.550403,On or near Lincoln Chase,E01015886,Southend-on-Sea 009D,Anti-social behaviour,,
,2014-08,Essex Police,Essex Police,0.741996,51.549265,On or near Sherwood Way,E01015886,Southend-on-Sea 009D,Anti-social behaviour,,
,2014-08,Essex Police,Essex Police,0.741544,51.551353,On or near Appletree Close,E01015886,Southend-on-Sea 009D,Anti-social behaviour,,
,2014-08,Essex Police,Essex Police,0.741996,51.549265,On or near Sherwood Way,E01015886,Southend-on-Sea 009D,Anti-social behaviour,,
,2014-08,Essex Police,Essex Police,0.743905,51.550066,On or near Vallance Close,E01015886,Southend-on-Sea 009D,Anti-social behaviour,,
,2014-08,Essex Police,Essex Police,0.741996,51.549265,On or near Sherwood Way,E01015886,Southend-on-Sea 009D,Anti-social behaviour,,
,2014-08,Essex Police,Essex Police,0.741544,51.551353,On or near Appletree Close,E01015886,Southend-on-Sea 009D,Anti-social behaviour,,
,2014-08,Essex Police,Essex Police,0.736455,51.548522,On or near Crossfield Road,E01015886,Southend-on-Sea 009D,Anti-social behaviour,,
,2014-08,Essex Police,Essex Police,0.741996,51.549265,On or near Sherwood Way,E01015886,Southend-on-Sea 009D,Anti-social behaviour,,
,2014-08,Essex Police,Essex Police,0.741056,51.551158,On or near Archer Avenue,E01015886,Southend-on-Sea 009D,Anti-social behaviour,,
,2014-08,Essex Police,Essex Police,0.741996,51.549265,On or near Sherwood Way,E01015886,Southend-on-Sea 009D,Anti-social behaviour,,
,2014-08,Essex Police,Essex Police,0.741544,51.551353,On or near Appletree Close,E01015886,Southend-on-Sea 009D,Anti-social behaviour,,
,2014-08,Essex Police,Essex Police,0.741544,51.551353,On or near Appletree Close,E01015886,Southend-on-Sea 009D,Anti-social behaviour,,
550d7650ea7e9803d3ea3f58116dd680069be7d17701c4a89bdd26b37f81b6e5,2014-08,Essex Police,Essex Police,0.741544,51.551353,On or near Appletree Close,E01015886,Southend-on-Sea 009D,Criminal damage and arson,Under investigation,
443cabfee487c275c066f78713568a0af71d0c3992ea9cfe079b7ed25d49c2ad,2014-08,Essex Police,Essex Police,0.741996,51.549265,On or near Sherwood Way,E01015886,Southend-on-Sea 009D,Criminal damage and arson,Investigation complete; no suspect identified,
787aab0db6e32a5d8594e1fac11e3c5ee595469fafb3d91393859aa65d8a5e37,2014-08,Essex Police,Essex Police,0.741544,51.551353,On or near Appletree Close,E01015886,Southend-on-Sea 009D,Criminal damage and arson,Investigation complete; no suspect identified,
bf0d2d4f7fc0cf0d388650df668eee8c21e7195e7285ae0548d4b1fd1b1097fc,2014-08,Essex Police,Essex Police,0.736300,51.549308,On or near Rylands Road,E01015886,Southend-on-Sea 009D,Criminal damage and arson,Investigation complete; no suspect identified,
73ae78531b20c48af40d2da51efb4e68d711203a055335e625afea436fe71bef,2014-08,Essex Police,Essex Police,0.741996,51.549265,On or near Sherwood Way,E01015886,Southend-on-Sea 009D,Other theft,Under investigation,
fa6f388f2842a0996000ef92929e9bb6b5fa14204acf605fd17123265b0fb413,2014-08,Essex Police,Essex Police,0.741996,51.549265,On or near Sherwood Way,E01015886,Southend-on-Sea 009D,Public order,Under investigation,
7b363b57b7598c1822451d9ec489c97a99efc29b3a80a338de6946501f9e8771,2014-08,Essex Police,Essex Police,0.736300,51.549308,On or near Rylands Road,E01015886,Southend-on-Sea 009D,Public order,Offender given community sentence,
c39ea8562a4581452e1006a6a102bc424dd4f8e148049634fc03f3bd54ad59ef,2014-08,Essex Police,Essex Police,0.741544,51.551353,On or near Appletree Close,E01015886,Southend-on-Sea 009D,Public order,Investigation complete; no suspect identified,
2c38b48125ece6fd608a83f03996f93fe34573b313c84028e8f004f8d6ca7f4f,2014-08,Essex Police,Essex Police,0.741996,51.549265,On or near Sherwood Way,E01015886,Southend-on-Sea 009D,Violence and sexual offences,Under investigation,
9a537462994ac3b1c04823c188dd6e2fbdbaf223914cf9a359dcb3bdd5e3e0b6,2014-08,Essex Police,Essex Police,0.741996,51.549265,On or near Sherwood Way,E01015886,Southend-on-Sea 009D,Violence and sexual offences,Under investigation,
c1d76b5f40377e8051ec4bb9c96bb8223c76eb5b0df66411b48da2ae3d2f7686,2014-08,Essex Police,Essex Police,0.737918,51.551510,On or near Lloyd Wise Close,E01015886,Southend-on-Sea 009D,Violence and sexual offences,Unable to prosecute suspect,
a92003b2bd82aa9a266310585b683bc55b3690750bddf6dbce464072ce8c3669,2014-08,Essex Police,Essex Police,0.741996,51.549265,On or near Sherwood Way,E01015886,Southend-on-Sea 009D,Violence and sexual offences,Unable to prosecute suspect,
04c82a00ac09318428d254a218c1c61d4f2a09bfbf7064220d99b379c9304fea,2014-08,Essex Police,Essex Police,0.743905,51.550066,On or near Vallance Close,E01015886,Southend-on-Sea 009D,Violence and sexual offences,Under investigation,
,2014-08,Essex Police,Essex Police,0.744988,51.548646,On or near Wickmead Close,E01015887,Southend-on-Sea 009E,Anti-social behaviour,,
,2014-08,Essex Police,Essex Police,0.746256,51.548383,On or near Newington Close,E01015887,Southend-on-Sea 009E,Anti-social behaviour,,
,2014-08,Essex Police,Essex Police,0.736659,51.545441,On or near South Avenue,E01015887,Southend-on-Sea 009E,Anti-social behaviour,,
,2014-08,Essex Police,Essex Police,0.743522,51.548501,On or near Chaingate Avenue,E01015887,Southend-on-Sea 009E,Anti-social behaviour,,
,2014-08,Essex Police,Essex Police,0.742422,51.547240,On or near Whittingham Avenue,E01015887,Southend-on-Sea 009E,Anti-social behaviour,,
,2014-08,Essex Police,Essex Police,0.739402,51.547626,On or near Philpott Avenue,E01015887,Southend-on-Sea 009E,Anti-social behaviour,,
,2014-08,Essex Police,Essex Police,0.736659,51.545441,On or near South Avenue,E01015887,Southend-on-Sea 009E,Anti-social behaviour,,
,2014-08,Essex Police,Essex Police,0.743522,51.548501,On or near Chaingate Avenue,E01015887,Southend-on-Sea 009E,Anti-social behaviour,,
,2014-08,Essex Police,Essex Police,0.736756,51.546815,On or near Hamstel Road,E01015887,Southend-on-Sea 009E,Anti-social behaviour,,
,2014-08,Essex Police,Essex Police,0.742422,51.547240,On or near Whittingham Avenue,E01015887,Southend-on-Sea 009E,Anti-social behaviour,,
,2014-08,Essex Police,Essex Police,0.742911,51.545781,On or near Poynings Avenue,E01015887,Southend-on-Sea 009E,Anti-social behaviour,,
,2014-08,Essex Police,Essex Police,0.739402,51.547626,On or near Philpott Avenue,E01015887,Southend-on-Sea 009E,Anti-social behaviour,,
,2014-08,Essex Police,Essex Police,0.746256,51.548383,On or near Newington Close,E01015887,Southend-on-Sea 009E,Anti-social behaviour,,
,2014-08,Essex Police,Essex Police,0.743522,51.548501,On or near Chaingate Avenue,E01015887,Southend-on-Sea 009E,Anti-social behaviour,,
,2014-08,Essex Police,Essex Police,0.742422,51.547240,On or near Whittingham Avenue,E01015887,Southend-on-Sea 009E,Anti-social behaviour,,
,2014-08,Essex Police,Essex Police,0.736804,51.544728,On or near Trinity Road,E01015887,Southend-on-Sea 009E,Anti-social behaviour,,
,2014-08,Essex Police,Essex Police,0.739402,51.547626,On or near Philpott Avenue,E01015887,Southend-on-Sea 009E,Anti-social behaviour,,
,2014-08,Essex Police,Essex Police,0.743522,51.548501,On or near Chaingate Avenue,E01015887,Southend-on-Sea 009E,Anti-social behaviour,,
,2014-08,Essex Police,Essex Police,0.743522,51.548501,On or near Chaingate Avenue,E01015887,Southend-on-Sea 009E,Anti-social behaviour,,
,2014-08,Essex Police,Essex Police,0.743522,51.548501,On or near Chaingate Avenue,E01015887,Southend-on-Sea 009E,Anti-social behaviour,,
,2014-08,Essex Police,Essex Police,0.744988,51.548646,On or near Wickmead Close,E01015887,Southend-on-Sea 009E,Anti-social behaviour,,
846f636c1e61698da385a21c93d85b8a2a7cb842e97348ccbad19693c1368109,2014-08,Essex Police,Essex Police,0.742911,51.545781,On or near Poynings Avenue,E01015887,Southend-on-Sea 009E,Bicycle theft,Under investigation,
2c25e3366b1c6a0e860c5eeda58d65ea4b2e8fde877a4822ba53c69c9cb2f4c2,2014-08,Essex Police,Essex Police,0.742911,51.545781,On or near Poynings Avenue,E01015887,Southend-on-Sea 009E,Criminal damage and arson,Investigation complete; no suspect identified,
5093f334d2db85dbecc54d2c660883800a6e1c0dc953e31831eb381364db3c1f,2014-08,Essex Police,Essex Police,0.743522,51.548501,On or near Chaingate Avenue,E01015887,Southend-on-Sea 009E,Criminal damage and arson,Unable to prosecute suspect,
5d65fda38434ba0f6a5a362ab1b6cf4c0d65d08ff87b4c5dc2dae5e0bec083a6,2014-08,Essex Police,Essex Police,0.743522,51.548501,On or near Chaingate Avenue,E01015887,Southend-on-Sea 009E,Criminal damage and arson,Investigation complete; no suspect identified,
dbfc67e8595a480d63c82f021c34ba24f64e23c299408bd839136f0e207dad17,2014-08,Essex Police,Essex Police,0.742422,51.547240,On or near Whittingham Avenue,E01015887,Southend-on-Sea 009E,Drugs,Offender given a drugs possession warning,
7fbada2f65d11ad9db28386f4552c746766c6af2812cbc77a32d78a2a9c26b79,2014-08,Essex Police,Essex Police,0.736756,51.546815,On or near Hamstel Road,E01015887,Southend-on-Sea 009E,Other theft,Under investigation,
abcc48b05e22bce4f1d7b9e393489648c5347ec316be39a42f75f061623fcbfc,2014-08,Essex Police,Essex Police,0.742422,51.547240,On or near Whittingham Avenue,E01015887,Southend-on-Sea 009E,Other theft,Investigation complete; no suspect identified,
86fbb457fe2dc19456a2507bdb2b73f47bff0315abb7bf15ad689007903d44b4,2014-08,Essex Police,Essex Police,0.739402,51.547626,On or near Philpott Avenue,E01015887,Southend-on-Sea 009E,Public order,Investigation complete; no suspect identified,
05f2313844af0881d6553ea14045c3eccec17353b3616ad29e722109735d4ee7,2014-08,Essex Police,Essex Police,0.736756,51.546815,On or near Hamstel Road,E01015887,Southend-on-Sea 009E,Violence and sexual offences,Under investigation,
8282d45384efe07166aca3add391ffc59a7a036629eebf66350cedf6ceb92c49,2014-08,Essex Police,Essex Police,0.743522,51.548501,On or near Chaingate Avenue,E01015887,Southend-on-Sea 009E,Violence and sexual offences,Unable to prosecute suspect,
e27068d853ec57e3d85e50479ccee7016de1cd244e04bbdccc88760617da9f75,2014-08,Essex Police,Essex Police,0.743522,51.548501,On or near Chaingate Avenue,E01015887,Southend-on-Sea 009E,Violence and sexual offences,Unable to prosecute suspect,
,2014-08,Essex Police,Essex Police,0.743532,51.544112,On or near Arlington Road,E01015888,Southend-on-Sea 009F,Anti-social behaviour,,
,2014-08,Essex Police,Essex Police,0.747396,51.547439,On or near Locksley Close,E01015888,Southend-on-Sea 009F,Anti-social behaviour,,
,2014-08,Essex Police,Essex Police,0.751071,51.545473,On or near Petworth Gardens,E01015888,Southend-on-Sea 009F,Anti-social behaviour,,
,2014-08,Essex Police,Essex Police,0.751071,51.545473,On or near Petworth Gardens,E01015888,Southend-on-Sea 009F,Anti-social behaviour,,
da904e08eac1e43c2cd9f61992df4b1de5a98bd5b0546c3e8d640e0b18a1f95e,2014-08,Essex Police,Essex Police,0.746226,51.544291,On or near Wick Chase,E01015888,Southend-on-Sea 009F,Other theft,Under investigation,
bc12581ea220931b6a73abba060f45ba8b7739934ca5a7a177ff6ab27de2d5fa,2014-08,Essex Police,Essex Police,0.747730,51.542925,On or near Southchurch Boulevard,E01015888,Southend-on-Sea 009F,Vehicle crime,Investigation complete; no suspect identified,
f6d2a94830779b02249e77daadb5e7f780757cf70ded8471fbf5ee5d20f0e7c0,2014-08,Essex Police,Essex Police,0.743532,51.544112,On or near Arlington Road,E01015888,Southend-on-Sea 009F,Vehicle crime,Under investigation,
d4e24923795c24fbf2b121d7b868f8673947bcb767a3e646ba193732248c9fc6,2014-08,Essex Police,Essex Police,0.747730,51.542925,On or near Southchurch Boulevard,E01015888,Southend-on-Sea 009F,Vehicle crime,Investigation complete; no suspect identified,
,2014-08,Essex Police,Essex Police,0.714345,51.540114,On or near Southchurch Road,E01015895,Southend-on-Sea 010A,Anti-social behaviour,,
,2014-08,Essex Police,Essex Police,0.714345,51.540114,On or near Southchurch Road,E01015895,Southend-on-Sea 010A,Anti-social behaviour,,
,2014-08,Essex Police,Essex Police,0.709094,51.540820,On or near Supermarket,E01015895,Southend-on-Sea 010A,Anti-social behaviour,,
,2014-08,Essex Police,Essex Police,0.711892,51.541061,On or near Queensway,E01015895,Southend-on-Sea 010A,Anti-social behaviour,,
,2014-08,Essex Police,Essex Police,0.707964,51.544866,On or near Victoria Avenue,E01015895,Southend-on-Sea 010A,Anti-social behaviour,,
,2014-08,Essex Police,Essex Police,0.708533,51.543990,On or near Victoria Avenue,E01015895,Southend-on-Sea 010A,Anti-social behaviour,,
,2014-08,Essex Police,Essex Police,0.717425,51.540717,On or near Pedestrian Subway,E01015895,Southend-on-Sea 010A,Anti-social behaviour,,
,2014-08,Essex Police,Essex Police,0.712497,51.540310,On or near Bus/Coach Station,E01015895,Southend-on-Sea 010A,Anti-social behaviour,,
,2014-08,Essex Police,Essex Police,0.714345,51.540114,On or near Southchurch Road,E01015895,Southend-on-Sea 010A,Anti-social behaviour,,
,2014-08,Essex Police,Essex Police,0.717994,51.540353,On or near Southchurch Road,E01015895,Southend-on-Sea 010A,Anti-social behaviour,,
,2014-08,Essex Police,Essex Police,0.714345,51.540114,On or near Southchurch Road,E01015895,Southend-on-Sea 010A,Anti-social behaviour,,
,2014-08,Essex Police,Essex Police,0.706444,51.540387,On or near London Road,E01015895,Southend-on-Sea 010A,Anti-social behaviour,,
,2014-08,Essex Police,Essex Police,0.713791,51.540730,On or near Chichester Road,E01015895,Southend-on-Sea 010A,Anti-social behaviour,,
,2014-08,Essex Police,Essex Police,0.710454,51.540888,On or near Queensway,E01015895,Southend-on-Sea 010A,Anti-social behaviour,,
,2014-08,Essex Police,Essex Police,0.707964,51.544866,On or near Victoria Avenue,E01015895,Southend-on-Sea 010A,Anti-social behaviour,,
,2014-08,Essex Police,Essex Police,0.715980,51.543107,On or near St Ann'S Road,E01015895,Southend-on-Sea 010A,Anti-social behaviour,,
,2014-08,Essex Police,Essex Police,0.714148,51.540424,On or near Parking Area,E01015895,Southend-on-Sea 010A,Anti-social behaviour,,
,2014-08,Essex Police,Essex Police,0.714605,51.541817,On or near Prittlewell Street,E01015895,Southend-on-Sea 010A,Anti-social behaviour,,
,2014-08,Essex Police,Essex Police,0.714345,51.540114,On or near Southchurch Road,E01015895,Southend-on-Sea 010A,Anti-social behaviour,,
,2014-08,Essex Police,Essex Police,0.716797,51.541802,On or near Coleman Street,E01015895,Southend-on-Sea 010A,Anti-social behaviour,,
,2014-08,Essex Police,Essex Police,0.706444,51.540387,On or near London Road,E01015895,Southend-on-Sea 010A,Anti-social behaviour,,
,2014-08,Essex Police,Essex Police,0.710454,51.540888,On or near Queensway,E01015895,Southend-on-Sea 010A,Anti-social behaviour,,
,2014-08,Essex Police,Essex Police,0.716797,51.541802,On or near Coleman Street,E01015895,Southend-on-Sea 010A,Anti-social behaviour,,
,2014-08,Essex Police,Essex Police,0.708533,51.543990,On or near Victoria Avenue,E01015895,Southend-on-Sea 010A,Anti-social behaviour,,
,2014-08,Essex Police,Essex Police,0.716797,51.541802,On or near Coleman Street,E01015895,Southend-on-Sea 010A,Anti-social behaviour,,
,2014-08,Essex Police,Essex Police,0.706444,51.540387,On or near London Road,E01015895,Southend-on-Sea 010A,Anti-social behaviour,,
,2014-08,Essex Police,Essex Police,0.709743,51.544690,On or near Police Station,E01015895,Southend-on-Sea 010A,Anti-social behaviour,,
,2014-08,Essex Police,Essex Police,0.714345,51.540114,On or near Southchurch Road,E01015895,Southend-on-Sea 010A,Anti-social behaviour,,
75a67b5714ca4c5b0e1fefbc95063f344bfc3109dc84197877936b1864897c56,2014-08,Essex Police,Essex Police,0.709094,51.540820,On or near Supermarket,E01015895,Southend-on-Sea 010A,Bicycle theft,Investigation complete; no suspect identified,
e7f3a091d9eb37b1b3206f239c4774d82c7ce431ff778050966f001bd5b8396d,2014-08,Essex Police,Essex Police,0.715980,51.543107,On or near St Ann'S Road,E01015895,Southend-on-Sea 010A,Burglary,Under investigation,
d1ee8cefce7b9ed44697812b66ff82112262d648c0100c3066350880a3c2ae19,2014-08,Essex Police,Essex Police,0.706444,51.540387,On or near London Road,E01015895,Southend-on-Sea 010A,Burglary,Investigation complete; no suspect identified,
68e5def5c9b4f115ffa48d008bab9b37689079675cfe806116b14e77c8638708,2014-08,Essex Police,Essex Police,0.712497,51.540310,On or near Bus/Coach Station,E01015895,Southend-on-Sea 010A,Burglary,Under investigation,
8a2d0fdf136d9b06124aa31802d23b44de56fe36683e5cc70f06f89bf552156b,2014-08,Essex Police,Essex Police,0.717425,51.540717,On or near Pedestrian Subway,E01015895,Southend-on-Sea 010A,Burglary,Awaiting court outcome,
170dcc8eb10a3d428ff90820d772377d8b11b76ce86a4673a5971805c2543d50,2014-08,Essex Police,Essex Police,0.718637,51.542191,On or near Sutton Road,E01015895,Southend-on-Sea 010A,Criminal damage and arson,Unable to prosecute suspect,
03c8f2b7f4cfb23407495f93a24b71d484800da42981abd10537376e5adf424a,2014-08,Essex Police,Essex Police,0.712497,51.540310,On or near Bus/Coach Station,E01015895,Southend-on-Sea 010A,Criminal damage and arson,Offender sent to prison,
63961b69b7dc1733fbec21e7c9c212c17f42acfdc0c798db195a2ef3e5deead8,2014-08,Essex Police,Essex Police,0.712497,51.540310,On or near Bus/Coach Station,E01015895,Southend-on-Sea 010A,Criminal damage and arson,Investigation complete; no suspect identified,
034d22b7228ce36aec0279582b31553131e6c3cc9b6d8d82f83d20636c46c510,2014-08,Essex Police,Essex Police,0.714605,51.541817,On or near Prittlewell Street,E01015895,Southend-on-Sea 010A,Criminal damage and arson,Investigation complete; no suspect identified,
3843e9cf4a4224cb6b66175d9d807b4703578cfab24698989b9a4454f6c37697,2014-08,Essex Police,Essex Police,0.709743,51.544690,On or near Police Station,E01015895,Southend-on-Sea 010A,Drugs,Offender deprived of property,
3f8f56827446712ecfb80e187caab857bf448536aced6ec8b8a3693d312f5139,2014-08,Essex Police,Essex Police,0.717425,51.540717,On or near Pedestrian Subway,E01015895,Southend-on-Sea 010A,Drugs,Under investigation,
7c4e23ab362a51f43e91fd7a981d059275e4f246b789655e9bf0be1b6b68f2ff,2014-08,Essex Police,Essex Police,0.718637,51.542191,On or near Sutton Road,E01015895,Southend-on-Sea 010A,Other theft,Investigation complete; no suspect identified,
67b8e84f42599759d7a95a3eaffa208fa431f56d3653d7ec9e63367248d5460f,2014-08,Essex Police,Essex Police,0.709094,51.540820,On or near Supermarket,E01015895,Southend-on-Sea 010A,Other theft,Investigation complete; no suspect identified,
825dba1f6ca2adbbb8d85b60e480f661d4b6dddff8ce492884dd5bed66ff6bc1,2014-08,Essex Police,Essex Police,0.709094,51.540820,On or near Supermarket,E01015895,Southend-on-Sea 010A,Other theft,Under investigation,
ab8cde2ec53d4ea3d17bbaab000b4ea18770fe38b5ff45afbfc9dc23b51d789c,2014-08,Essex Police,Essex Police,0.710454,51.540888,On or near Queensway,E01015895,Southend-on-Sea 010A,Other theft,Under investigation,
8c6c0fd34529cdd6408324df9c03f137f6a5aa1c9938b7ae85c16f163a21da83,2014-08,Essex Police,Essex Police,0.706444,51.540387,On or near London Road,E01015895,Southend-on-Sea 010A,Other theft,Investigation complete; no suspect identified,
737089ebb4d1abec0e9974993463a827cf993ebe7fd202cf3c639a12f62e3053,2014-08,Essex Police,Essex Police,0.712497,51.540310,On or near Bus/Coach Station,E01015895,Southend-on-Sea 010A,Other theft,Unable to prosecute suspect,
82264f1cd59adc3561bf61dd15b6ba470953867c90aff7b2221bea9a286a4f93,2014-08,Essex Police,Essex Police,0.708846,51.542220,On or near Parking Area,E01015895,Southend-on-Sea 010A,Other theft,Under investigation,
4c0624f219d51f2fcb95c97942ff19fa97d020adb3e97a81eed9446557cad091,2014-08,Essex Police,Essex Police,0.717994,51.540353,On or near Southchurch Road,E01015895,Southend-on-Sea 010A,Other theft,Awaiting court outcome,
9a17002904753a7ff54bfe7b9089d50f88e6009e0e900e5977d2d88612e30b83,2014-08,Essex Police,Essex Police,0.718637,51.542191,On or near Sutton Road,E01015895,Southend-on-Sea 010A,Possession of weapons,Offender sent to prison,
0f46ad3217c42aeea329b90c7c7e63d7017a6caacbf8a5ad261dcaa1bc54cb0e,2014-08,Essex Police,Essex Police,0.714345,51.540114,On or near Southchurch Road,E01015895,Southend-on-Sea 010A,Possession of weapons,Awaiting court outcome,
bdedfbc883d128c906ffc67327ad5a90e050c00aa9f82a838a69c2f6665538ea,2014-08,Essex Police,Essex Police,0.714345,51.540114,On or near Southchurch Road,E01015895,Southend-on-Sea 010A,Possession of weapons,Awaiting court outcome,
292e350ff6dbc1986b63d8724a5be9ce56c89d555ee0be17776613d3ad06c1b2,2014-08,Essex Police,Essex Police,0.710454,51.540888,On or near Queensway,E01015895,Southend-on-Sea 010A,Possession of weapons,Awaiting court outcome,
daa2c16fcbca1158e61f0dd3d21613938bf8c7d1dca75e5f2b3247a3452d80d7,2014-08,Essex Police,Essex Police,0.714345,51.540114,On or near Southchurch Road,E01015895,Southend-on-Sea 010A,Public order,Unable to prosecute suspect,
b563627c44ff32c833d16236ac1d54cdd874f2bc67cfd41ce8e761fa8c6fdbc8,2014-08,Essex Police,Essex Police,0.718637,51.542191,On or near Sutton Road,E01015895,Southend-on-Sea 010A,Public order,Under investigation,
cdf48e00979a74a740a8f9995184c2e2b660ec5a386d99eb7184755349db5356,2014-08,Essex Police,Essex Police,0.714345,51.540114,On or near Southchurch Road,E01015895,Southend-on-Sea 010A,Public order,Unable to prosecute suspect,
aeb16726d2061260a05c5e0191e4caca550b572d45bc1e397a12efe328a24c5c,2014-08,Essex Police,Essex Police,0.710454,51.540888,On or near Queensway,E01015895,Southend-on-Sea 010A,Robbery,Under investigation,
6d04a92371e29cb24e9a46cca0b1c531b6dedc69ef651c92234c3d471124c797,2014-08,Essex Police,Essex Police,0.716797,51.541802,On or near Coleman Street,E01015895,Southend-on-Sea 010A,Robbery,Under investigation,
30786853670522c2e75574b7678e7a38527c831603f5375d66d3fbe712ce643e,2014-08,Essex Police,Essex Police,0.706444,51.540387,On or near London Road,E01015895,Southend-on-Sea 010A,Robbery,Under investigation,
11df92277a376f4b8cfaa16cd7d309530479f38d3ff2f14a4a9cd7b7727ffc92,2014-08,Essex Police,Essex Police,0.717984,51.542359,On or near Supermarket,E01015895,Southend-on-Sea 010A,Shoplifting,Awaiting court outcome,
a6412e2e5ed66e74ac356c7ab79955871095090f42ee1e21dfa659be352e8013,2014-08,Essex Police,Essex Police,0.717984,51.542359,On or near Supermarket,E01015895,Southend-on-Sea 010A,Shoplifting,Under investigation,
b392bdc60267f9baf9c1b0b5223beb4f68bb19151611d1fe4d2ac6b7f075b4d4,2014-08,Essex Police,Essex Police,0.717984,51.542359,On or near Supermarket,E01015895,Southend-on-Sea 010A,Shoplifting,Under investigation,
2e7e73460887e42052e96b3e477e59dc2855b189480dd8d3b02921203cf10bee,2014-08,Essex Police,Essex Police,0.713041,51.540981,On or near Parking Area,E01015895,Southend-on-Sea 010A,Shoplifting,Awaiting court outcome,
7fe1fc1e38e3864685ead8277b377557fb1864c7d739d1f7328804d58b7e8db0,2014-08,Essex Police,Essex Police,0.713041,51.540981,On or near Parking Area,E01015895,Southend-on-Sea 010A,Shoplifting,Awaiting court outcome,
b7d5e2d718fabba53eae7409fcc88c4431495ec140edbcc26bab0ce5bc91579e,2014-08,Essex Police,Essex Police,0.717984,51.542359,On or near Supermarket,E01015895,Southend-on-Sea 010A,Shoplifting,Under investigation,
6f126c155c1075bb86eb1899578770f3eaa803bd1287ed57ce5b7d23bc80bc55,2014-08,Essex Police,Essex Police,0.717984,51.542359,On or near Supermarket,E01015895,Southend-on-Sea 010A,Shoplifting,Offender given a caution,
d3066734f7c0461df36090472f6ee21953d26aaf9f12d862b3ba410039daee4f,2014-08,Essex Police,Essex Police,0.717984,51.542359,On or near Supermarket,E01015895,Southend-on-Sea 010A,Shoplifting,Under investigation,
9ac8686ecc1fc8c011cd9766f16980274d02365fd34babb0fae5a0ee780c837a,2014-08,Essex Police,Essex Police,0.712497,51.540310,On or near Bus/Coach Station,E01015895,Southend-on-Sea 010A,Shoplifting,Awaiting court outcome,
c93c98fea2ffc4e95ca5040dc059ee362525bd9c65557c085a49c2720095f653,2014-08,Essex Police,Essex Police,0.713041,51.540981,On or near Parking Area,E01015895,Southend-on-Sea 010A,Shoplifting,Offender given penalty notice,
99e2ff0d4f1b8a159cf93392dc9645a392df7013d6699b0bf80676f9e11ea32f,2014-08,Essex Police,Essex Police,0.712497,51.540310,On or near Bus/Coach Station,E01015895,Southend-on-Sea 010A,Shoplifting,Under investigation,
556ce657f3af686fa3ec54c3c0c24303d74ba0af1d53c2e0835859ce6fcfcfac,2014-08,Essex Police,Essex Police,0.712497,51.540310,On or near Bus/Coach Station,E01015895,Southend-on-Sea 010A,Shoplifting,Under investigation,
23317fb09a0f5b44cd91d8b146e0b64fda9f6bbc1eadc82a322e7ac9350c62a0,2014-08,Essex Police,Essex Police,0.716797,51.541802,On or near Coleman Street,E01015895,Southend-on-Sea 010A,Theft from the person,Under investigation,
f0bb8c067ecff436fdbfca776bcfe1c5571b9f1675d298c498e67ac455ac2d56,2014-08,Essex Police,Essex Police,0.717425,51.540717,On or near Pedestrian Subway,E01015895,Southend-on-Sea 010A,Vehicle crime,Under investigation,
fa1a83bf45673a62fd92616f6c24d617af4edc4adf2580f5d710040c8a629613,2014-08,Essex Police,Essex Police,0.712497,51.540310,On or near Bus/Coach Station,E01015895,Southend-on-Sea 010A,Vehicle crime,Under investigation,
1cec49c96202a505b5e1a41a5149eac0dd5fd956bd7a422c4625e1af287cece7,2014-08,Essex Police,Essex Police,0.709743,51.544690,On or near Police Station,E01015895,Southend-on-Sea 010A,Violence and sexual offences,Awaiting court outcome,
fb08be66915e91574699d7fd718070fb85672ef6e10a06bedfca2f8be0bb6b71,2014-08,Essex Police,Essex Police,0.713041,51.540981,On or near Parking Area,E01015895,Southend-on-Sea 010A,Violence and sexual offences,Under investigation,
63fab6e15e923feb2610ce955d68be5dd2c87a94b629a93526f552bfc4128edf,2014-08,Essex Police,Essex Police,0.713791,51.540730,On or near Chichester Road,E01015895,Southend-on-Sea 010A,Violence and sexual offences,Under investigation,
0c6090dd8144e9d94f324c9e0b5278f41b88fca8105f0a60ce400f192e791cd9,2014-08,Essex Police,Essex Police,0.712497,51.540310,On or near Bus/Coach Station,E01015895,Southend-on-Sea 010A,Violence and sexual offences,Under investigation,
c8f177d3ea1348482b2e70b226f79f99cd5fadd72605848e305182c931f8c80f,2014-08,Essex Police,Essex Police,0.717425,51.540717,On or near Pedestrian Subway,E01015895,Southend-on-Sea 010A,Violence and sexual offences,Under investigation,
0b4e1972e3a375fbc181c0eb4277359ab43fac12789f13808224aaf3b38c0beb,2014-08,Essex Police,Essex Police,0.713041,51.540981,On or near Parking Area,E01015895,Southend-on-Sea 010A,Violence and sexual offences,Under investigation,
d8203643194fe473919573cf4b7de426ccbe7c7fc44412c68d83361a3e471047,2014-08,Essex Police,Essex Police,0.706444,51.540387,On or near London Road,E01015895,Southend-on-Sea 010A,Violence and sexual offences,Investigation complete; no suspect identified,
b222e639f5064d4d057e6e33428042ff88316a793b144af446602ae8010d1fb6,2014-08,Essex Police,Essex Police,0.714345,51.540114,On or near Southchurch Road,E01015895,Southend-on-Sea 010A,Violence and sexual offences,Awaiting court outcome,
9f646f2f107051ea656df4580837a180ca3317272f6adad6ccd283ba689130c7,2014-08,Essex Police,Essex Police,0.718637,51.542191,On or near Sutton Road,E01015895,Southend-on-Sea 010A,Violence and sexual offences,Awaiting court outcome,
f8e1a5fa01b9365145d6aace04759f6a2708115a37535cb13bf4e2cac4d5de3c,2014-08,Essex Police,Essex Police,0.708823,51.545719,On or near Carnarvon Road,E01015895,Southend-on-Sea 010A,Violence and sexual offences,Under investigation,
e9c613cdb4e234659bc49c9760616f0c19e8e3859e187a1838445988f8527681,2014-08,Essex Police,Essex Police,0.713791,51.540730,On or near Chichester Road,E01015895,Southend-on-Sea 010A,Violence and sexual offences,Investigation complete; no suspect identified,
6b51546dd144c20d83e09b6eb0c4258bf6f510604ff91ad132f01e355b309aeb,2014-08,Essex Police,Essex Police,0.708533,51.543990,On or near Victoria Avenue,E01015895,Southend-on-Sea 010A,Violence and sexual offences,Under investigation,
bc193c5c65e615e32fe2e8bca4d46a11c46f9bfd6c60e9b23b229ddc7b763e7a,2014-08,Essex Police,Essex Police,0.709743,51.544690,On or near Police Station,E01015895,Southend-on-Sea 010A,Violence and sexual offences,Awaiting court outcome,
eb530481e9967aaa67f7af6e929debc60ecb9ea5fc16406b1c24aebfdff0c004,2014-08,Essex Police,Essex Police,0.714345,51.540114,On or near Southchurch Road,E01015895,Southend-on-Sea 010A,Violence and sexual offences,Under investigation,
0dd61a9de0be4911593ee4402d6e1f4c65f9af12a3bd97df90a45ad5217635b2,2014-08,Essex Police,Essex Police,0.717425,51.540717,On or near Pedestrian Subway,E01015895,Southend-on-Sea 010A,Violence and sexual offences,Awaiting court outcome,
,2014-08,Essex Police,Essex Police,0.705899,51.543115,On or near Boston Avenue,E01015896,Southend-on-Sea 010B,Anti-social behaviour,,
,2014-08,Essex Police,Essex Police,0.698261,51.542257,On or near Windsor Road,E01015896,Southend-on-Sea 010B,Anti-social behaviour,,
,2014-08,Essex Police,Essex Police,0.699378,51.542600,On or near Balmoral Road,E01015896,Southend-on-Sea 010B,Anti-social behaviour,,
,2014-08,Essex Police,Essex Police,0.701414,51.543614,On or near Albany Avenue,E01015896,Southend-on-Sea 010B,Anti-social behaviour,,
,2014-08,Essex Police,Essex Police,0.701414,51.543614,On or near Albany Avenue,E01015896,Southend-on-Sea 010B,Anti-social behaviour,,
,2014-08,Essex Police,Essex Police,0.699378,51.542600,On or near Balmoral Road,E01015896,Southend-on-Sea 010B,Anti-social behaviour,,
,2014-08,Essex Police,Essex Police,0.701892,51.541454,On or near Sports/Recreation Area,E01015896,Southend-on-Sea 010B,Anti-social behaviour,,
,2014-08,Essex Police,Essex Police,0.699378,51.542600,On or near Balmoral Road,E01015896,Southend-on-Sea 010B,Anti-social behaviour,,
,2014-08,Essex Police,Essex Police,0.699378,51.542600,On or near Balmoral Road,E01015896,Southend-on-Sea 010B,Anti-social behaviour,,
,2014-08,Essex Police,Essex Police,0.699378,51.542600,On or near Balmoral Road,E01015896,Southend-on-Sea 010B,Anti-social behaviour,,
,2014-08,Essex Police,Essex Police,0.699378,51.542600,On or near Balmoral Road,E01015896,Southend-on-Sea 010B,Anti-social behaviour,,
,2014-08,Essex Police,Essex Police,0.699875,51.540772,On or near Summercourt Road,E01015896,Southend-on-Sea 010B,Anti-social behaviour,,
,2014-08,Essex Police,Essex Police,0.701414,51.543614,On or near Albany Avenue,E01015896,Southend-on-Sea 010B,Anti-social behaviour,,
,2014-08,Essex Police,Essex Police,0.699378,51.542600,On or near Balmoral Road,E01015896,Southend-on-Sea 010B,Anti-social behaviour,,
,2014-08,Essex Police,Essex Police,0.698079,51.541605,On or near Richmond Avenue,E01015896,Southend-on-Sea 010B,Anti-social behaviour,,
26f8af89cb6f2e45bf7f8ee49c6a3ac080e18d194e9025a6c57708e848f85343,2014-08,Essex Police,Essex Police,0.701379,51.543022,On or near Cliff Avenue,E01015896,Southend-on-Sea 010B,Bicycle theft,Investigation complete; no suspect identified,
44e4a255525b4cffb957b0184b8f4774d2a8e0ffca38b26e17b091cdfdac3cfc,2014-08,Essex Police,Essex Police,0.703342,51.540125,On or near London Road,E01015896,Southend-on-Sea 010B,Burglary,Under investigation,
14c55bce9ae5defb771e36b5ea89ffb3927f3d12ec59d54eaabef4a1940f9c19,2014-08,Essex Police,Essex Police,0.705899,51.543115,On or near Boston Avenue,E01015896,Southend-on-Sea 010B,Burglary,Investigation complete; no suspect identified,
38bbd0f6182d3c9c53a1b865033affeff0c363ee269852b74a9be35e63ad171f,2014-08,Essex Police,Essex Police,0.705899,51.543115,On or near Boston Avenue,E01015896,Southend-on-Sea 010B,Criminal damage and arson,Under investigation,
bf0011339f5af2f7d9b92eab5c96a7dab88c79acade8e8c2cf684913025e32f0,2014-08,Essex Police,Essex Police,0.698079,51.541605,On or near Richmond Avenue,E01015896,Southend-on-Sea 010B,Drugs,Under investigation,
4dccc1f66f2d7007efd71359c3575ba4326cbfed46243efb8f9d06944d19f66b,2014-08,Essex Police,Essex Police,0.702134,51.542860,On or near Further/Higher Educational Building,E01015896,Southend-on-Sea 010B,Other theft,Under investigation,
5fe95d7e3d2191c8282d9b208671ab1f42fa5bc54d1fb69a1839b082e5f75165,2014-08,Essex Police,Essex Police,0.702504,51.540594,On or near Brighten Road,E01015896,Southend-on-Sea 010B,Other theft,Investigation complete; no suspect identified,
531b5f2ebce7d1155647ef7b7e4e7fd43373c07c5105b33ff190756d96d69e9d,2014-08,Essex Police,Essex Police,0.701892,51.541454,On or near Sports/Recreation Area,E01015896,Southend-on-Sea 010B,Other theft,Investigation complete; no suspect identified,
f43173a0e5b60edfb0448a3d5e1293afcc3941904b0ec44fee77a4934c2f69ee,2014-08,Essex Police,Essex Police,0.698079,51.541605,On or near Richmond Avenue,E01015896,Southend-on-Sea 010B,Other theft,Investigation complete; no suspect identified,
a643697901a8b438290c6d3c2691542c7fd092411e2ff9d7df6e89534e3d802b,2014-08,Essex Police,Essex Police,0.699875,51.540772,On or near Summercourt Road,E01015896,Southend-on-Sea 010B,Shoplifting,Under investigation,
b0466f16f476235394ebe2057b1fad234df84b81d602a90d910cf19d2bed26a3,2014-08,Essex Police,Essex Police,0.701892,51.541454,On or near Sports/Recreation Area,E01015896,Southend-on-Sea 010B,Vehicle crime,Investigation complete; no suspect identified,
0e15acbf2615a718231d4f44a966c5bd4934c8b3efb211b5a8797d679246c6ed,2014-08,Essex Police,Essex Police,0.701892,51.541454,On or near Sports/Recreation Area,E01015896,Southend-on-Sea 010B,Vehicle crime,Under investigation,
8e94116cfbc8ee47f940d968cb005f7314dd3851c65fab564606294c57fa6d54,2014-08,Essex Police,Essex Police,0.698261,51.542257,On or near Windsor Road,E01015896,Southend-on-Sea 010B,Vehicle crime,Investigation complete; no suspect identified,
6dee89c0056b297340ea22f55b57afa8575a74139c9d73956df9f35372e875fe,2014-08,Essex Police,Essex Police,0.699378,51.542600,On or near Balmoral Road,E01015896,Southend-on-Sea 010B,Vehicle crime,Under investigation,
81600fa9d5b7a41fce44e73638fc1f804fb3e807121aad466a6bf055f3209f57,2014-08,Essex Police,Essex Police,0.699378,51.542600,On or near Balmoral Road,E01015896,Southend-on-Sea 010B,Vehicle crime,Under investigation,
883b57194f9e0938ccc858686e357eb665514e0f43d1ba8fc297804722199feb,2014-08,Essex Police,Essex Police,0.699875,51.540772,On or near Summercourt Road,E01015896,Southend-on-Sea 010B,Violence and sexual offences,Under investigation,
5a23b80ddd7fed8d63bc0e92f757fbadf87eeb9d0656afee3ef58730c82f34b1,2014-08,Essex Police,Essex Police,0.699378,51.542600,On or near Balmoral Road,E01015896,Southend-on-Sea 010B,Violence and sexual offences,Awaiting court outcome,
bba1912f651c56e36fc0825646144f6c758ec16afe65953bbea570690dcd9c02,2014-08,Essex Police,Essex Police,0.701414,51.543614,On or near Albany Avenue,E01015896,Southend-on-Sea 010B,Violence and sexual offences,Investigation complete; no suspect identified,
8306b74781351e8303e1adb5f2c6b8619104a9f3dbab5219ca7cf747f7ff2c4d,2014-08,Essex Police,Essex Police,0.701414,51.543614,On or near Albany Avenue,E01015896,Southend-on-Sea 010B,Violence and sexual offences,Unable to prosecute suspect,
c683ee17d50b5cfb3df6014cf76114d3d88d0269f566babd4c25430e9bc814da,2014-08,Essex Police,Essex Police,0.701379,51.543022,On or near Cliff Avenue,E01015896,Southend-on-Sea 010B,Violence and sexual offences,Under investigation,
,2014-08,Essex Police,Essex Police,0.712186,51.548672,On or near Kenway,E01015897,Southend-on-Sea 010C,Anti-social behaviour,,
,2014-08,Essex Police,Essex Police,0.720157,51.547120,On or near Byron Avenue,E01015897,Southend-on-Sea 010C,Anti-social behaviour,,
,2014-08,Essex Police,Essex Police,0.716199,51.548714,On or near Cedar Close,E01015897,Southend-on-Sea 010C,Anti-social behaviour,,
,2014-08,Essex Police,Essex Police,0.720232,51.549574,On or near Dickens Close,E01015897,Southend-on-Sea 010C,Anti-social behaviour,,
,2014-08,Essex Police,Essex Police,0.720232,51.549574,On or near Dickens Close,E01015897,Southend-on-Sea 010C,Anti-social behaviour,,
,2014-08,Essex Police,Essex Police,0.712186,51.548672,On or near Kenway,E01015897,Southend-on-Sea 010C,Anti-social behaviour,,
,2014-08,Essex Police,Essex Police,0.720157,51.547120,On or near Byron Avenue,E01015897,Southend-on-Sea 010C,Anti-social behaviour,,
,2014-08,Essex Police,Essex Police,0.716199,51.548714,On or near Cedar Close,E01015897,Southend-on-Sea 010C,Anti-social behaviour,,
,2014-08,Essex Police,Essex Police,0.712186,51.548672,On or near Kenway,E01015897,Southend-on-Sea 010C,Anti-social behaviour,,
,2014-08,Essex Police,Essex Police,0.716199,51.548714,On or near Cedar Close,E01015897,Southend-on-Sea 010C,Anti-social behaviour,,
,2014-08,Essex Police,Essex Police,0.720983,51.547659,On or near Shelley Square,E01015897,Southend-on-Sea 010C,Anti-social behaviour,,
27ce63f20a0e9deeb66ccc3641b44af6eb8d2d5efedf0fa7a606216a862f716c,2014-08,Essex Police,Essex Police,0.720157,51.547120,On or near Byron Avenue,E01015897,Southend-on-Sea 010C,Bicycle theft,Investigation complete; no suspect identified,
fa4504897dd1c4892c245504ec510bcb137eeeeddb0b6b581e1faa499a7af381,2014-08,Essex Police,Essex Police,0.712186,51.548672,On or near Kenway,E01015897,Southend-on-Sea 010C,Burglary,Under investigation,
fff166bec8bb8727fd236392d93f0ace943aba9974fad8e7138a85e2dd928222,2014-08,Essex Police,Essex Police,0.717138,51.547280,On or near Maple Square,E01015897,Southend-on-Sea 010C,Burglary,Under investigation,
2017830d8c5987419c7bd8dc26b27bd4773cfecace098cbfb4d4d28fc75152e6,2014-08,Essex Police,Essex Police,0.720983,51.547659,On or near Shelley Square,E01015897,Southend-on-Sea 010C,Burglary,Under investigation,
f7032c94d2ded274541ee5071b67af78bf1ac02d06b0d6e7a4b3f8f4880dcbb7,2014-08,Essex Police,Essex Police,0.714061,51.547693,On or near Vale Avenue,E01015897,Southend-on-Sea 010C,Drugs,Offender deprived of property,
3ea5eaa09d25ad4e03e005d2ff456b4f0f46c109ac3719e76be08eb7c7e3cc99,2014-08,Essex Police,Essex Police,0.713241,51.549916,On or near Oakhurst Road,E01015897,Southend-on-Sea 010C,Other theft,Under investigation,
eb0d7779706a4a70e314eff4a66158eb0ebca266270a7afd3f84bbd833cbee22,2014-08,Essex Police,Essex Police,0.717558,51.548278,On or near Chestnut Grove,E01015897,Southend-on-Sea 010C,Violence and sexual offences,Under investigation,
e537dc24614468642adbbe4fc7f0630386c4ae534227b1bb77fb0c364f22ec0d,2014-08,Essex Police,Essex Police,0.717415,51.549513,On or near Ruskin Avenue,E01015897,Southend-on-Sea 010C,Violence and sexual offences,Unable to prosecute suspect,
6f473d918ef1b8ebcc5b7b4437b4a38bec67a1a68acd87980c365158e2657f4a,2014-08,Essex Police,Essex Police,0.713176,51.550763,On or near East Street,E01015897,Southend-on-Sea 010C,Violence and sexual offences,Unable to prosecute suspect,
,2014-08,Essex Police,Essex Police,0.715328,51.545712,On or near Stadium Road,E01015898,Southend-on-Sea 010D,Anti-social behaviour,,
,2014-08,Essex Police,Essex Police,0.720040,51.544677,On or near Central Avenue,E01015898,Southend-on-Sea 010D,Anti-social behaviour,,
,2014-08,Essex Police,Essex Police,0.714950,51.546396,On or near Redstock Road,E01015898,Southend-on-Sea 010D,Anti-social behaviour,,
,2014-08,Essex Police,Essex Police,0.715846,51.543749,On or near Maldon Road,E01015898,Southend-on-Sea 010D,Anti-social behaviour,,
,2014-08,Essex Police,Essex Police,0.718800,51.547826,On or near Sycamore Grove,E01015898,Southend-on-Sea 010D,Anti-social behaviour,,
,2014-08,Essex Police,Essex Police,0.716855,51.546415,On or near Sutton Road,E01015898,Southend-on-Sea 010D,Anti-social behaviour,,
,2014-08,Essex Police,Essex Police,0.718800,51.547826,On or near Sycamore Grove,E01015898,Southend-on-Sea 010D,Anti-social behaviour,,
,2014-08,Essex Police,Essex Police,0.713520,51.542966,On or near Milton Street,E01015898,Southend-on-Sea 010D,Anti-social behaviour,,
,2014-08,Essex Police,Essex Police,0.718800,51.547826,On or near Sycamore Grove,E01015898,Southend-on-Sea 010D,Anti-social behaviour,,
,2014-08,Essex Police,Essex Police,0.713520,51.542966,On or near Milton Street,E01015898,Southend-on-Sea 010D,Anti-social behaviour,,
,2014-08,Essex Police,Essex Police,0.720258,51.543970,On or near South Avenue,E01015898,Southend-on-Sea 010D,Anti-social behaviour,,
,2014-08,Essex Police,Essex Police,0.719983,51.545398,On or near North Avenue,E01015898,Southend-on-Sea 010D,Anti-social behaviour,,
,2014-08,Essex Police,Essex Police,0.715963,51.544987,On or near Greyhound Way,E01015898,Southend-on-Sea 010D,Anti-social behaviour,,
b23408e041a95f2c04928543b1c2fdc82b5a3c73764b513b3dd63ad4937f39f0,2014-08,Essex Police,Essex Police,0.714141,51.545641,On or near Stanfield Road,E01015898,Southend-on-Sea 010D,Burglary,Investigation complete; no suspect identified,
896d1d14e11c14d70d369d582bf804f198939d0ee56496dfa8b81924cf631535,2014-08,Essex Police,Essex Police,0.715963,51.544987,On or near Greyhound Way,E01015898,Southend-on-Sea 010D,Criminal damage and arson,Investigation complete; no suspect identified,
efca08afa7146d9c47eb48d1bd4eac185fa9bcb19bc42f612ba448ebd791c2d1,2014-08,Essex Police,Essex Police,0.719983,51.545398,On or near North Avenue,E01015898,Southend-on-Sea 010D,Criminal damage and arson,Under investigation,
974c0fc2724b06740f777f61bd228cb41c95cd106cdfb0cf6cda5a0891d761e2,2014-08,Essex Police,Essex Police,0.716855,51.546415,On or near Sutton Road,E01015898,Southend-on-Sea 010D,Drugs,Offender given a caution,
d05d32b1300c74dbd7a9c2713fba0ed1c3f8a6633e4da306b8eff933bdb71429,2014-08,Essex Police,Essex Police,0.716855,51.546415,On or near Sutton Road,E01015898,Southend-on-Sea 010D,Drugs,Awaiting court outcome,
366efd0eda513ee7e7ed6aa6653a8c4e4547f894c7c975348fca7e56c98fb170,2014-08,Essex Police,Essex Police,0.713798,51.544237,On or near Grainger Road,E01015898,Southend-on-Sea 010D,Drugs,Offender fined,
1f6fe366e76b83b65dc8f6fea8ec8ed648a4923ca6de99b51e4733bc857fa762,2014-08,Essex Police,Essex Police,0.716855,51.546415,On or near Sutton Road,E01015898,Southend-on-Sea 010D,Other theft,Awaiting court outcome,
ccc56439a363599122a151516f1c4f0c22fafb253d554a66fe5da1173167ee6f,2014-08,Essex Police,Essex Police,0.713520,51.542966,On or near Milton Street,E01015898,Southend-on-Sea 010D,Public order,Unable to prosecute suspect,
178a60b8096b932bf97ca77c457fb073162645ab65774478dd5013a58c841818,2014-08,Essex Police,Essex Police,0.713520,51.542966,On or near Milton Street,E01015898,Southend-on-Sea 010D,Shoplifting,Awaiting court outcome,
d0aae04ccf2c4b4db0d70550e7d43c255c9b9338255a0746e396f6fbd81a91b7,2014-08,Essex Police,Essex Police,0.715963,51.544987,On or near Greyhound Way,E01015898,Southend-on-Sea 010D,Shoplifting,Awaiting court outcome,
a9a95b098f45d4dc2d7f7a7991eeb4bf490c7e2b82013f54b4c336ac57f68391,2014-08,Essex Police,Essex Police,0.716855,51.546415,On or near Sutton Road,E01015898,Southend-on-Sea 010D,Vehicle crime,Under investigation,
a064ba5d59860c3e8fe1c18704df78d8eac6b77c7556cbde773c5782406fddcc,2014-08,Essex Police,Essex Police,0.719983,51.545398,On or near North Avenue,E01015898,Southend-on-Sea 010D,Violence and sexual offences,Unable to prosecute suspect,
2617fb0504802c86a84724cc9f47a5b35eb4564528cb85977d6c0be471089c48,2014-08,Essex Police,Essex Police,0.718800,51.547826,On or near Sycamore Grove,E01015898,Southend-on-Sea 010D,Violence and sexual offences,Under investigation,
81c6adb91e6d63b808e748efb140a0171d48d2965799ceeb6647cbb40184ffcf,2014-08,Essex Police,Essex Police,0.713520,51.542966,On or near Milton Street,E01015898,Southend-on-Sea 010D,Violence and sexual offences,Under investigation,
,2014-08,Essex Police,Essex Police,0.703294,51.544911,On or near Chelmsford Avenue,E01015899,Southend-on-Sea 010E,Anti-social behaviour,,
,2014-08,Essex Police,Essex Police,0.705140,51.545642,On or near Harcourt Avenue,E01015899,Southend-on-Sea 010E,Anti-social behaviour,,
,2014-08,Essex Police,Essex Police,0.702354,51.543665,On or near North Road,E01015899,Southend-on-Sea 010E,Anti-social behaviour,,
,2014-08,Essex Police,Essex Police,0.709439,51.547108,On or near Crowborough Road,E01015899,Southend-on-Sea 010E,Anti-social behaviour,,
,2014-08,Essex Police,Essex Police,0.703790,51.546716,On or near Colchester Close,E01015899,Southend-on-Sea 010E,Anti-social behaviour,,
,2014-08,Essex Police,Essex Police,0.704854,51.547627,On or near Wallis Avenue,E01015899,Southend-on-Sea 010E,Anti-social behaviour,,
,2014-08,Essex Police,Essex Police,0.702354,51.543665,On or near North Road,E01015899,Southend-on-Sea 010E,Anti-social behaviour,,
,2014-08,Essex Police,Essex Police,0.702354,51.543665,On or near North Road,E01015899,Southend-on-Sea 010E,Anti-social behaviour,,
,2014-08,Essex Police,Essex Police,0.703790,51.546716,On or near Colchester Close,E01015899,Southend-on-Sea 010E,Anti-social behaviour,,
dde87de726b231751d2caeb39b09c26202fb0a12a7a3297b8e0cec866989f5e9,2014-08,Essex Police,Essex Police,0.702354,51.543665,On or near North Road,E01015899,Southend-on-Sea 010E,Criminal damage and arson,Investigation complete; no suspect identified,
73d4c04744c2802e255f4bc477c333290682d96773612e9b2a0aea99ade3c53c,2014-08,Essex Police,Essex Police,0.702354,51.543665,On or near North Road,E01015899,Southend-on-Sea 010E,Other theft,Under investigation,
fd5bbea1fe6211026eb81c99414e86cb9b9ab882e52ee470cdd60564d7466e50,2014-08,Essex Police,Essex Police,0.702354,51.543665,On or near North Road,E01015899,Southend-on-Sea 010E,Robbery,Under investigation,
29d172c2f571ee6e2fc7bdfba329d8259f544979912bdbd421f1d1347b37049d,2014-08,Essex Police,Essex Police,0.702354,51.543665,On or near North Road,E01015899,Southend-on-Sea 010E,Violence and sexual offences,Under investigation,
c6d70e963699a219344748f278912b45b1d3c38c9020c3cb96ff6fb1ee2449d8,2014-08,Essex Police,Essex Police,0.702354,51.543665,On or near North Road,E01015899,Southend-on-Sea 010E,Violence and sexual offences,Under investigation,
4d1048528ea4b92d63d0510fbe7707135c9b526a6c1d0213c568064026c6d909,2014-08,Essex Police,Essex Police,0.703294,51.544911,On or near Chelmsford Avenue,E01015899,Southend-on-Sea 010E,Violence and sexual offences,Offender given a caution,
8d6ad1aa004dc43af576c4ec68ab6a3e7cd9066cecc9ae936504fd21a62d4c33,2014-08,Essex Police,Essex Police,0.705140,51.545642,On or near Harcourt Avenue,E01015899,Southend-on-Sea 010E,Violence and sexual offences,Under investigation,
78328427a92dbd962d28e9d6eaada1b0806b08696660c9f4368bb50a47f6f2f1,2014-08,Essex Police,Essex Police,0.708147,51.546967,On or near Tunbridge Road,E01015899,Southend-on-Sea 010E,Violence and sexual offences,Awaiting court outcome,
dd8ae2f3160892fecd073d28b1ef5bfd32a9715ffd665aadda2b87e55341df90,2014-08,Essex Police,Essex Police,0.708713,51.548959,On or near Penhurst Avenue,E01015899,Southend-on-Sea 010E,Violence and sexual offences,Under investigation,
db84f90036a5b7be11838a3c10ee2fa2c8654ab2b1c8cdde21338c91bb2750c0,2014-08,Essex Police,Essex Police,0.703294,51.544911,On or near Chelmsford Avenue,E01015899,Southend-on-Sea 010E,Violence and sexual offences,Under investigation,
,2014-08,Essex Police,Essex Police,0.696993,51.544706,On or near West Road,E01015900,Southend-on-Sea 010F,Anti-social behaviour,,
,2014-08,Essex Police,Essex Police,0.696284,51.543697,On or near Albion Road,E01015900,Southend-on-Sea 010F,Anti-social behaviour,,
,2014-08,Essex Police,Essex Police,0.696432,51.542785,On or near Claremont Close,E01015900,Southend-on-Sea 010F,Anti-social behaviour,,
,2014-08,Essex Police,Essex Police,0.697638,51.543423,On or near Hamlet Court Road,E01015900,Southend-on-Sea 010F,Anti-social behaviour,,
,2014-08,Essex Police,Essex Police,0.696432,51.542785,On or near Claremont Close,E01015900,Southend-on-Sea 010F,Anti-social behaviour,,
,2014-08,Essex Police,Essex Police,0.693247,51.544045,On or near West Road,E01015900,Southend-on-Sea 010F,Anti-social behaviour,,
,2014-08,Essex Police,Essex Police,0.701555,51.546480,On or near Tudor Road,E01015900,Southend-on-Sea 010F,Anti-social behaviour,,
0fc231773e76ca3d313e6d33c453d18fe5ff871de269b4e28502e9892a6c88f2,2014-08,Essex Police,Essex Police,0.695113,51.543400,On or near Claremont Road,E01015900,Southend-on-Sea 010F,Burglary,Investigation complete; no suspect identified,
d14fba9cd956336b9de21f952227ccdb2341253431233b9fb5f8003dec0c551a,2014-08,Essex Police,Essex Police,0.693247,51.544045,On or near West Road,E01015900,Southend-on-Sea 010F,Burglary,Investigation complete; no suspect identified,
64a0099578a33fe21e5fb3c2830ee8078ce524ee9b7245421da720863648f5ca,2014-08,Essex Police,Essex Police,0.696993,51.544706,On or near West Road,E01015900,Southend-on-Sea 010F,Criminal damage and arson,Investigation complete; no suspect identified,
41d139d79be45b00eb548d4b69fd7c6dd3521c264ec11f085d54220846c5d824,2014-08,Essex Police,Essex Police,0.695113,51.543400,On or near Claremont Road,E01015900,Southend-on-Sea 010F,Criminal damage and arson,Under investigation,
6bc120878b2dd8987a94d19a92bb5c12ed7a81da33023103c906004c74f5f232,2014-08,Essex Police,Essex Police,0.693247,51.544045,On or near West Road,E01015900,Southend-on-Sea 010F,Public order,Unable to prosecute suspect,
25998bd09838404d3a2b0f8c9134e13c83ce953b9e4ac51dcd3be6a160a0b9ab,2014-08,Essex Police,Essex Police,0.695113,51.543400,On or near Claremont Road,E01015900,Southend-on-Sea 010F,Vehicle crime,Investigation complete; no suspect identified,
5f432c6fef61c5a82848daef55242398f58d528aa41ff62c59223857a6751f7f,2014-08,Essex Police,Essex Police,0.696993,51.544706,On or near West Road,E01015900,Southend-on-Sea 010F,Violence and sexual offences,Investigation complete; no suspect identified,
1ab4d7fea2cdbfd8ee683f3a850b084d6f8736cb8abd8fe853c48eec60b0d7ac,2014-08,Essex Police,Essex Police,0.697069,51.542572,On or near Parking Area,E01015900,Southend-on-Sea 010F,Violence and sexual offences,Under investigation,
dfaed9afc4e99cc092ee87b6f2a69a4ae489c1e9bed654839e30d9e5531b0e86,2014-08,Essex Police,Essex Police,0.695113,51.543400,On or near Claremont Road,E01015900,Southend-on-Sea 010F,Violence and sexual offences,Offender given a caution,
1dfe67a8665133e30f356032ceb81a79a09be5342e98ddab9dcf3aca216b3c9b,2014-08,Essex Police,Essex Police,0.696432,51.542785,On or near Claremont Close,E01015900,Southend-on-Sea 010F,Violence and sexual offences,Under investigation,
f2d36493e19964db9cf9f2e0cf1d10dc38a7165fdfbf2bf70c202764a646fb41,2014-08,Essex Police,Essex Police,0.695113,51.543400,On or near Claremont Road,E01015900,Southend-on-Sea 010F,Violence and sexual offences,Under investigation,
,2014-08,Essex Police,Essex Police,0.650268,51.546086,On or near Fairleigh Drive,E01015845,Southend-on-Sea 011A,Anti-social behaviour,,
,2014-08,Essex Police,Essex Police,0.649933,51.544789,On or near Glendale Gardens,E01015845,Southend-on-Sea 011A,Anti-social behaviour,,
,2014-08,Essex Police,Essex Police,0.649933,51.544789,On or near Glendale Gardens,E01015845,Southend-on-Sea 011A,Anti-social behaviour,,
,2014-08,Essex Police,Essex Police,0.650268,51.546086,On or near Fairleigh Drive,E01015845,Southend-on-Sea 011A,Anti-social behaviour,,
,2014-08,Essex Police,Essex Police,0.650268,51.546086,On or near Fairleigh Drive,E01015845,Southend-on-Sea 011A,Anti-social behaviour,,
,2014-08,Essex Police,Essex Police,0.652758,51.545508,On or near Lymington Avenue,E01015845,Southend-on-Sea 011A,Anti-social behaviour,,
86ffb179e9f49d1f1e075a652b4e6959a2a072bbe8904b5b343be6f6fa12a441,2014-08,Essex Police,Essex Police,0.652526,51.545225,On or near Hampton Court,E01015845,Southend-on-Sea 011A,Criminal damage and arson,Investigation complete; no suspect identified,
15c62d262bc9dab6fbd38210f93525ee02129aeda4fb6790604cfdcf917d6db5,2014-08,Essex Police,Essex Police,0.650268,51.546086,On or near Fairleigh Drive,E01015845,Southend-on-Sea 011A,Criminal damage and arson,Under investigation,
353b4af3bc594b16b957ba9278935f2aa7767745c488052379f42a1ed1e4c60d,2014-08,Essex Police,Essex Police,0.649933,51.544789,On or near Glendale Gardens,E01015845,Southend-on-Sea 011A,Violence and sexual offences,Offender given conditional discharge,
,2014-08,Essex Police,Essex Police,0.662379,51.545263,On or near Chalkwell Park Drive,E01015846,Southend-on-Sea 011B,Anti-social behaviour,,
,2014-08,Essex Police,Essex Police,0.664206,51.541480,On or near High Cliff Drive,E01015846,Southend-on-Sea 011B,Anti-social behaviour,,
,2014-08,Essex Police,Essex Police,0.662379,51.545263,On or near Chalkwell Park Drive,E01015846,Southend-on-Sea 011B,Anti-social behaviour,,
fb0915696cbc3b5a8e4f547193320deb635fbfb12eeb52768cce1698bd34e7db,2014-08,Essex Police,Essex Police,0.666195,51.542937,On or near Nelson Drive,E01015846,Southend-on-Sea 011B,Public order,Under investigation,
255700a7e8ac0e4039a57c389448d153bbdc8712b0ba3a7954fd897cac34c5b5,2014-08,Essex Police,Essex Police,0.664206,51.541480,On or near High Cliff Drive,E01015846,Southend-on-Sea 011B,Robbery,Investigation complete; no suspect identified,
615589f0f3316686c5782c70ffabc7bcbbf33e9b011e1c7f0984d39baf1f96d0,2014-08,Essex Police,Essex Police,0.664271,51.543079,On or near Leigh Road,E01015846,Southend-on-Sea 011B,Violence and sexual offences,Unable to prosecute suspect,
,2014-08,Essex Police,Essex Police,0.660269,51.544690,On or near Leighton Avenue,E01015847,Southend-on-Sea 011C,Anti-social behaviour,,
,2014-08,Essex Police,Essex Police,0.658869,51.543687,On or near Pall Mall,E01015847,Southend-on-Sea 011C,Anti-social behaviour,,
,2014-08,Essex Police,Essex Police,0.657650,51.543059,On or near Canonsleigh Crescent,E01015847,Southend-on-Sea 011C,Anti-social behaviour,,
,2014-08,Essex Police,Essex Police,0.658869,51.543687,On or near Pall Mall,E01015847,Southend-on-Sea 011C,Anti-social behaviour,,
,2014-08,Essex Police,Essex Police,0.657706,51.541555,On or near Broadway,E01015847,Southend-on-Sea 011C,Anti-social behaviour,,
,2014-08,Essex Police,Essex Police,0.657706,51.541555,On or near Broadway,E01015847,Southend-on-Sea 011C,Anti-social behaviour,,
2cd4bb94525e9355e9c13a7368c77295472ad53507d175b17b86de4ffddcd2d1,2014-08,Essex Police,Essex Police,0.657560,51.546217,On or near Queen'S Avenue,E01015847,Southend-on-Sea 011C,Burglary,Investigation complete; no suspect identified,
80d7754919d572fa84bc34ce010992b83070eeacf9b4244c62a615c8bc63fefe,2014-08,Essex Police,Essex Police,0.659312,51.544604,On or near Oakleigh Park Drive,E01015847,Southend-on-Sea 011C,Criminal damage and arson,Under investigation,
3fb183733d67ea555366ad593325bab01ae4d7710893088234d7f3d9cf4e6670,2014-08,Essex Police,Essex Police,0.657706,51.541555,On or near Broadway,E01015847,Southend-on-Sea 011C,Criminal damage and arson,Awaiting court outcome,
6e175d2cf72d3f47ec968d171e13dfcc6fbaaebdf58042616ea9b2be24ddb27d,2014-08,Essex Police,Essex Police,0.657706,51.541555,On or near Broadway,E01015847,Southend-on-Sea 011C,Criminal damage and arson,Awaiting court outcome,
6e7d8e4d09a2b9e2bf00ddd7552048637b18485c0a0cd076ead64a4bfc656f4b,2014-08,Essex Police,Essex Police,0.658549,51.540682,On or near Avenue Road,E01015847,Southend-on-Sea 011C,Vehicle crime,Investigation complete; no suspect identified,
c0f96bcc6d0e3a9946c82c846d30bff5d9589da7ebfb7fe7fdc38466be190a73,2014-08,Essex Police,Essex Police,0.659312,51.544604,On or near Oakleigh Park Drive,E01015847,Southend-on-Sea 011C,Violence and sexual offences,Unable to prosecute suspect,
,2014-08,Essex Police,Essex Police,0.651700,51.542681,On or near Rectory Grove,E01015848,Southend-on-Sea 011D,Anti-social behaviour,,
,2014-08,Essex Police,Essex Police,0.651700,51.542681,On or near Rectory Grove,E01015848,Southend-on-Sea 011D,Anti-social behaviour,,
,2014-08,Essex Police,Essex Police,0.651700,51.542681,On or near Rectory Grove,E01015848,Southend-on-Sea 011D,Anti-social behaviour,,
,2014-08,Essex Police,Essex Police,0.660723,51.541100,On or near Redcliff Drive,E01015848,Southend-on-Sea 011D,Anti-social behaviour,,
,2014-08,Essex Police,Essex Police,0.651666,51.539624,On or near Parking Area,E01015848,Southend-on-Sea 011D,Anti-social behaviour,,
,2014-08,Essex Police,Essex Police,0.651700,51.542681,On or near Rectory Grove,E01015848,Southend-on-Sea 011D,Anti-social behaviour,,
24f3bdff85d671372b56057a8479b262a0afa646cfaff200bfa003dcfc96bfcc,2014-08,Essex Police,Essex Police,0.659766,51.541014,On or near Ashleigh Drive,E01015848,Southend-on-Sea 011D,Criminal damage and arson,Investigation complete; no suspect identified,
00db8abdb8af2041e0bf0cd79a9477612edb37c3671724d8ae901f6654c3476e,2014-08,Essex Police,Essex Police,0.649788,51.540071,On or near Alley Dock,E01015848,Southend-on-Sea 011D,Criminal damage and arson,Offender fined,
ec17214b9e32430be0e341d31bd52ecd612ef1dad6fbac39921b53129e707b21,2014-08,Essex Police,Essex Police,0.659766,51.541014,On or near Ashleigh Drive,E01015848,Southend-on-Sea 011D,Other theft,Investigation complete; no suspect identified,
04c468d95b7df16b317b7bae568f086364eedeaa725c70935522d06f0dc1b12e,2014-08,Essex Police,Essex Police,0.659766,51.541014,On or near Ashleigh Drive,E01015848,Southend-on-Sea 011D,Other theft,Under investigation,
a9f966756f401639569a1dad1443a1acd74c0a549adb96859664f93ac436f695,2014-08,Essex Police,Essex Police,0.649788,51.540071,On or near Alley Dock,E01015848,Southend-on-Sea 011D,Other theft,Under investigation,
6f9079078d54a31dce3ec8cb25420f7026911bb5bd7b2d18aa1f0c8857bf54a9,2014-08,Essex Police,Essex Police,0.665224,51.539892,On or near Grand Parade,E01015848,Southend-on-Sea 011D,Other theft,Investigation complete; no suspect identified,
33844a5e2bc9927d9a4f0a1791817baddc49296aa9282324ab325285780135ed,2014-08,Essex Police,Essex Police,0.653669,51.540343,On or near Leigh Hill Close,E01015848,Southend-on-Sea 011D,Public order,Investigation complete; no suspect identified,
5176de85ce07f42aad4b112b8b48c724fff351680cd68f0ef201584e57340af8,2014-08,Essex Police,Essex Police,0.661805,51.540860,On or near Grand Drive,E01015848,Southend-on-Sea 011D,Vehicle crime,Investigation complete; no suspect identified,
a38f6fe68767da7fce342bd27f9341a843eff1be7b53472403ff76c17a004642,2014-08,Essex Police,Essex Police,0.649095,51.540797,On or near New Road,E01015848,Southend-on-Sea 011D,Vehicle crime,Investigation complete; no suspect identified,
6508ecfdc343a2e1fb3cd9ced8bf1a121c9293c8c3f3baf9c2639245fd418862,2014-08,Essex Police,Essex Police,0.659577,51.540497,On or near Queens Road,E01015848,Southend-on-Sea 011D,Vehicle crime,Under investigation,
02b6f1907dee803478756d36a390beb2ed8e9fcb172e490121ade241b77f25db,2014-08,Essex Police,Essex Police,0.648801,51.541199,On or near Laurel Close,E01015848,Southend-on-Sea 011D,Violence and sexual offences,Under investigation,
437f410cd5300a386ea0b1c05e4c7c3d809e6105fb00d9a233563c49e7fd8efc,2014-08,Essex Police,Essex Police,0.652308,51.540005,On or near Parking Area,E01015848,Southend-on-Sea 011D,Violence and sexual offences,Unable to prosecute suspect,
10632fd39192275f8e5de3bd9dd0d68b6525f9052579074471148e9951d93a2e,2014-08,Essex Police,Essex Police,0.652445,51.542097,On or near Broadway West,E01015848,Southend-on-Sea 011D,Violence and sexual offences,Investigation complete; no suspect identified,
c2cc568ff3177c7080c7b2b0596de174e8d11a73893b03088fba17a40bf300f8,2014-08,Essex Police,Essex Police,0.659766,51.541014,On or near Ashleigh Drive,E01015848,Southend-on-Sea 011D,Violence and sexual offences,Investigation complete; no suspect identified,
,2014-08,Essex Police,Essex Police,0.655273,51.546575,On or near Cranleigh Drive,E01015849,Southend-on-Sea 011E,Anti-social behaviour,,
,2014-08,Essex Police,Essex Police,0.655495,51.541965,On or near West Street,E01015849,Southend-on-Sea 011E,Anti-social behaviour,,
,2014-08,Essex Police,Essex Police,0.655273,51.546575,On or near Cranleigh Drive,E01015849,Southend-on-Sea 011E,Anti-social behaviour,,
,2014-08,Essex Police,Essex Police,0.653938,51.543233,On or near Police Station,E01015849,Southend-on-Sea 011E,Anti-social behaviour,,
,2014-08,Essex Police,Essex Police,0.658349,51.544671,On or near Leigh Hall Road,E01015849,Southend-on-Sea 011E,Anti-social behaviour,,
c428f34c7e3e11ef78a12ed800a19e67a63522ed6e35e99d0de791c189eec8f8,2014-08,Essex Police,Essex Police,0.655273,51.546575,On or near Cranleigh Drive,E01015849,Southend-on-Sea 011E,Criminal damage and arson,Investigation complete; no suspect identified,
1deef95bf000942c8f5660d9570b2f1c66ddc333ef7f17fa0e72aca6bbf9f40b,2014-08,Essex Police,Essex Police,0.655495,51.541965,On or near West Street,E01015849,Southend-on-Sea 011E,Other theft,Under investigation,
30bcc756b1d800f055ba437f907d8c1e336be702423e04cbefc9c1d1d1dba824,2014-08,Essex Police,Essex Police,0.655916,51.541281,On or near Supermarket,E01015849,Southend-on-Sea 011E,Public order,Awaiting court outcome,
64546ec5b516b0269a717add53bd7698826ce83db9586aab762c1d37eca7f054,2014-08,Essex Police,Essex Police,0.655495,51.541965,On or near West Street,E01015849,Southend-on-Sea 011E,Shoplifting,Under investigation,
9cc6aebb26ce27e4facf2207787405c2bd54b8c9941213632af93962d0b14ffb,2014-08,Essex Police,Essex Police,0.655495,51.541965,On or near West Street,E01015849,Southend-on-Sea 011E,Shoplifting,Investigation complete; no suspect identified,
b06f9f66939c1afec9131a9361d34a3ddb0653f658bf2c1712bb7232e94a68be,2014-08,Essex Police,Essex Police,0.655273,51.546575,On or near Cranleigh Drive,E01015849,Southend-on-Sea 011E,Vehicle crime,Investigation complete; no suspect identified,
7691d0f4aa17c68194156a2772a8a7900dafb0d9a265a3f0552c0f000ee933e7,2014-08,Essex Police,Essex Police,0.655916,51.541281,On or near Supermarket,E01015849,Southend-on-Sea 011E,Violence and sexual offences,Under investigation,
6f77f31d48173dec0b375b39e936990e84403794ad6fd807f554cc0b73033357,2014-08,Essex Police,Essex Police,0.653938,51.543233,On or near Police Station,E01015849,Southend-on-Sea 011E,Violence and sexual offences,Unable to prosecute suspect,
406eb1e67057c76e7c605981ac05b6a255eeebd8568d1c8e7674bc7f71c841f6,2014-08,Essex Police,Essex Police,0.655419,51.545375,On or near Elm Road,E01015849,Southend-on-Sea 011E,Violence and sexual offences,Under investigation,
b2ad75a22169f467f537ff6df87c27e867230c16154e7bd4515215675b00a964,2014-08,Essex Police,Essex Police,0.655916,51.541281,On or near Supermarket,E01015849,Southend-on-Sea 011E,Violence and sexual offences,Under investigation,
,2014-08,Essex Police,Essex Police,0.660371,51.547422,On or near Parking Area,E01015850,Southend-on-Sea 011F,Anti-social behaviour,,
,2014-08,Essex Police,Essex Police,0.660671,51.547388,On or near Supermarket,E01015850,Southend-on-Sea 011F,Anti-social behaviour,,
,2014-08,Essex Police,Essex Police,0.660671,51.547388,On or near Supermarket,E01015850,Southend-on-Sea 011F,Anti-social behaviour,,
b563319a675c3c52854de65644463d066a58ef1b7ad32ad273ebd13308cd9b00,2014-08,Essex Police,Essex Police,0.660671,51.547388,On or near Supermarket,E01015850,Southend-on-Sea 011F,Shoplifting,Under investigation,
9871447183aad9c3e25804c0e9f297a6d3cd0716368726bb8a51ed08cc3ba9fc,2014-08,Essex Police,Essex Police,0.660671,51.547388,On or near Supermarket,E01015850,Southend-on-Sea 011F,Theft from the person,Investigation complete; no suspect identified,
8eacf264d83b7ea9248eb95c4b638c9c4e4b70d2b86795492049d6bf29213bd4,2014-08,Essex Police,Essex Police,0.665223,51.545297,On or near Lord Roberts Avenue,E01015850,Southend-on-Sea 011F,Vehicle crime,Investigation complete; no suspect identified,
b48fd6deab02d87abf28f80233d8eb810dce1a8fe6682397848e5b745e5acd74,2014-08,Essex Police,Essex Police,0.664283,51.545264,On or near Cliffsea Grove,E01015850,Southend-on-Sea 011F,Vehicle crime,Under investigation,
6ebba50cb2b7f62553c3b57dff1751381085cb0b38ab759a39efb81b9065cbeb,2014-08,Essex Police,Essex Police,0.661178,51.545695,On or near Leigham Court Drive,E01015850,Southend-on-Sea 011F,Violence and sexual offences,Unable to prosecute suspect,
2e0ddc39b8cb7d26ada40f2fc02c0964d50b46781646e90edd9b6fcb5e8d365f,2014-08,Essex Police,Essex Police,0.664283,51.545264,On or near Cliffsea Grove,E01015850,Southend-on-Sea 011F,Violence and sexual offences,Unable to prosecute suspect,
b304c10f228af70f37aa5b195805b61b33dd704ce7735a6a10163db9ea199fb9,2014-08,Essex Police,Essex Police,0.660671,51.547388,On or near Supermarket,E01015850,Southend-on-Sea 011F,Violence and sexual offences,Under investigation,
1d0173f52f1257dc43d323a7cb43589114c0ba8cb3376c83ec8ccf5fc896aeae,2014-08,Essex Police,Essex Police,0.664283,51.545264,On or near Cliffsea Grove,E01015850,Southend-on-Sea 011F,Violence and sexual offences,Offender given a caution,
,2014-08,Essex Police,Essex Police,0.679074,51.541195,On or near Chalkwell Avenue,E01015827,Southend-on-Sea 012A,Anti-social behaviour,,
,2014-08,Essex Police,Essex Police,0.676214,51.537186,On or near Chalkwell Esplanade,E01015827,Southend-on-Sea 012A,Anti-social behaviour,,
576b776036f2d0bb8b386bb95404aa1d2d76be68af7b2e91193181bfa61245be,2014-08,Essex Police,Essex Police,0.676214,51.537186,On or near Chalkwell Esplanade,E01015827,Southend-on-Sea 012A,Criminal damage and arson,Investigation complete; no suspect identified,
d65062944513e6c2a82398e3729e747c0d75975f3060398df314fd3641c6f576,2014-08,Essex Police,Essex Police,0.679074,51.541195,On or near Chalkwell Avenue,E01015827,Southend-on-Sea 012A,Drugs,Under investigation,
712f28de52f5f2002cfc8597d650a0875a91d6060404c0c6d2ca29855f51f064,2014-08,Essex Police,Essex Police,0.679074,51.541195,On or near Chalkwell Avenue,E01015827,Southend-on-Sea 012A,Drugs,Under investigation,
b1aadf33bb85008b8715edbec6e5d78689973aac763f9d4f17b268c6e681be2a,2014-08,Essex Police,Essex Police,0.676214,51.537186,On or near Chalkwell Esplanade,E01015827,Southend-on-Sea 012A,Other theft,Investigation complete; no suspect identified,
076e9a0b47ab8ce086793050928b1a7dda72cd6abdcc70de86505bb5da98ffd0,2014-08,Essex Police,Essex Police,0.676214,51.537186,On or near Chalkwell Esplanade,E01015827,Southend-on-Sea 012A,Vehicle crime,Investigation complete; no suspect identified,
0083b7503456fb71e405ed364103b0beb6c0d4ce8a2b301a6f73116ccde79d35,2014-08,Essex Police,Essex Police,0.676214,51.537186,On or near Chalkwell Esplanade,E01015827,Southend-on-Sea 012A,Vehicle crime,Investigation complete; no suspect identified,
68b818314369a4653ac77059ae26e86082cfa537d7f052fbc5af8fd059d32227,2014-08,Essex Police,Essex Police,0.679463,51.537499,On or near Second Avenue,E01015827,Southend-on-Sea 012A,Vehicle crime,Investigation complete; no suspect identified,
fe1e9f83993f4a32e7cca7b14793a2d7aed4c20b5f169cb1748372fdd8909510,2014-08,Essex Police,Essex Police,0.688027,51.535990,On or near Palmerston Road,E01015827,Southend-on-Sea 012A,Violence and sexual offences,Unable to prosecute suspect,
,2014-08,Essex Police,Essex Police,0.686468,51.538175,On or near Station Road,E01015828,Southend-on-Sea 012B,Anti-social behaviour,,
,2014-08,Essex Police,Essex Police,0.686069,51.537024,On or near Cobham Road,E01015828,Southend-on-Sea 012B,Anti-social behaviour,,
,2014-08,Essex Police,Essex Police,0.683778,51.537796,On or near Whitefriars Crescent,E01015828,Southend-on-Sea 012B,Anti-social behaviour,,
,2014-08,Essex Police,Essex Police,0.687343,51.536869,On or near Pembury Road,E01015828,Southend-on-Sea 012B,Anti-social behaviour,,
,2014-08,Essex Police,Essex Police,0.686069,51.537024,On or near Cobham Road,E01015828,Southend-on-Sea 012B,Anti-social behaviour,,
,2014-08,Essex Police,Essex Police,0.686468,51.538175,On or near Station Road,E01015828,Southend-on-Sea 012B,Anti-social behaviour,,
,2014-08,Essex Police,Essex Police,0.686468,51.538175,On or near Station Road,E01015828,Southend-on-Sea 012B,Anti-social behaviour,,
,2014-08,Essex Police,Essex Police,0.686069,51.537024,On or near Cobham Road,E01015828,Southend-on-Sea 012B,Anti-social behaviour,,
b4519acbbe9bece6b506016212ccd4ad4daee4955dba0387ace68a072f885e3d,2014-08,Essex Police,Essex Police,0.686069,51.537024,On or near Cobham Road,E01015828,Southend-on-Sea 012B,Vehicle crime,Investigation complete; no suspect identified,
901e68ba6c326b9d9da94e5b7f4cef4b8f35f073b649ea700f564f39804d16b4,2014-08,Essex Police,Essex Police,0.686069,51.537024,On or near Cobham Road,E01015828,Southend-on-Sea 012B,Violence and sexual offences,Under investigation,
8d6af51e99aca4d797e321d8d3ed7e262417affe30aa7b8bcfc3bb9703115cd2,2014-08,Essex Police,Essex Police,0.686468,51.538175,On or near Station Road,E01015828,Southend-on-Sea 012B,Violence and sexual offences,Under investigation,
4a155c238a72ce0a1c7813fc4200821876cd331872d4a9a76f3144b4ceae2f69,2014-08,Essex Police,Essex Police,0.687343,51.536869,On or near Pembury Road,E01015828,Southend-on-Sea 012B,Violence and sexual offences,Under investigation,
21e7fe632a46f9aad5911e5cdfe88988ab42892a8931d5b7d95d29601b870b1b,2014-08,Essex Police,Essex Police,0.689609,51.537635,On or near Valkyrie Road,E01015828,Southend-on-Sea 012B,Violence and sexual offences,Under investigation,
cd9502efd9d7dc356b8a69e4aecef9ab92e58f46f400fa6a4e72facfca9918b1,2014-08,Essex Police,Essex Police,0.686069,51.537024,On or near Cobham Road,E01015828,Southend-on-Sea 012B,Violence and sexual offences,Under investigation,
f45a90950dd9578fd5ff9cc9221a44000393d3b1335df228b6c2ff32dc53132d,2014-08,Essex Police,Essex Police,0.686069,51.537024,On or near Cobham Road,E01015828,Southend-on-Sea 012B,Violence and sexual offences,Under investigation,
,2014-08,Essex Police,Essex Police,0.668088,51.545214,On or near Lansdowne Avenue,E01015829,Southend-on-Sea 012C,Anti-social behaviour,,
,2014-08,Essex Police,Essex Police,0.667456,51.543286,On or near Supermarket,E01015829,Southend-on-Sea 012C,Anti-social behaviour,,
,2014-08,Essex Police,Essex Police,0.667456,51.543286,On or near Supermarket,E01015829,Southend-on-Sea 012C,Anti-social behaviour,,
1ea7e4c906656dca64b6b50245f566cf39d5c26051e797cc611734603924466e,2014-08,Essex Police,Essex Police,0.669012,51.541281,On or near Beach Avenue,E01015829,Southend-on-Sea 012C,Other theft,Unable to prosecute suspect,
7543471918255219fbecf561206919533eff8b5c42f8205b8118fbbd0fbf666b,2014-08,Essex Police,Essex Police,0.667456,51.543286,On or near Supermarket,E01015829,Southend-on-Sea 012C,Shoplifting,Under investigation,
f511c691af862cbd0ea483ed6028b28912f6cacf034eaba8699c1364cb2818f2,2014-08,Essex Police,Essex Police,0.667456,51.543286,On or near Supermarket,E01015829,Southend-on-Sea 012C,Shoplifting,Under investigation,
6c5b6289540e0a2a65a6b515e6670039464bf5d0e87ed8935bf7faf88ac74505,2014-08,Essex Police,Essex Police,0.667456,51.543286,On or near Supermarket,E01015829,Southend-on-Sea 012C,Shoplifting,Under investigation,
c9873374d314bf7a8b0cbb55de5fdda04a8dc4062d1d1c40bb90e2c9e9fdca3d,2014-08,Essex Police,Essex Police,0.667456,51.543286,On or near Supermarket,E01015829,Southend-on-Sea 012C,Shoplifting,Under investigation,
76733589cb7733b786ae43ec54f87d5bcae2df51f02b7719811ee94f8319b861,2014-08,Essex Police,Essex Police,0.667456,51.543286,On or near Supermarket,E01015829,Southend-on-Sea 012C,Shoplifting,Under investigation,
b6ebe86e2afbd17030d7a2ceb73518cec4ba3a5b5087499e109423e5e1a7c804,2014-08,Essex Police,Essex Police,0.667456,51.543286,On or near Supermarket,E01015829,Southend-on-Sea 012C,Violence and sexual offences,Investigation complete; no suspect identified,
7547b7383f2f72f3f845188db865750068940e82b3a5c84267f9c870895b80c2,2014-08,Essex Police,Essex Police,0.667456,51.543286,On or near Supermarket,E01015829,Southend-on-Sea 012C,Violence and sexual offences,Offender given community sentence,
,2014-08,Essex Police,Essex Police,0.674543,51.539428,On or near The Ridgeway,E01015830,Southend-on-Sea 012D,Anti-social behaviour,,
,2014-08,Essex Police,Essex Police,0.678186,51.542780,On or near Kings Road,E01015830,Southend-on-Sea 012D,Anti-social behaviour,,
,2014-08,Essex Police,Essex Police,0.674543,51.539428,On or near The Ridgeway,E01015830,Southend-on-Sea 012D,Anti-social behaviour,,
,2014-08,Essex Police,Essex Police,0.670862,51.538882,On or near The Ridgeway,E01015830,Southend-on-Sea 012D,Anti-social behaviour,,
,2014-08,Essex Police,Essex Police,0.678186,51.542780,On or near Kings Road,E01015830,Southend-on-Sea 012D,Anti-social behaviour,,
d1b5484c41b8923922278103ea882462b40e4a4b339e8dc8cd14cb6fbd5bc48d,2014-08,Essex Police,Essex Police,0.670862,51.538882,On or near The Ridgeway,E01015830,Southend-on-Sea 012D,Bicycle theft,Investigation complete; no suspect identified,
90dcfd2f038290a42b81e152c89724fc2cb034ae815f77a3a9554ee0f159ba42,2014-08,Essex Police,Essex Police,0.673547,51.543848,On or near Old Leigh Road,E01015830,Southend-on-Sea 012D,Bicycle theft,Unable to prosecute suspect,
ed6cba737dbf5df3ddd748be712c7ebb0bf9b0afe9418ef99702935374914309,2014-08,Essex Police,Essex Police,0.673996,51.539692,On or near Ridgeway Gardens,E01015830,Southend-on-Sea 012D,Burglary,Investigation complete; no suspect identified,
3950fd27e8610e0993bad66524aad546accf782451e2c8692b08ceb57b536396,2014-08,Essex Police,Essex Police,0.673996,51.539692,On or near Ridgeway Gardens,E01015830,Southend-on-Sea 012D,Other theft,Investigation complete; no suspect identified,
94dd783bf64953f3dbff1f4ae9d28646473c7d042b2f090e41ecb1d2172d0fd6,2014-08,Essex Police,Essex Police,0.674136,51.538646,On or near Leas Close,E01015830,Southend-on-Sea 012D,Other theft,Investigation complete; no suspect identified,
b9d25bbf134077168b34c84fd96966b26b0ba72cd581e644562256f41f957f4d,2014-08,Essex Police,Essex Police,0.674136,51.538646,On or near Leas Close,E01015830,Southend-on-Sea 012D,Vehicle crime,Investigation complete; no suspect identified,
77f54f531471bb640b05d75445db3915a07693a2a592b41d1e22246d0a3e33d5,2014-08,Essex Police,Essex Police,0.674136,51.538646,On or near Leas Close,E01015830,Southend-on-Sea 012D,Vehicle crime,Investigation complete; no suspect identified,
add03b3cc20e8e59c0076cb440bbd9d9827a494ded4ac29203592621bd5eeee5,2014-08,Essex Police,Essex Police,0.676224,51.541539,On or near The Leasway,E01015830,Southend-on-Sea 012D,Vehicle crime,Investigation complete; no suspect identified,
,2014-08,Essex Police,Essex Police,0.691224,51.540566,On or near Valkyrie Road,E01015831,Southend-on-Sea 012E,Anti-social behaviour,,
,2014-08,Essex Police,Essex Police,0.687811,51.542605,On or near Alleyn Place,E01015831,Southend-on-Sea 012E,Anti-social behaviour,,
,2014-08,Essex Police,Essex Police,0.689066,51.539195,On or near Meteor Road,E01015831,Southend-on-Sea 012E,Anti-social behaviour,,
,2014-08,Essex Police,Essex Police,0.691718,51.543810,On or near Theatre/Concert Hall,E01015831,Southend-on-Sea 012E,Anti-social behaviour,,
,2014-08,Essex Police,Essex Police,0.691224,51.540566,On or near Valkyrie Road,E01015831,Southend-on-Sea 012E,Anti-social behaviour,,
,2014-08,Essex Police,Essex Police,0.691224,51.540566,On or near Valkyrie Road,E01015831,Southend-on-Sea 012E,Anti-social behaviour,,
aa5309504d9527409c199582a32afa5c06eef982810356abdefc5f4eaa5d7b1b,2014-08,Essex Police,Essex Police,0.689585,51.544327,On or near Shoe Lane,E01015831,Southend-on-Sea 012E,Criminal damage and arson,Awaiting court outcome,
bf3adc6acf61d14ab319f56e6552e47eb220e70a96717ab16de8ca66e11aa6fb,2014-08,Essex Police,Essex Police,0.689621,51.541026,On or near Finchley Road,E01015831,Southend-on-Sea 012E,Criminal damage and arson,Awaiting court outcome,
e9ad12c0d21dcee60df394fdf928a29d51de2e6ca5fa12e0c30bf430a4a58d4f,2014-08,Essex Police,Essex Police,0.688353,51.543969,On or near Crowstone Close,E01015831,Southend-on-Sea 012E,Drugs,Offender given a caution,
95618dd165fffe2b8b938253c00a8002dd8b86002918ae7585ee76d321f2aa3b,2014-08,Essex Police,Essex Police,0.690233,51.542594,On or near Elderton Road,E01015831,Southend-on-Sea 012E,Drugs,Under investigation,
030aff68210b8680fcee75bb0f0eeb85b417ec20fbe3ed27083c92b1351b434d,2014-08,Essex Police,Essex Police,0.691224,51.540566,On or near Valkyrie Road,E01015831,Southend-on-Sea 012E,Other theft,Investigation complete; no suspect identified,
98d8913e823592867968d950f4348182a1fc3ab8c3bdddc1dae5420669800ae9,2014-08,Essex Police,Essex Police,0.689621,51.541026,On or near Finchley Road,E01015831,Southend-on-Sea 012E,Public order,Offender otherwise dealt with,
7da6aaaa7038b8ce78fcb3b2275b5233de079597d5addbbba1cbfffbe1a5dc6c,2014-08,Essex Police,Essex Police,0.691224,51.540566,On or near Valkyrie Road,E01015831,Southend-on-Sea 012E,Public order,Local resolution,
726066eec349f54499d12ee02c9aac0dad3e65223b1d3e624f68f04ae32b1df4,2014-08,Essex Police,Essex Police,0.689585,51.544327,On or near Shoe Lane,E01015831,Southend-on-Sea 012E,Shoplifting,Offender given conditional discharge,
38acf8f886c9154d172d54a0310269011fffe863b6f157b7e4680603e4ffe572,2014-08,Essex Police,Essex Police,0.691731,51.543298,On or near Cranley Avenue,E01015831,Southend-on-Sea 012E,Violence and sexual offences,Under investigation,
9474c1440a3dbf8fdc7ba0ecb0fba76c71735c75c5fddd81b917b3784c649336,2014-08,Essex Police,Essex Police,0.688353,51.543969,On or near Crowstone Close,E01015831,Southend-on-Sea 012E,Violence and sexual offences,Under investigation,
bae6a7caef74ed155cfdc1a9983cf7459cef16bad7301a13ad775751b90c2cde,2014-08,Essex Police,Essex Police,0.688353,51.543969,On or near Crowstone Close,E01015831,Southend-on-Sea 012E,Violence and sexual offences,Unable to prosecute suspect,
c1dad50c9ee2eb64c1ff7971158924bc1ec60b61c11600a9e62255e364e6a58d,2014-08,Essex Police,Essex Police,0.689621,51.541026,On or near Finchley Road,E01015831,Southend-on-Sea 012E,Violence and sexual offences,Awaiting court outcome,
4d5f654e67502f5e5c4f404e7f2e6e74b09e6bb34a94a00e23f1afd9b98c3e31,2014-08,Essex Police,Essex Police,0.689066,51.539195,On or near Meteor Road,E01015831,Southend-on-Sea 012E,Violence and sexual offences,Unable to prosecute suspect,
ca8119b0ca505129c005f8aabd50766e1992e5b9dbde7b7f42baeb26ab0e1842,2014-08,Essex Police,Essex Police,0.689066,51.539195,On or near Meteor Road,E01015831,Southend-on-Sea 012E,Violence and sexual offences,Awaiting court outcome,
fe2361bc28d2e8a1f08b18bfc9f1ab0f205886b6c883067d5c7049739c4d275e,2014-08,Essex Police,Essex Police,0.688353,51.543969,On or near Crowstone Close,E01015831,Southend-on-Sea 012E,Violence and sexual offences,Under investigation,
1bc1eb5a4ce749f70daf95d575bb24ff69a707809b30ead654c024c601935e70,2014-08,Essex Police,Essex Police,0.691224,51.540566,On or near Valkyrie Road,E01015831,Southend-on-Sea 012E,Violence and sexual offences,Offender sent to prison,
12a583aef02e1960cd36899ce1cf3cad662965d1e181dafe9fc8f85c066e8222,2014-08,Essex Police,Essex Police,0.688353,51.543969,On or near Crowstone Close,E01015831,Southend-on-Sea 012E,Violence and sexual offences,Unable to prosecute suspect,
94c3bc7ad7c7c6fb258e29af5255ecbba874c9d88f1fc2b018ac6fc82959f688,2014-08,Essex Police,Essex Police,0.688353,51.543969,On or near Crowstone Close,E01015831,Southend-on-Sea 012E,Other crime,Unable to prosecute suspect,
,2014-08,Essex Police,Essex Police,0.684702,51.545167,On or near London Road,E01015832,Southend-on-Sea 012F,Anti-social behaviour,,
,2014-08,Essex Police,Essex Police,0.684702,51.545167,On or near London Road,E01015832,Southend-on-Sea 012F,Anti-social behaviour,,
,2014-08,Essex Police,Essex Police,0.686458,51.541674,On or near Crowstone Road,E01015832,Southend-on-Sea 012F,Anti-social behaviour,,
,2014-08,Essex Police,Essex Police,0.686458,51.541674,On or near Crowstone Road,E01015832,Southend-on-Sea 012F,Anti-social behaviour,,
,2014-08,Essex Police,Essex Police,0.682566,51.541952,On or near Chadwick Road,E01015832,Southend-on-Sea 012F,Anti-social behaviour,,
,2014-08,Essex Police,Essex Police,0.678530,51.543969,On or near Parking Area,E01015832,Southend-on-Sea 012F,Anti-social behaviour,,
,2014-08,Essex Police,Essex Police,0.684722,51.542568,On or near Drake Road,E01015832,Southend-on-Sea 012F,Anti-social behaviour,,
d43019df3f5429efbcac62e9e04a5bc2e516e77abdb1cbac50d0c83a567679f7,2014-08,Essex Police,Essex Police,0.686458,51.541674,On or near Crowstone Road,E01015832,Southend-on-Sea 012F,Burglary,Investigation complete; no suspect identified,
61de96f87c6a8fef8b633de8ff3608e46b947e1f6b46d2fc3ba5eb8ae5ca7365,2014-08,Essex Police,Essex Police,0.682566,51.541952,On or near Chadwick Road,E01015832,Southend-on-Sea 012F,Burglary,Under investigation,
418a8565a59eafafa2fad6123a7ed1231a13baaf1a50dda9ab4ac87c2456aa45,2014-08,Essex Police,Essex Police,0.684702,51.545167,On or near London Road,E01015832,Southend-on-Sea 012F,Criminal damage and arson,Investigation complete; no suspect identified,
36fbc345a8acae81be2b09cbcdf04d904223e13150a21152a80ec49da5bd995e,2014-08,Essex Police,Essex Police,0.684702,51.545167,On or near London Road,E01015832,Southend-on-Sea 012F,Criminal damage and arson,Awaiting court outcome,
1d48d487094e2c52f3382b8573cf3d9b2fc63e70e2db067a3efe4efbfbbd5cb6,2014-08,Essex Police,Essex Police,0.684702,51.545167,On or near London Road,E01015832,Southend-on-Sea 012F,Other theft,Under investigation,
69bcce3a3e64885c2d8162293c4e81a0fc83950894e61d5f9a6f4e6a53e8182e,2014-08,Essex Police,Essex Police,0.684702,51.545167,On or near London Road,E01015832,Southend-on-Sea 012F,Other theft,Under investigation,
283f50f426470b9fac4c160113bdeae4aed0fdac4ec2b2107f0b98e4dab43001,2014-08,Essex Police,Essex Police,0.684702,51.545167,On or near London Road,E01015832,Southend-on-Sea 012F,Shoplifting,Under investigation,
01e0160357e51c4f2e72c1e183b6dda5fd0b4d5120ea27db5866278abbe3cd7e,2014-08,Essex Police,Essex Police,0.684702,51.545167,On or near London Road,E01015832,Southend-on-Sea 012F,Shoplifting,Under investigation,
398bcdb34430dd80e50e5f4ae0222dc0461c16ea94266701cbed709d1492bec4,2014-08,Essex Police,Essex Police,0.684702,51.545167,On or near London Road,E01015832,Southend-on-Sea 012F,Shoplifting,Under investigation,
69f14c441cdeffa38c9baa7d053435caf818ed9322094ff806a4725ea6419a7e,2014-08,Essex Police,Essex Police,0.684702,51.545167,On or near London Road,E01015832,Southend-on-Sea 012F,Shoplifting,Under investigation,
c3759c1b9c6c7fb484e4ba38c03f636628bab24eadfaad59267e03f45c18fa5c,2014-08,Essex Police,Essex Police,0.684702,51.545167,On or near London Road,E01015832,Southend-on-Sea 012F,Shoplifting,Under investigation,
9260a4959567360250a4f12bd5a9964e69eff8a231ce421702b63b4f92780b50,2014-08,Essex Police,Essex Police,0.684702,51.545167,On or near London Road,E01015832,Southend-on-Sea 012F,Shoplifting,Under investigation,
3878ff917e56bfd5d64839594732cecd0067680d495cdf1dce7d5b915dcdf21c,2014-08,Essex Police,Essex Police,0.684702,51.545167,On or near London Road,E01015832,Southend-on-Sea 012F,Violence and sexual offences,Under investigation,
d07262660a1320f71c6ad902886b66c9667aa232163960c9c047b78fcfc47779,2014-08,Essex Police,Essex Police,0.679909,51.545583,On or near London Road,E01015832,Southend-on-Sea 012F,Violence and sexual offences,Under investigation,
f22ca6ed5130a324a50cf64a4b162fbceb13c5c00fdd2f8eda9d6bb3ef3371c0,2014-08,Essex Police,Essex Police,0.682566,51.541952,On or near Chadwick Road,E01015832,Southend-on-Sea 012F,Violence and sexual offences,Awaiting court outcome,
,2014-08,Essex Police,Essex Police,0.799076,51.532564,On or near Gunners Road,E01015876,Southend-on-Sea 013A,Anti-social behaviour,,
,2014-08,Essex Police,Essex Police,0.799711,51.530930,On or near Parking Area,E01015876,Southend-on-Sea 013A,Anti-social behaviour,,
,2014-08,Essex Police,Essex Police,0.786921,51.529508,On or near Westgate,E01015876,Southend-on-Sea 013A,Anti-social behaviour,,
,2014-08,Essex Police,Essex Police,0.786921,51.529508,On or near Westgate,E01015876,Southend-on-Sea 013A,Anti-social behaviour,,
c95cdd772141e09259babe92c6ba88828f780d525ad786bd5a2e30df1998edc6,2014-08,Essex Police,Essex Police,0.795506,51.530778,On or near Parking Area,E01015876,Southend-on-Sea 013A,Burglary,Under investigation,
86723853462c4513b1a1bb787d2d043a35f6f50e289913ca1042108aa06afa21,2014-08,Essex Police,Essex Police,0.786921,51.529508,On or near Westgate,E01015876,Southend-on-Sea 013A,Burglary,Investigation complete; no suspect identified,
12b4e119d197756acf4bf2208a9804e465024114e35a638cae49a7633940ea56,2014-08,Essex Police,Essex Police,0.787419,51.526330,On or near Magazine Road,E01015876,Southend-on-Sea 013A,Criminal damage and arson,Under investigation,
143ddd5c4f0e1ff55f98f42ebf1968ed5a286b416641b2601de329f379429783,2014-08,Essex Police,Essex Police,0.796519,51.533668,On or near Wakering Avenue,E01015876,Southend-on-Sea 013A,Other theft,Unable to prosecute suspect,
bcd811006cd29a84280fe78624f86f97bf64efab1dbaf0f77bffcad63c297e8f,2014-08,Essex Police,Essex Police,0.796519,51.533668,On or near Wakering Avenue,E01015876,Southend-on-Sea 013A,Other theft,Under investigation,
c9721bc2a81df186682ec986f1cb02b23424466ad09d7f8622b5e3feb2759a81,2014-08,Essex Police,Essex Police,0.790295,51.526675,On or near Warrior Square Road,E01015876,Southend-on-Sea 013A,Public order,Offender given a caution,
8cbf058edc595fd9b7fd79a10e8b3ecc353008007fe34be69db6b4db2115594a,2014-08,Essex Police,Essex Police,0.790295,51.526675,On or near Warrior Square Road,E01015876,Southend-on-Sea 013A,Public order,Awaiting court outcome,
a8de60b23eeb92ff703b00a3347fd7bc0e1bd41257390f168df69c234e8fb6f8,2014-08,Essex Police,Essex Police,0.790295,51.526675,On or near Warrior Square Road,E01015876,Southend-on-Sea 013A,Vehicle crime,Under investigation,
a466cd69ee5f1afac09615351f53572a6e2467518c77da77b0c72c5a01ad74e7,2014-08,Essex Police,Essex Police,0.796519,51.533668,On or near Wakering Avenue,E01015876,Southend-on-Sea 013A,Vehicle crime,Awaiting court outcome,
ba62be4506c9c4a5b2c8ca614ab4f340e21fb3bdb0ac2a2a069f9029b819e80a,2014-08,Essex Police,Essex Police,0.790295,51.526675,On or near Warrior Square Road,E01015876,Southend-on-Sea 013A,Vehicle crime,Investigation complete; no suspect identified,
e3e0bcd6fa3258d3964ab24302fcda2bc56ae3aed9de2b5ae00c3d235ffa1657,2014-08,Essex Police,Essex Police,0.794767,51.527657,On or near Hale Way,E01015876,Southend-on-Sea 013A,Vehicle crime,Investigation complete; no suspect identified,
d8486e321c77d76cf35ede195688dee5583013525ad599583686f1e08cf42424,2014-08,Essex Police,Essex Police,0.787419,51.526330,On or near Magazine Road,E01015876,Southend-on-Sea 013A,Vehicle crime,Investigation complete; no suspect identified,
67bacc4bf32bec30ba53654362837ef0c8bf92eb28f2593951dc6bca41958979,2014-08,Essex Police,Essex Police,0.794767,51.527657,On or near Hale Way,E01015876,Southend-on-Sea 013A,Violence and sexual offences,Under investigation,
8e58f7110982802c2a917c4f9937013c2e1bab32452da600749b1d75afacbc69,2014-08,Essex Police,Essex Police,0.790295,51.526675,On or near Warrior Square Road,E01015876,Southend-on-Sea 013A,Violence and sexual offences,Under investigation,
,2014-08,Essex Police,Essex Police,0.796416,51.529390,On or near George Street,E01015877,Southend-on-Sea 013B,Anti-social behaviour,,
,2014-08,Essex Police,Essex Police,0.791046,51.536371,On or near Ashanti Close,E01015877,Southend-on-Sea 013B,Anti-social behaviour,,
,2014-08,Essex Police,Essex Police,0.796416,51.529390,On or near George Street,E01015877,Southend-on-Sea 013B,Anti-social behaviour,,
,2014-08,Essex Police,Essex Police,0.795114,51.532146,On or near Shoebury Avenue,E01015877,Southend-on-Sea 013B,Anti-social behaviour,,
,2014-08,Essex Police,Essex Police,0.796416,51.529390,On or near George Street,E01015877,Southend-on-Sea 013B,Anti-social behaviour,,
,2014-08,Essex Police,Essex Police,0.791046,51.536371,On or near Ashanti Close,E01015877,Southend-on-Sea 013B,Anti-social behaviour,,
,2014-08,Essex Police,Essex Police,0.790027,51.535496,On or near Pedestrian Subway,E01015877,Southend-on-Sea 013B,Anti-social behaviour,,
31a5367970aff87a572fa9f70f744ea031ba648f437d0bc7b4e129326ea1b463,2014-08,Essex Police,Essex Police,0.793895,51.529432,On or near Smith Street,E01015877,Southend-on-Sea 013B,Burglary,Under investigation,
f821dded065202bf56f5610d5ae11f3ab48399d6e0decb31f4f76f4e977ad1a4,2014-08,Essex Police,Essex Police,0.791046,51.536371,On or near Ashanti Close,E01015877,Southend-on-Sea 013B,Criminal damage and arson,Under investigation,
76657b472c97d09a8ac5d439552fdaa39b568be4295006c136af6d14f81000f7,2014-08,Essex Police,Essex Police,0.793895,51.529432,On or near Smith Street,E01015877,Southend-on-Sea 013B,Drugs,Under investigation,
aedc8bfcc10f1d704b26a5403cb440954fb7efbb2da9711d04fd49ac4229bbe1,2014-08,Essex Police,Essex Police,0.797168,51.533185,On or near Southchurch Avenue,E01015877,Southend-on-Sea 013B,Shoplifting,Under investigation,
1c6af9bedade04c25f4608ab2b882f26b0e3bd962985bdec2c6b6dc54a31b5e7,2014-08,Essex Police,Essex Police,0.791530,51.530837,On or near Rosewood Lane,E01015877,Southend-on-Sea 013B,Violence and sexual offences,Unable to prosecute suspect,
3230f5c9216c5b1332a844cfbff173a7ed0cdaa2bc5fe1010fdb99f6691a828e,2014-08,Essex Police,Essex Police,0.794465,51.533097,On or near Friars Street,E01015877,Southend-on-Sea 013B,Violence and sexual offences,Unable to prosecute suspect,
,2014-08,Essex Police,Essex Police,0.784568,51.543171,On or near Mountbatten Drive,E01015878,Southend-on-Sea 013C,Anti-social behaviour,,
,2014-08,Essex Police,Essex Police,0.786537,51.545175,On or near Sunbury Court,E01015878,Southend-on-Sea 013C,Anti-social behaviour,,
91a62691d240d6471687ac00aa243001770e21421a0cdbe75c839877d47d81ea,2014-08,Essex Police,Essex Police,0.781715,51.544156,On or near Ravendale Way,E01015878,Southend-on-Sea 013C,Burglary,Under investigation,
8e36884132e2b2e14ff430cba00344a3dffc0a577af1497356f1a912a69c54cc,2014-08,Essex Police,Essex Police,0.782388,51.541487,On or near Weaverdale,E01015878,Southend-on-Sea 013C,Other theft,Under investigation,
07e9085010aac0e5c197a4832af63a8c98324e049e06ce76e8b072f58238c1ca,2014-08,Essex Police,Essex Police,0.782646,51.543586,On or near Weybridge Walk,E01015878,Southend-on-Sea 013C,Vehicle crime,Investigation complete; no suspect identified,
80d3441914506fbf9f08dce2b7648f7c4bd027d08d5f72dbbd099a5f0a8e28eb,2014-08,Essex Police,Essex Police,0.786537,51.545175,On or near Sunbury Court,E01015878,Southend-on-Sea 013C,Violence and sexual offences,Unable to prosecute suspect,
,2014-08,Essex Police,Essex Police,0.788085,51.541487,On or near Peregrine Close,E01015879,Southend-on-Sea 013D,Anti-social behaviour,,
,2014-08,Essex Police,Essex Police,0.786802,51.541248,On or near Toucan Close,E01015879,Southend-on-Sea 013D,Anti-social behaviour,,
,2014-08,Essex Police,Essex Police,0.788200,51.540531,On or near Falcon Way,E01015879,Southend-on-Sea 013D,Anti-social behaviour,,
,2014-08,Essex Police,Essex Police,0.784784,51.541269,On or near Blackwater Close,E01015879,Southend-on-Sea 013D,Anti-social behaviour,,
871afcf43f47312146258eda553716af5774f057e00c7c4a3b2627f16e02450f,2014-08,Essex Police,Essex Police,0.787480,51.542904,On or near Collingwood Way,E01015879,Southend-on-Sea 013D,Drugs,Investigation complete; no suspect identified,
e3003491526d18364b2375e92d1678ac449ae7c586470efc74f5682145c09bd2,2014-08,Essex Police,Essex Police,0.787480,51.542904,On or near Collingwood Way,E01015879,Southend-on-Sea 013D,Drugs,Offender fined,
72331263d17c627fd24aff60cc5e8d8018527d116cff579585ac9475bc0b4e57,2014-08,Essex Police,Essex Police,0.784784,51.541269,On or near Blackwater Close,E01015879,Southend-on-Sea 013D,Other theft,Under investigation,
fe1cc5ff688d32196fb3996e26ca396b35a5b5adecda5ce15cc12f14ce632fa9,2014-08,Essex Police,Essex Police,0.789851,51.540878,On or near Bowbank Close,E01015879,Southend-on-Sea 013D,Violence and sexual offences,Unable to prosecute suspect,
ff3307a04fa195fc67ed08d24b601fac12f7373b3de9cdadb93ef8bc4e93acbf,2014-08,Essex Police,Essex Police,0.783576,51.542035,On or near Midsummer Meadow,E01015879,Southend-on-Sea 013D,Violence and sexual offences,Offender given a caution,
,2014-08,Essex Police,Essex Police,0.792850,51.535923,On or near The Woodlands,E01015880,Southend-on-Sea 013E,Anti-social behaviour,,
,2014-08,Essex Police,Essex Police,0.792587,51.538457,On or near Pedestrian Subway,E01015880,Southend-on-Sea 013E,Anti-social behaviour,,
,2014-08,Essex Police,Essex Police,0.792850,51.535923,On or near The Woodlands,E01015880,Southend-on-Sea 013E,Anti-social behaviour,,
,2014-08,Essex Police,Essex Police,0.792587,51.538457,On or near Pedestrian Subway,E01015880,Southend-on-Sea 013E,Anti-social behaviour,,
,2014-08,Essex Police,Essex Police,0.787846,51.538048,On or near Sandpiper Close,E01015880,Southend-on-Sea 013E,Anti-social behaviour,,
,2014-08,Essex Police,Essex Police,0.792850,51.535923,On or near The Woodlands,E01015880,Southend-on-Sea 013E,Anti-social behaviour,,
9cb784850234ca07d31908a40c119fd0794b6175ce5464128e3a126542544365,2014-08,Essex Police,Essex Police,0.792850,51.535923,On or near The Woodlands,E01015880,Southend-on-Sea 013E,Bicycle theft,Investigation complete; no suspect identified,
08c24e5cfa7f215c75bb3649895a0d1bf0d89c7afe427ad9cd5141d63fedc7ca,2014-08,Essex Police,Essex Police,0.792769,51.540485,On or near Exeter Close,E01015880,Southend-on-Sea 013E,Burglary,Under investigation,
601166b9c4e0425d4d0ad3733cf5fceec75f65a42b7d20ca2050a0d9024bfbbc,2014-08,Essex Police,Essex Police,0.791589,51.539578,On or near Fraser Close,E01015880,Southend-on-Sea 013E,Other theft,Investigation complete; no suspect identified,
f42b52504b62152a3f008270b3c1e730195a9a1c8729897b8983955f24e3cafb,2014-08,Essex Police,Essex Police,0.790016,51.539561,On or near Cunningham Close,E01015880,Southend-on-Sea 013E,Other theft,Investigation complete; no suspect identified,
e9108f6d1a28a61c6081334019eb0eb7b9ea15e9fbe47ecb5f7701ae5f54d4ee,2014-08,Essex Police,Essex Police,0.790016,51.539561,On or near Cunningham Close,E01015880,Southend-on-Sea 013E,Other theft,Investigation complete; no suspect identified,
ec5e69acb785de8d99a9aa5228030862d11106cdd300d7d960a9b452a17cfc94,2014-08,Essex Police,Essex Police,0.793316,51.539519,On or near Parking Area,E01015880,Southend-on-Sea 013E,Other theft,Under investigation,
0b8fa2147baef878f88fd1801fa69c5175b8896c90333f523ce4b3956a4481b6,2014-08,Essex Police,Essex Police,0.792587,51.538457,On or near Pedestrian Subway,E01015880,Southend-on-Sea 013E,Public order,Under investigation,
f9bc6e19bafe6794ec6af41e1ce45999b9388e1a2d5ca0515e87719bc48e2dd2,2014-08,Essex Police,Essex Police,0.793316,51.539519,On or near Parking Area,E01015880,Southend-on-Sea 013E,Shoplifting,Under investigation,
2ab6801c04266236018d047b8a5c89578092e1aa88c47ccbad2aad5b68c8d5f6,2014-08,Essex Police,Essex Police,0.791589,51.539578,On or near Fraser Close,E01015880,Southend-on-Sea 013E,Vehicle crime,Under investigation,
,2014-08,Essex Police,Essex Police,0.800626,51.538544,On or near Rembrandt Close,E01015881,Southend-on-Sea 013F,Anti-social behaviour,,
,2014-08,Essex Police,Essex Police,0.794009,51.539763,On or near Lowry Close,E01015881,Southend-on-Sea 013F,Anti-social behaviour,,
,2014-08,Essex Police,Essex Police,0.801070,51.539909,On or near Picasso Way,E01015881,Southend-on-Sea 013F,Anti-social behaviour,,
,2014-08,Essex Police,Essex Police,0.801100,51.538272,On or near Wakering Road,E01015881,Southend-on-Sea 013F,Anti-social behaviour,,
b60367ff108f66abf8f354676f3a1186d3664d50e6915513bfba06fcd3dc1f35,2014-08,Essex Police,Essex Police,0.794009,51.539763,On or near Lowry Close,E01015881,Southend-on-Sea 013F,Burglary,Investigation complete; no suspect identified,
,2014-08,Essex Police,Essex Police,0.781439,51.538227,On or near Mortar Close,E01015882,Southend-on-Sea 013G,Anti-social behaviour,,
,2014-08,Essex Police,Essex Police,0.784883,51.537705,On or near Herongate,E01015882,Southend-on-Sea 013G,Anti-social behaviour,,
,2014-08,Essex Police,Essex Police,0.781439,51.538227,On or near Mortar Close,E01015882,Southend-on-Sea 013G,Anti-social behaviour,,
,2014-08,Essex Police,Essex Police,0.780740,51.539296,On or near Supermarket,E01015882,Southend-on-Sea 013G,Anti-social behaviour,,
,2014-08,Essex Police,Essex Police,0.785829,51.534768,On or near Parking Area,E01015882,Southend-on-Sea 013G,Anti-social behaviour,,
,2014-08,Essex Police,Essex Police,0.784883,51.537705,On or near Herongate,E01015882,Southend-on-Sea 013G,Anti-social behaviour,,
,2014-08,Essex Police,Essex Police,0.780740,51.539296,On or near Supermarket,E01015882,Southend-on-Sea 013G,Anti-social behaviour,,
,2014-08,Essex Police,Essex Police,0.780740,51.539296,On or near Supermarket,E01015882,Southend-on-Sea 013G,Anti-social behaviour,,
,2014-08,Essex Police,Essex Police,0.780962,51.538679,On or near Petrol Station,E01015882,Southend-on-Sea 013G,Anti-social behaviour,,
,2014-08,Essex Police,Essex Police,0.780740,51.539296,On or near Supermarket,E01015882,Southend-on-Sea 013G,Anti-social behaviour,,
7d9074c98e456e3871220b19a8e80ec6caa56aad22f4b900add3df9fb324908e,2014-08,Essex Police,Essex Police,0.780740,51.539296,On or near Supermarket,E01015882,Southend-on-Sea 013G,Burglary,Investigation complete; no suspect identified,
81cfd0ea28d7a170bed4b2c2d4e65fab282596704f8bae95b1265536aa7087ee,2014-08,Essex Police,Essex Police,0.780740,51.539296,On or near Supermarket,E01015882,Southend-on-Sea 013G,Drugs,Under investigation,
91d1b9feaf512e66ce7bc2aadb4964d2e90a5a165f2bbc1eba3ef53ce9d0de44,2014-08,Essex Police,Essex Police,0.780740,51.539296,On or near Supermarket,E01015882,Southend-on-Sea 013G,Other theft,Investigation complete; no suspect identified,
02dd70964eb5131296b2845249bc369bbcb05f03bd4aec9ee38f076a63f6cb9e,2014-08,Essex Police,Essex Police,0.780740,51.539296,On or near Supermarket,E01015882,Southend-on-Sea 013G,Other theft,Under investigation,
421f1c3574e189974dd66f48e0456eb4a18d0fe7255e7ede800e2347c7a8fce8,2014-08,Essex Police,Essex Police,0.780740,51.539296,On or near Supermarket,E01015882,Southend-on-Sea 013G,Other theft,Investigation complete; no suspect identified,
8e8513ea611ca4d6f1f3bbace239dd6d50e3356a3f0051aadab31bdcbb6e6359,2014-08,Essex Police,Essex Police,0.783856,51.540715,On or near Woodcotes,E01015882,Southend-on-Sea 013G,Other theft,Under investigation,
921eced5560c5aa906e5d7adad362e046d99b9bd03e35c285ff0549b738a06bf,2014-08,Essex Police,Essex Police,0.780740,51.539296,On or near Supermarket,E01015882,Southend-on-Sea 013G,Other theft,Investigation complete; no suspect identified,
0672793db112dc869afa8a88da6a8cdc5679cf95ca9f4c5c0244ddeee530b4b6,2014-08,Essex Police,Essex Police,0.780740,51.539296,On or near Supermarket,E01015882,Southend-on-Sea 013G,Public order,Offender given penalty notice,
d0579b2bb5e4a6a81d179635f21d6d32251dbab8bd6f9035fb3dc6541a76b7bb,2014-08,Essex Police,Essex Police,0.780740,51.539296,On or near Supermarket,E01015882,Southend-on-Sea 013G,Shoplifting,Offender given penalty notice,
4e63f51370fdec0ca77636c2ddf578a8ec7c5522a31f80fe0ed27ccef86c00c0,2014-08,Essex Police,Essex Police,0.789486,51.537496,On or near Eagle Way,E01015882,Southend-on-Sea 013G,Vehicle crime,Investigation complete; no suspect identified,
9aee0e858688e6f560628ccc83d0985f914c6749a037471210b16e966530cdbf,2014-08,Essex Police,Essex Police,0.789486,51.537496,On or near Eagle Way,E01015882,Southend-on-Sea 013G,Violence and sexual offences,Under investigation,
8aa8b73ece3107ea47b1c940fbe63bc66aa90647dfaf07c19a69f723e1d6c9b4,2014-08,Essex Police,Essex Police,0.786680,51.536187,On or near Anson Chase,E01015882,Southend-on-Sea 013G,Violence and sexual offences,Unable to prosecute suspect,
6e5700e6edcd947678db9ee96f9b3206c830f46f65b0eebad989e3df6ed01862,2014-08,Essex Police,Essex Police,0.789486,51.537496,On or near Eagle Way,E01015882,Southend-on-Sea 013G,Violence and sexual offences,Under investigation,
d3c56b0be95be693b772c60a128553b82f4cc3ca7e59612461e5cf0fefe9e59b,2014-08,Essex Police,Essex Police,0.785962,51.540494,On or near Puffin Place,E01015882,Southend-on-Sea 013G,Violence and sexual offences,Unable to prosecute suspect,
93c237bb9da6b09c96627f7ad114fcdf0b0bffe64b590bba5e270d6c50c8c430,2014-08,Essex Police,Essex Police,0.784883,51.537705,On or near Herongate,E01015882,Southend-on-Sea 013G,Violence and sexual offences,Unable to prosecute suspect,
9fde2c8ce2604f2d1e3b78802eee68a2f0242e4323d3dab0e962d89b50ab833d,2014-08,Essex Police,Essex Police,0.780740,51.539296,On or near Supermarket,E01015882,Southend-on-Sea 013G,Violence and sexual offences,Under investigation,
24aa01ac1a22e922163c924f555a994693ab4c3ae380ba1d8c590db8e97ca364,2014-08,Essex Police,Essex Police,0.785829,51.534768,On or near Parking Area,E01015882,Southend-on-Sea 013G,Violence and sexual offences,Under investigation,
,2014-08,Essex Police,Essex Police,0.731949,51.539040,On or near Parking Area,E01015839,Southend-on-Sea 014A,Anti-social behaviour,,
,2014-08,Essex Police,Essex Police,0.732972,51.540950,On or near Lovelace Gardens,E01015839,Southend-on-Sea 014A,Anti-social behaviour,,
,2014-08,Essex Police,Essex Police,0.731949,51.539040,On or near Parking Area,E01015839,Southend-on-Sea 014A,Anti-social behaviour,,
,2014-08,Essex Police,Essex Police,0.723660,51.537668,On or near Southchurch Avenue,E01015839,Southend-on-Sea 014A,Anti-social behaviour,,
,2014-08,Essex Police,Essex Police,0.731949,51.539040,On or near Parking Area,E01015839,Southend-on-Sea 014A,Anti-social behaviour,,
,2014-08,Essex Police,Essex Police,0.723660,51.537668,On or near Southchurch Avenue,E01015839,Southend-on-Sea 014A,Anti-social behaviour,,
,2014-08,Essex Police,Essex Police,0.731949,51.539040,On or near Parking Area,E01015839,Southend-on-Sea 014A,Anti-social behaviour,,
,2014-08,Essex Police,Essex Police,0.728227,51.539270,On or near Chase Road,E01015839,Southend-on-Sea 014A,Anti-social behaviour,,
,2014-08,Essex Police,Essex Police,0.725830,51.539461,On or near Windermere Road,E01015839,Southend-on-Sea 014A,Anti-social behaviour,,
,2014-08,Essex Police,Essex Police,0.728227,51.539270,On or near Chase Road,E01015839,Southend-on-Sea 014A,Anti-social behaviour,,
,2014-08,Essex Police,Essex Police,0.728227,51.539270,On or near Chase Road,E01015839,Southend-on-Sea 014A,Anti-social behaviour,,
277322c938f36961f9c6dac48532a76997c6ef48d93a3b970cd6fa9d84e609b0,2014-08,Essex Police,Essex Police,0.731073,51.540319,On or near Parking Area,E01015839,Southend-on-Sea 014A,Burglary,Investigation complete; no suspect identified,
8568b507d4e66d1bc537f8de40faecd45d9041cd46a57130ec0c3553a787859c,2014-08,Essex Police,Essex Police,0.723660,51.537668,On or near Southchurch Avenue,E01015839,Southend-on-Sea 014A,Burglary,Investigation complete; no suspect identified,
30bd7e01ce4ff2482d399d52ce8dc7e2269c3e2d3ecbc56a4a3c1fccfdfc022e,2014-08,Essex Police,Essex Police,0.728227,51.539270,On or near Chase Road,E01015839,Southend-on-Sea 014A,Criminal damage and arson,Investigation complete; no suspect identified,
1da8ad49cd386856fe76ea9cef2565e903ac0c81430ae36eb13d89ca56c4233e,2014-08,Essex Police,Essex Police,0.733285,51.539917,On or near Lovelace Avenue,E01015839,Southend-on-Sea 014A,Other theft,Investigation complete; no suspect identified,
934e31f56a42798f392610793f5aa8f52b3421f11a3ca5040a5d6a74109cca25,2014-08,Essex Police,Essex Police,0.728227,51.539270,On or near Chase Road,E01015839,Southend-on-Sea 014A,Violence and sexual offences,Investigation complete; no suspect identified,
f5d9fd76e851dc0463eb10b8c3aa7a45db39766916dce372e787cd552397ffe0,2014-08,Essex Police,Essex Police,0.726073,51.540157,On or near Southchurch Road,E01015839,Southend-on-Sea 014A,Violence and sexual offences,Under investigation,
,2014-08,Essex Police,Essex Police,0.727421,51.538327,On or near Ambleside Drive,E01015840,Southend-on-Sea 014B,Anti-social behaviour,,
,2014-08,Essex Police,Essex Police,0.727421,51.538327,On or near Ambleside Drive,E01015840,Southend-on-Sea 014B,Anti-social behaviour,,
,2014-08,Essex Police,Essex Police,0.727502,51.535339,On or near Woodgrange Drive,E01015840,Southend-on-Sea 014B,Anti-social behaviour,,
,2014-08,Essex Police,Essex Police,0.727173,51.536831,On or near Leamington Road,E01015840,Southend-on-Sea 014B,Anti-social behaviour,,
,2014-08,Essex Police,Essex Police,0.727173,51.536831,On or near Leamington Road,E01015840,Southend-on-Sea 014B,Anti-social behaviour,,
,2014-08,Essex Police,Essex Police,0.726032,51.536812,On or near Cheltenham Road,E01015840,Southend-on-Sea 014B,Anti-social behaviour,,
,2014-08,Essex Police,Essex Police,0.724892,51.536803,On or near Honiton Road,E01015840,Southend-on-Sea 014B,Anti-social behaviour,,
,2014-08,Essex Police,Essex Police,0.729667,51.537303,On or near Southchurch Hall Close,E01015840,Southend-on-Sea 014B,Anti-social behaviour,,
,2014-08,Essex Police,Essex Police,0.727502,51.535339,On or near Woodgrange Drive,E01015840,Southend-on-Sea 014B,Anti-social behaviour,,
,2014-08,Essex Police,Essex Police,0.726032,51.536812,On or near Cheltenham Road,E01015840,Southend-on-Sea 014B,Anti-social behaviour,,
,2014-08,Essex Police,Essex Police,0.722102,51.537902,On or near Kilworth Avenue,E01015840,Southend-on-Sea 014B,Anti-social behaviour,,
,2014-08,Essex Police,Essex Police,0.728312,51.536840,On or near Park Lane,E01015840,Southend-on-Sea 014B,Anti-social behaviour,,
,2014-08,Essex Police,Essex Police,0.727421,51.538327,On or near Ambleside Drive,E01015840,Southend-on-Sea 014B,Anti-social behaviour,,
,2014-08,Essex Police,Essex Police,0.727421,51.538327,On or near Ambleside Drive,E01015840,Southend-on-Sea 014B,Anti-social behaviour,,
,2014-08,Essex Police,Essex Police,0.723380,51.536595,On or near York Road,E01015840,Southend-on-Sea 014B,Anti-social behaviour,,
,2014-08,Essex Police,Essex Police,0.726032,51.536812,On or near Cheltenham Road,E01015840,Southend-on-Sea 014B,Anti-social behaviour,,
cf56ddb2c8fa013467d61014240e7f64f6a5e74251fec39d94a0841ba964e9f0,2014-08,Essex Police,Essex Police,0.722105,51.537227,On or near Cromer Road,E01015840,Southend-on-Sea 014B,Burglary,Under investigation,
70ffaaf769292a8b28638c419b2f93ac6aafbe628e08a6170a1d931a9593e031,2014-08,Essex Police,Essex Police,0.726032,51.536812,On or near Cheltenham Road,E01015840,Southend-on-Sea 014B,Criminal damage and arson,Investigation complete; no suspect identified,
020deac8bfeda972cc132c93f250a9bf616063037db7782d2b8430cfdf81ff4f,2014-08,Essex Police,Essex Police,0.727502,51.535339,On or near Woodgrange Drive,E01015840,Southend-on-Sea 014B,Criminal damage and arson,Under investigation,
182b54945d9b19aed0c2850dd87e55f66ed854d38a8180c3fe1409ee7e417dbf,2014-08,Essex Police,Essex Police,0.727502,51.535339,On or near Woodgrange Drive,E01015840,Southend-on-Sea 014B,Other theft,Investigation complete; no suspect identified,
b34a32243d6fab7a792f6cb37fddbb56afafbc9ad99583c00bc3108c8b098f25,2014-08,Essex Police,Essex Police,0.727502,51.535339,On or near Woodgrange Drive,E01015840,Southend-on-Sea 014B,Other theft,Under investigation,
069393485f118d7f50b7d3e340f9be9e31cc6e6257e53b2b0549fd2a02a6c8a6,2014-08,Essex Police,Essex Police,0.723380,51.536595,On or near York Road,E01015840,Southend-on-Sea 014B,Public order,Awaiting court outcome,
af646b5ac4351cb0f412aa0d88be2b8765afd22ed5d27b118c505911967ea7ce,2014-08,Essex Police,Essex Police,0.729667,51.537303,On or near Southchurch Hall Close,E01015840,Southend-on-Sea 014B,Public order,Under investigation,
7ef5fa13ee9b684e77ad010d79a8b3590a1773dff32f2b45d311d623967f80d5,2014-08,Essex Police,Essex Police,0.723380,51.536595,On or near York Road,E01015840,Southend-on-Sea 014B,Violence and sexual offences,Under investigation,
c22dbbdbea22212cedc7f12a20ee9df2d4e9484c91ef1a33b09c4809572c63bd,2014-08,Essex Police,Essex Police,0.729667,51.537303,On or near Southchurch Hall Close,E01015840,Southend-on-Sea 014B,Violence and sexual offences,Under investigation,
61ec05f3fdedf5b4c7b9c2e2736f552944abcf75061cc0d442e2f1e5f59c7a21,2014-08,Essex Police,Essex Police,0.722102,51.537902,On or near Kilworth Avenue,E01015840,Southend-on-Sea 014B,Violence and sexual offences,Investigation complete; no suspect identified,
,2014-08,Essex Police,Essex Police,0.721827,51.535947,On or near Wesley Road,E01015841,Southend-on-Sea 014C,Anti-social behaviour,,
,2014-08,Essex Police,Essex Police,0.720616,51.537397,On or near Hastings Road,E01015841,Southend-on-Sea 014C,Anti-social behaviour,,
,2014-08,Essex Police,Essex Police,0.718808,51.537070,On or near Toledo Road,E01015841,Southend-on-Sea 014C,Anti-social behaviour,,
,2014-08,Essex Police,Essex Police,0.730460,51.533202,On or near Northumberland Avenue,E01015841,Southend-on-Sea 014C,Anti-social behaviour,,
,2014-08,Essex Police,Essex Police,0.731243,51.531591,On or near Retort Close,E01015841,Southend-on-Sea 014C,Anti-social behaviour,,
,2014-08,Essex Police,Essex Police,0.720616,51.537397,On or near Hastings Road,E01015841,Southend-on-Sea 014C,Anti-social behaviour,,
,2014-08,Essex Police,Essex Police,0.720943,51.535878,On or near Albert Road,E01015841,Southend-on-Sea 014C,Anti-social behaviour,,
,2014-08,Essex Police,Essex Police,0.722696,51.536008,On or near Old Southend Road,E01015841,Southend-on-Sea 014C,Anti-social behaviour,,
,2014-08,Essex Police,Essex Police,0.720785,51.533957,On or near Hartington Road,E01015841,Southend-on-Sea 014C,Anti-social behaviour,,
,2014-08,Essex Police,Essex Police,0.722109,51.533908,On or near Pleasant Road,E01015841,Southend-on-Sea 014C,Anti-social behaviour,,
,2014-08,Essex Police,Essex Police,0.731243,51.531591,On or near Retort Close,E01015841,Southend-on-Sea 014C,Anti-social behaviour,,
,2014-08,Essex Police,Essex Police,0.720074,51.535817,On or near St Leonard'S Road,E01015841,Southend-on-Sea 014C,Anti-social behaviour,,
,2014-08,Essex Police,Essex Police,0.726058,51.532423,On or near Parking Area,E01015841,Southend-on-Sea 014C,Anti-social behaviour,,
,2014-08,Essex Police,Essex Police,0.720943,51.535878,On or near Albert Road,E01015841,Southend-on-Sea 014C,Anti-social behaviour,,
,2014-08,Essex Police,Essex Police,0.718808,51.537070,On or near Toledo Road,E01015841,Southend-on-Sea 014C,Anti-social behaviour,,
,2014-08,Essex Police,Essex Police,0.726058,51.532423,On or near Parking Area,E01015841,Southend-on-Sea 014C,Anti-social behaviour,,
,2014-08,Essex Police,Essex Police,0.727549,51.532757,On or near Beresford Road,E01015841,Southend-on-Sea 014C,Anti-social behaviour,,
,2014-08,Essex Police,Essex Police,0.730414,51.533886,On or near Manilla Road,E01015841,Southend-on-Sea 014C,Anti-social behaviour,,
,2014-08,Essex Police,Essex Police,0.731243,51.531591,On or near Retort Close,E01015841,Southend-on-Sea 014C,Anti-social behaviour,,
,2014-08,Essex Police,Essex Police,0.720785,51.533957,On or near Hartington Road,E01015841,Southend-on-Sea 014C,Anti-social behaviour,,
,2014-08,Essex Police,Essex Police,0.720074,51.535817,On or near St Leonard'S Road,E01015841,Southend-on-Sea 014C,Anti-social behaviour,,
,2014-08,Essex Police,Essex Police,0.731348,51.533100,On or near Hospital,E01015841,Southend-on-Sea 014C,Anti-social behaviour,,
,2014-08,Essex Police,Essex Police,0.719697,51.537463,On or near Hillcrest Road,E01015841,Southend-on-Sea 014C,Anti-social behaviour,,
,2014-08,Essex Police,Essex Police,0.718808,51.537070,On or near Toledo Road,E01015841,Southend-on-Sea 014C,Anti-social behaviour,,
,2014-08,Essex Police,Essex Police,0.720578,51.533386,On or near Lucy Road,E01015841,Southend-on-Sea 014C,Anti-social behaviour,,
,2014-08,Essex Police,Essex Police,0.720785,51.533957,On or near Hartington Road,E01015841,Southend-on-Sea 014C,Anti-social behaviour,,
,2014-08,Essex Police,Essex Police,0.720616,51.537397,On or near Hastings Road,E01015841,Southend-on-Sea 014C,Anti-social behaviour,,
,2014-08,Essex Police,Essex Police,0.727044,51.532274,On or near Burdett Road,E01015841,Southend-on-Sea 014C,Anti-social behaviour,,
,2014-08,Essex Police,Essex Police,0.720578,51.533386,On or near Lucy Road,E01015841,Southend-on-Sea 014C,Anti-social behaviour,,
,2014-08,Essex Police,Essex Police,0.720616,51.537397,On or near Hastings Road,E01015841,Southend-on-Sea 014C,Anti-social behaviour,,
,2014-08,Essex Police,Essex Police,0.720578,51.533386,On or near Lucy Road,E01015841,Southend-on-Sea 014C,Anti-social behaviour,,
,2014-08,Essex Police,Essex Police,0.720074,51.535817,On or near St Leonard'S Road,E01015841,Southend-on-Sea 014C,Anti-social behaviour,,
,2014-08,Essex Police,Essex Police,0.722696,51.536008,On or near Old Southend Road,E01015841,Southend-on-Sea 014C,Anti-social behaviour,,
,2014-08,Essex Police,Essex Police,0.721827,51.535947,On or near Wesley Road,E01015841,Southend-on-Sea 014C,Anti-social behaviour,,
,2014-08,Essex Police,Essex Police,0.720785,51.533957,On or near Hartington Road,E01015841,Southend-on-Sea 014C,Anti-social behaviour,,
,2014-08,Essex Police,Essex Police,0.721827,51.535947,On or near Wesley Road,E01015841,Southend-on-Sea 014C,Anti-social behaviour,,
,2014-08,Essex Police,Essex Police,0.720785,51.533957,On or near Hartington Road,E01015841,Southend-on-Sea 014C,Anti-social behaviour,,
,2014-08,Essex Police,Essex Police,0.721827,51.535947,On or near Wesley Road,E01015841,Southend-on-Sea 014C,Anti-social behaviour,,
,2014-08,Essex Police,Essex Police,0.718808,51.537070,On or near Toledo Road,E01015841,Southend-on-Sea 014C,Anti-social behaviour,,
,2014-08,Essex Police,Essex Police,0.718808,51.537070,On or near Toledo Road,E01015841,Southend-on-Sea 014C,Anti-social behaviour,,
,2014-08,Essex Police,Essex Police,0.727549,51.532757,On or near Beresford Road,E01015841,Southend-on-Sea 014C,Anti-social behaviour,,
,2014-08,Essex Police,Essex Police,0.731380,51.534358,On or near Victoria Road,E01015841,Southend-on-Sea 014C,Anti-social behaviour,,
,2014-08,Essex Police,Essex Police,0.720578,51.533386,On or near Lucy Road,E01015841,Southend-on-Sea 014C,Anti-social behaviour,,
,2014-08,Essex Police,Essex Police,0.726058,51.532423,On or near Parking Area,E01015841,Southend-on-Sea 014C,Anti-social behaviour,,
,2014-08,Essex Police,Essex Police,0.721827,51.535947,On or near Wesley Road,E01015841,Southend-on-Sea 014C,Anti-social behaviour,,
,2014-08,Essex Police,Essex Police,0.720616,51.537397,On or near Hastings Road,E01015841,Southend-on-Sea 014C,Anti-social behaviour,,
,2014-08,Essex Police,Essex Police,0.718808,51.537070,On or near Toledo Road,E01015841,Southend-on-Sea 014C,Anti-social behaviour,,
,2014-08,Essex Police,Essex Police,0.720578,51.533386,On or near Lucy Road,E01015841,Southend-on-Sea 014C,Anti-social behaviour,,
,2014-08,Essex Police,Essex Police,0.721827,51.535947,On or near Wesley Road,E01015841,Southend-on-Sea 014C,Anti-social behaviour,,
,2014-08,Essex Police,Essex Police,0.718833,51.536035,On or near Horace Road,E01015841,Southend-on-Sea 014C,Anti-social behaviour,,
,2014-08,Essex Police,Essex Police,0.722696,51.536008,On or near Old Southend Road,E01015841,Southend-on-Sea 014C,Anti-social behaviour,,
43099b839d633ae4022ebe2c9537cbc845ebd8524a15b2d7ec1752b54b3a93cc,2014-08,Essex Police,Essex Police,0.720074,51.535817,On or near St Leonard'S Road,E01015841,Southend-on-Sea 014C,Bicycle theft,Under investigation,
204d6576d7c65b6dcb14e7531797eacf0d7821229b6170247b7482263b656b0d,2014-08,Essex Police,Essex Police,0.718808,51.537070,On or near Toledo Road,E01015841,Southend-on-Sea 014C,Bicycle theft,Investigation complete; no suspect identified,
93a62ca95040d3ab396ecbae87ca648ea321e44a97f683d597eb6a1a560f70c4,2014-08,Essex Police,Essex Police,0.728256,51.532273,On or near Burnaby Road,E01015841,Southend-on-Sea 014C,Bicycle theft,Investigation complete; no suspect identified,
367c16f57921c7937f7191a32967d1dd19e43ca58a38ee4724ad8e735eb86398,2014-08,Essex Police,Essex Police,0.727044,51.532274,On or near Burdett Road,E01015841,Southend-on-Sea 014C,Bicycle theft,Investigation complete; no suspect identified,
f8ec7291fbaa56e7fd2ed55676ab828f74d633ba5926f25bacd1c8efcb6e70dd,2014-08,Essex Police,Essex Police,0.727044,51.532274,On or near Burdett Road,E01015841,Southend-on-Sea 014C,Bicycle theft,Investigation complete; no suspect identified,
45b0b4cab1dc4fa41d29a4bef451522da911f5e55c1366b28ef2c859855216b5,2014-08,Essex Police,Essex Police,0.731243,51.531591,On or near Retort Close,E01015841,Southend-on-Sea 014C,Bicycle theft,Investigation complete; no suspect identified,
90cca134e9d7ac822ab80bfb994664b2156b825fb9525d235dba5372f4176576,2014-08,Essex Police,Essex Police,0.721558,51.535306,On or near Stanley Road,E01015841,Southend-on-Sea 014C,Criminal damage and arson,Awaiting court outcome,
231925511614e977e7e85633f680b280df09c7807b4edb56e64c724c936b47e2,2014-08,Essex Police,Essex Police,0.720578,51.533386,On or near Lucy Road,E01015841,Southend-on-Sea 014C,Criminal damage and arson,Awaiting court outcome,
53b36ef054090f40acb24ca43144771badb4249052ce2331c983115ff2dc363c,2014-08,Essex Police,Essex Police,0.720785,51.533957,On or near Hartington Road,E01015841,Southend-on-Sea 014C,Criminal damage and arson,Offender given community sentence,
a2e5f299d127bf444efcadaf2b30e8289889d746948ab56d46b440c0d972e89d,2014-08,Essex Police,Essex Police,0.720943,51.535878,On or near Albert Road,E01015841,Southend-on-Sea 014C,Drugs,Offender given penalty notice,
f5730b7d74760a5cd71559e457246313b59c11c06894ffcad2fe0f7a26ba4c14,2014-08,Essex Police,Essex Police,0.727549,51.532757,On or near Beresford Road,E01015841,Southend-on-Sea 014C,Drugs,Offender given a caution,
251b0b891a2b7f87270d8188f59a1af22bb8e70742f4060b241e83881b182f07,2014-08,Essex Police,Essex Police,0.722109,51.533908,On or near Pleasant Road,E01015841,Southend-on-Sea 014C,Drugs,Under investigation,
de767046eb5797cf4aebd5388d44e0e3f52fd301ba1baf294cb9d3615bf452fc,2014-08,Essex Police,Essex Police,0.719697,51.537463,On or near Hillcrest Road,E01015841,Southend-on-Sea 014C,Drugs,Defendant sent to Crown Court,
951d392b77a66d144e3eb202a41867414b3ce82183f510a0398fd7cc01d61788,2014-08,Essex Police,Essex Police,0.722109,51.533908,On or near Pleasant Road,E01015841,Southend-on-Sea 014C,Drugs,Under investigation,
947253ad0f12042a1bca2dcdb3867f775d8afb979bbe78cbd14ccca9f136060c,2014-08,Essex Police,Essex Police,0.725456,51.532482,On or near Beach Road,E01015841,Southend-on-Sea 014C,Drugs,Awaiting court outcome,
d1734a9ed27e92bb578b3d07fbfedeb2e2ef080201dc294b672a08d42495924d,2014-08,Essex Police,Essex Police,0.726058,51.532423,On or near Parking Area,E01015841,Southend-on-Sea 014C,Other theft,Unable to prosecute suspect,
81a03410df206f798874c1cc7b85d53a3f441f7e600f864f1a829148a3ec54d1,2014-08,Essex Police,Essex Police,0.727549,51.532757,On or near Beresford Road,E01015841,Southend-on-Sea 014C,Other theft,Under investigation,
70ba30a31bfb4176bd76fb5d103393c802fbec3b723b190fbed7c85ed39a1da5,2014-08,Essex Police,Essex Police,0.720074,51.535817,On or near St Leonard'S Road,E01015841,Southend-on-Sea 014C,Other theft,Investigation complete; no suspect identified,
af5b244fc125d04a97f59722f318eea91b7cb32a5e502cf830359063bd34374e,2014-08,Essex Police,Essex Police,0.720074,51.535817,On or near St Leonard'S Road,E01015841,Southend-on-Sea 014C,Other theft,Investigation complete; no suspect identified,
6016738cef27ef008b27e1db6dfdb7972a1db0b58c115829c0844729ff829441,2014-08,Essex Police,Essex Police,0.724668,51.532086,On or near Parking Area,E01015841,Southend-on-Sea 014C,Possession of weapons,Offender given community sentence,
aa90a7496cdd69a4743e34d04965a1883754f33ad97b5fba7efd52f09cbd8662,2014-08,Essex Police,Essex Police,0.721558,51.535306,On or near Stanley Road,E01015841,Southend-on-Sea 014C,Public order,Awaiting court outcome,
5a1310f4cf4103bc51f19b9cc7472f0e1473ea2fb6559437ef611db7a2183145,2014-08,Essex Police,Essex Police,0.720578,51.533386,On or near Lucy Road,E01015841,Southend-on-Sea 014C,Public order,Under investigation,
2e9ebc9f954925225463a100a64e9104bdfe1531e7805922b649ac809e94ea81,2014-08,Essex Police,Essex Police,0.720785,51.533957,On or near Hartington Road,E01015841,Southend-on-Sea 014C,Theft from the person,Under investigation,
d4dc0b4fc079dd1c7b7dc478b47c94eb0354047ac559fb45f83e49b83249c333,2014-08,Essex Police,Essex Police,0.730138,51.535062,On or near Supermarket,E01015841,Southend-on-Sea 014C,Vehicle crime,Under investigation,
4d46cde44aadd968fbb17b4f869d46e03b23ad8816d28c3810e9a4e8e0b521e4,2014-08,Essex Police,Essex Police,0.727044,51.532274,On or near Burdett Road,E01015841,Southend-on-Sea 014C,Vehicle crime,Under investigation,
fde36f3f9acd3f79b353f8a856a17bc445e4fd3e8b469b19dce90461b6fe3466,2014-08,Essex Police,Essex Police,0.730414,51.533886,On or near Manilla Road,E01015841,Southend-on-Sea 014C,Vehicle crime,Investigation complete; no suspect identified,
1ab289a3425b357f6f3ab698cfd3f4bdbeb3bd87803b0775dfe2017681c16255,2014-08,Essex Police,Essex Police,0.720074,51.535817,On or near St Leonard'S Road,E01015841,Southend-on-Sea 014C,Violence and sexual offences,Under investigation,
051a11a20431f70e73f32308343b0bafae11409e637d9f4d10c2ab8c79680d36,2014-08,Essex Police,Essex Police,0.720578,51.533386,On or near Lucy Road,E01015841,Southend-on-Sea 014C,Violence and sexual offences,Awaiting court outcome,
eaca3e0de0f4ad42baa8fd70ac4d5b3bfb45abdda0b5cde1ce5442c16491361e,2014-08,Essex Police,Essex Police,0.726058,51.532423,On or near Parking Area,E01015841,Southend-on-Sea 014C,Violence and sexual offences,Under investigation,
d8eec8713d087d9d3a1bbc1757cf046ada25e28964dc65ea03310cd06724a39f,2014-08,Essex Police,Essex Police,0.722696,51.536008,On or near Old Southend Road,E01015841,Southend-on-Sea 014C,Violence and sexual offences,Unable to prosecute suspect,
170257769d5b400cd00029e254ef454aea6399f399d1f852d353b64558b78ee8,2014-08,Essex Police,Essex Police,0.718512,51.537670,On or near Quebec Avenue,E01015841,Southend-on-Sea 014C,Violence and sexual offences,Under investigation,
3adc1c31383e9c2af857572670ad2b603b98849e8442ab86f2edc95e864f05a3,2014-08,Essex Police,Essex Police,0.720578,51.533386,On or near Lucy Road,E01015841,Southend-on-Sea 014C,Violence and sexual offences,Awaiting court outcome,
d6d1efbbae11518fffc6c949e3ae26db8f278919171e3245383f85f3a94b1c08,2014-08,Essex Police,Essex Police,0.720943,51.535878,On or near Albert Road,E01015841,Southend-on-Sea 014C,Violence and sexual offences,Awaiting court outcome,
5bc6d90d7ad59aa74f71a74c87628ab3c35044ecc0475a92ed71eb27f95b523b,2014-08,Essex Police,Essex Police,0.719697,51.537463,On or near Hillcrest Road,E01015841,Southend-on-Sea 014C,Violence and sexual offences,Under investigation,
53de1b6eec43fdf00673464f4ed4c816e5f1d3db49ac07dc33233447fed68cfe,2014-08,Essex Police,Essex Police,0.720578,51.533386,On or near Lucy Road,E01015841,Southend-on-Sea 014C,Violence and sexual offences,Awaiting court outcome,
5b16a6e434938dfab28f251a7393013ca9d8ce15a545babbc711f21b6ad78161,2014-08,Essex Police,Essex Police,0.720578,51.533386,On or near Lucy Road,E01015841,Southend-on-Sea 014C,Violence and sexual offences,Unable to prosecute suspect,
b099058188703afc878d4a1daaab1ab946f5aade335ec3879895d5eee8fc0a64,2014-08,Essex Police,Essex Police,0.722696,51.536008,On or near Old Southend Road,E01015841,Southend-on-Sea 014C,Violence and sexual offences,Unable to prosecute suspect,
c4bffd8689146d01851072013d741a649008becbe7c401b0f15aba02a189571d,2014-08,Essex Police,Essex Police,0.718833,51.536035,On or near Horace Road,E01015841,Southend-on-Sea 014C,Violence and sexual offences,Under investigation,
eedaa337ae726e19b45c7b0a0952fc712ed63d46281eac50996cb217fa242a33,2014-08,Essex Police,Essex Police,0.730460,51.533202,On or near Northumberland Avenue,E01015841,Southend-on-Sea 014C,Violence and sexual offences,Under investigation,
13c61e1e9a56f3317faa9addb87cdfbdd3c6d7b9e2585c52871267bf3c0fafb0,2014-08,Essex Police,Essex Police,0.730138,51.535062,On or near Supermarket,E01015841,Southend-on-Sea 014C,Violence and sexual offences,Investigation complete; no suspect identified,
3068756d06a5172a1557834d53bba29a0c1a605622e4ab8051254b163ab08010,2014-08,Essex Police,Essex Police,0.730138,51.535062,On or near Supermarket,E01015841,Southend-on-Sea 014C,Violence and sexual offences,Under investigation,
1a1e81677aaa0a76319d12378c0298f1ce8d6640d0c206357ea3bbf7e03962eb,2014-08,Essex Police,Essex Police,0.731334,51.532156,On or near Jetty Mews,E01015841,Southend-on-Sea 014C,Violence and sexual offences,Under investigation,
9d8d7d1a0768a44d69f0ee209f8712fd6de4511bfebc00b2af0bdc74e5d08ee9,2014-08,Essex Police,Essex Police,0.725456,51.532482,On or near Beach Road,E01015841,Southend-on-Sea 014C,Violence and sexual offences,Awaiting court outcome,
d9588dab6e71138184f9308d89167f7a725106f468752d2bd5c11c703a9305b4,2014-08,Essex Police,Essex Police,0.722696,51.536008,On or near Old Southend Road,E01015841,Southend-on-Sea 014C,Violence and sexual offences,Unable to prosecute suspect,
ab8bd2d55d89e62f2d47b9e12b94d1f5334b68791e8aa8d9804625ed2a5d2e7e,2014-08,Essex Police,Essex Police,0.720578,51.533386,On or near Lucy Road,E01015841,Southend-on-Sea 014C,Violence and sexual offences,Investigation complete; no suspect identified,
b82e6c873ae767372c37065211155a21b23aa183c72023f04f3b679e19604c5c,2014-08,Essex Police,Essex Police,0.718833,51.536035,On or near Horace Road,E01015841,Southend-on-Sea 014C,Violence and sexual offences,Unable to prosecute suspect,
405f52b6eb8177ac8f95cf9cfa68d2dbd2ffb790577f86a25e3e2ead66be01c6,2014-08,Essex Police,Essex Police,0.720943,51.535878,On or near Albert Road,E01015841,Southend-on-Sea 014C,Other crime,Defendant found not guilty,
,2014-08,Essex Police,Essex Police,0.729372,51.533820,On or near Arnold Avenue,E01015842,Southend-on-Sea 014D,Anti-social behaviour,,
,2014-08,Essex Police,Essex Police,0.723844,51.533985,On or near Southchurch Avenue,E01015842,Southend-on-Sea 014D,Anti-social behaviour,,
,2014-08,Essex Police,Essex Police,0.729372,51.533820,On or near Arnold Avenue,E01015842,Southend-on-Sea 014D,Anti-social behaviour,,
,2014-08,Essex Police,Essex Police,0.725264,51.534824,On or near Outing Close,E01015842,Southend-on-Sea 014D,Anti-social behaviour,,
,2014-08,Essex Police,Essex Police,0.724922,51.532953,On or near Sports/Recreation Area,E01015842,Southend-on-Sea 014D,Anti-social behaviour,,
,2014-08,Essex Police,Essex Police,0.726847,51.533789,On or near Hawtree Close,E01015842,Southend-on-Sea 014D,Anti-social behaviour,,
,2014-08,Essex Police,Essex Police,0.726847,51.533789,On or near Hawtree Close,E01015842,Southend-on-Sea 014D,Anti-social behaviour,,
,2014-08,Essex Police,Essex Police,0.724922,51.532953,On or near Sports/Recreation Area,E01015842,Southend-on-Sea 014D,Anti-social behaviour,,
,2014-08,Essex Police,Essex Police,0.726847,51.533789,On or near Hawtree Close,E01015842,Southend-on-Sea 014D,Anti-social behaviour,,
,2014-08,Essex Police,Essex Police,0.725264,51.534824,On or near Outing Close,E01015842,Southend-on-Sea 014D,Anti-social behaviour,,
a503995c75ac43227b76023dc230cc6ce8b74dcf1fde0edebc5717d13a9f88f1,2014-08,Essex Police,Essex Police,0.724923,51.532971,On or near Supermarket,E01015842,Southend-on-Sea 014D,Burglary,Under investigation,
ea1d98253dfee35071edd08baaa4d33dfe17d25cf311b01c9f5cd27d91bab1a8,2014-08,Essex Police,Essex Police,0.726847,51.533789,On or near Hawtree Close,E01015842,Southend-on-Sea 014D,Burglary,Unable to prosecute suspect,
a8cdda78fe4ad4871df4dceda474f45f428f6d9506d04a5b5de4349c0c8af4ea,2014-08,Essex Police,Essex Police,0.729372,51.533820,On or near Arnold Avenue,E01015842,Southend-on-Sea 014D,Criminal damage and arson,Investigation complete; no suspect identified,
f8187b9e999d6a16b0480eed2d33953de713aa855b15733b9ca8198376ff2eb5,2014-08,Essex Police,Essex Police,0.726847,51.533789,On or near Hawtree Close,E01015842,Southend-on-Sea 014D,Criminal damage and arson,Investigation complete; no suspect identified,
4476e4830ffe6d74f2b51ec6b94eb056cf5bd58f638c76f7d55eafe563e25efd,2014-08,Essex Police,Essex Police,0.723844,51.533985,On or near Southchurch Avenue,E01015842,Southend-on-Sea 014D,Other theft,Investigation complete; no suspect identified,
17e159f03dccbb6c57e6929048cd190595f7a5102ce30254dec682a03b634d1a,2014-08,Essex Police,Essex Police,0.728770,51.534131,On or near Prospect Close,E01015842,Southend-on-Sea 014D,Other theft,Unable to prosecute suspect,
c25ccec1ba545b4a4a988f9f4511764917ab8099d41c78c9c552f66372d5c321,2014-08,Essex Police,Essex Police,0.726847,51.533789,On or near Hawtree Close,E01015842,Southend-on-Sea 014D,Other theft,Under investigation,
2c4624c40c5463021f79d5e6e05dc6551fd6666fbea24bf47f9606290120bc80,2014-08,Essex Police,Essex Police,0.724923,51.532971,On or near Supermarket,E01015842,Southend-on-Sea 014D,Shoplifting,Unable to prosecute suspect,
5f1e127c10d67c0a24be844e06049b5030f05de7e0153b52b017bdce1063600d,2014-08,Essex Police,Essex Police,0.724923,51.532971,On or near Supermarket,E01015842,Southend-on-Sea 014D,Shoplifting,Offender given penalty notice,
22756164816345811d0cc6c0aaf93b4e5ce08b3c762d90031e1d569d3dbdb3d9,2014-08,Essex Police,Essex Police,0.724923,51.532971,On or near Supermarket,E01015842,Southend-on-Sea 014D,Shoplifting,Under investigation,
2d98d52f7db8fdf70d83ddbeb21a212ea3cdc9f950f64a71a2e23a2be365a235,2014-08,Essex Police,Essex Police,0.724923,51.532971,On or near Supermarket,E01015842,Southend-on-Sea 014D,Shoplifting,Offender given conditional discharge,
8d2ac146026fdb9569c543114a20527e2c6a16be2bef7a04379ec59988ea8d4d,2014-08,Essex Police,Essex Police,0.723844,51.533985,On or near Southchurch Avenue,E01015842,Southend-on-Sea 014D,Vehicle crime,Under investigation,
ae46ddf59dc33b632c2d91e8fc283f2e7810502ee3f557e80d9e57b21712f1f0,2014-08,Essex Police,Essex Police,0.726847,51.533789,On or near Hawtree Close,E01015842,Southend-on-Sea 014D,Vehicle crime,Investigation complete; no suspect identified,
5f40e8040adcbc752e8c243345294591a7959b3879f64924633dbd6f5ad05412,2014-08,Essex Police,Essex Police,0.729372,51.533820,On or near Arnold Avenue,E01015842,Southend-on-Sea 014D,Violence and sexual offences,Under investigation,
b517ab512a3cb053fc8c7c3df60a78fd002f1da3ea1293ac8e110f5e0ba1fa1f,2014-08,Essex Police,Essex Police,0.726847,51.533789,On or near Hawtree Close,E01015842,Southend-on-Sea 014D,Violence and sexual offences,Unable to prosecute suspect,
70234b252c63084c8afc60d92fb3cfa987c816bb1d0e0f7fa513be0a2d910906,2014-08,Essex Police,Essex Police,0.724922,51.532953,On or near Sports/Recreation Area,E01015842,Southend-on-Sea 014D,Violence and sexual offences,Investigation complete; no suspect identified,
4d13124833a8d464239083776247b99445d99906c01c13d10b94a6e132c690f0,2014-08,Essex Police,Essex Police,0.724923,51.532971,On or near Supermarket,E01015842,Southend-on-Sea 014D,Violence and sexual offences,Offender given community sentence,
,2014-08,Essex Police,Essex Police,0.726190,51.541872,On or near Christchurch Road,E01015843,Southend-on-Sea 014E,Anti-social behaviour,,
,2014-08,Essex Police,Essex Police,0.726190,51.541872,On or near Christchurch Road,E01015843,Southend-on-Sea 014E,Anti-social behaviour,,
13e05b7e6370a9bf2eca05385b757a63b4243241417affac0a99039866aa1de0,2014-08,Essex Police,Essex Police,0.724916,51.543475,On or near Branksome Road,E01015843,Southend-on-Sea 014E,Burglary,Investigation complete; no suspect identified,
09e3f8e1d189996f8b6e660b3cfc6c128012da4b160f539da5a92d9c8e184d1e,2014-08,Essex Police,Essex Police,0.728510,51.541107,On or near Stromness Place,E01015843,Southend-on-Sea 014E,Burglary,Under investigation,
6738cad6fc65b5118233b7d568f1c00fcd42b1b2f950e9fdb35ee39f0e8141d2,2014-08,Essex Police,Essex Police,0.727463,51.542409,On or near Oban Road,E01015843,Southend-on-Sea 014E,Criminal damage and arson,Investigation complete; no suspect identified,
652c8530faa705c3e38537c4086c1d6c485663f04a8f1c955b7a369e443f2f78,2014-08,Essex Police,Essex Police,0.728458,51.542161,On or near Stromness Road,E01015843,Southend-on-Sea 014E,Criminal damage and arson,Under investigation,
46ff7bae7c55affcea6b503343127a7e308831d7835c2587ce714cd80f394500,2014-08,Essex Police,Essex Police,0.728458,51.542161,On or near Stromness Road,E01015843,Southend-on-Sea 014E,Other theft,Unable to prosecute suspect,
c9fba100a4fa09b3ce0861999a011885ec8e101fe3c0b16b31da4d13c8223bd5,2014-08,Essex Police,Essex Police,0.726190,51.541872,On or near Christchurch Road,E01015843,Southend-on-Sea 014E,Possession of weapons,Awaiting court outcome,
,2014-08,Essex Police,Essex Police,0.724204,51.539283,On or near Fairburn Close,E01015844,Southend-on-Sea 014F,Anti-social behaviour,,
,2014-08,Essex Police,Essex Police,0.720530,51.543209,On or near Swanage Road,E01015844,Southend-on-Sea 014F,Anti-social behaviour,,
,2014-08,Essex Police,Essex Police,0.724493,51.540490,On or near Ferndown Close,E01015844,Southend-on-Sea 014F,Anti-social behaviour,,
,2014-08,Essex Police,Essex Police,0.724493,51.540490,On or near Ferndown Close,E01015844,Southend-on-Sea 014F,Anti-social behaviour,,
,2014-08,Essex Police,Essex Police,0.719805,51.539277,On or near Lancaster Gardens,E01015844,Southend-on-Sea 014F,Anti-social behaviour,,
,2014-08,Essex Police,Essex Police,0.718650,51.539502,On or near Tyrrel Drive,E01015844,Southend-on-Sea 014F,Anti-social behaviour,,
,2014-08,Essex Police,Essex Police,0.719805,51.539277,On or near Lancaster Gardens,E01015844,Southend-on-Sea 014F,Anti-social behaviour,,
,2014-08,Essex Police,Essex Police,0.730798,51.540290,On or near Petrol Station,E01015844,Southend-on-Sea 014F,Anti-social behaviour,,
,2014-08,Essex Police,Essex Police,0.724204,51.539283,On or near Fairburn Close,E01015844,Southend-on-Sea 014F,Anti-social behaviour,,
,2014-08,Essex Police,Essex Police,0.724493,51.540490,On or near Ferndown Close,E01015844,Southend-on-Sea 014F,Anti-social behaviour,,
,2014-08,Essex Police,Essex Police,0.724493,51.540490,On or near Ferndown Close,E01015844,Southend-on-Sea 014F,Anti-social behaviour,,
,2014-08,Essex Police,Essex Police,0.720530,51.543209,On or near Swanage Road,E01015844,Southend-on-Sea 014F,Anti-social behaviour,,
,2014-08,Essex Police,Essex Police,0.724493,51.540490,On or near Ferndown Close,E01015844,Southend-on-Sea 014F,Anti-social behaviour,,
,2014-08,Essex Police,Essex Police,0.728605,51.540521,On or near Supermarket,E01015844,Southend-on-Sea 014F,Anti-social behaviour,,
ddbea0bdf7275e39cf8f70d72efbdbc9055e2bfb226f71f1856a6cc41c860793,2014-08,Essex Police,Essex Police,0.722470,51.541644,On or near Boscombe Road,E01015844,Southend-on-Sea 014F,Bicycle theft,Under investigation,
c8840615d3848513893b4ea51ba496d6dc8b2526f30ee36567f48ef0e2add78c,2014-08,Essex Police,Essex Police,0.723012,51.541784,On or near Bournemouth Park Road,E01015844,Southend-on-Sea 014F,Burglary,Unable to prosecute suspect,
d4a47e764223168c11bbdda562a2e3413948e2ec89e2b9e5859991af856c953f,2014-08,Essex Police,Essex Police,0.724204,51.539283,On or near Fairburn Close,E01015844,Southend-on-Sea 014F,Criminal damage and arson,Investigation complete; no suspect identified,
40417b908bfc23fda1e34e887ab4a698a6aeecf227ca32a3dfddb24e537ab6a9,2014-08,Essex Police,Essex Police,0.722334,51.542501,On or near Wimborne Road,E01015844,Southend-on-Sea 014F,Criminal damage and arson,Under investigation,
f9aba3f53b29b277ff6aa1431424bf748fd892d36e7c72ed383fcb7f73314f3e,2014-08,Essex Police,Essex Police,0.718650,51.539502,On or near Tyrrel Drive,E01015844,Southend-on-Sea 014F,Criminal damage and arson,Under investigation,
af3d5b62c673974db0e2501974837a0470b4c7133b49585db09cf7e370192572,2014-08,Essex Police,Essex Police,0.719805,51.539277,On or near Lancaster Gardens,E01015844,Southend-on-Sea 014F,Criminal damage and arson,Investigation complete; no suspect identified,
2813da451dc2b442c74738d95e9bf591f3d5230bd72f0231614ace12b6d64003,2014-08,Essex Police,Essex Police,0.724493,51.540490,On or near Ferndown Close,E01015844,Southend-on-Sea 014F,Drugs,Awaiting court outcome,
a4a06fe979a1522f67d537e1d01da8916b1043e76b5e3beb7ff2c6d18bcaf839,2014-08,Essex Police,Essex Police,0.718806,51.543087,On or near Swanage Road,E01015844,Southend-on-Sea 014F,Drugs,Offender given a drugs possession warning,
b783dac94ebba811211ac09112e65aafb152b05479e36dd742a390bbc0ef4c88,2014-08,Essex Police,Essex Police,0.722470,51.541644,On or near Boscombe Road,E01015844,Southend-on-Sea 014F,Drugs,Under investigation,
d25e80f7628ede536289a5462dfd37402f01240876493f18b3d8fa8b0875615d,2014-08,Essex Police,Essex Police,0.719805,51.539277,On or near Lancaster Gardens,E01015844,Southend-on-Sea 014F,Drugs,Offender given a drugs possession warning,
0c4a4326bfd4f34f3cc2f6adb85131a35bf014139beea424bae353e1f4d97810,2014-08,Essex Police,Essex Police,0.719805,51.539277,On or near Lancaster Gardens,E01015844,Southend-on-Sea 014F,Drugs,Offender given a caution,
4eebc57b5f8001d0634f0b0c25bb804c647a075a68f3b8c82d727e21a3e81a31,2014-08,Essex Police,Essex Police,0.724493,51.540490,On or near Ferndown Close,E01015844,Southend-on-Sea 014F,Drugs,Offender given community sentence,
71aa2285119b0db0f675c494591d68d636d465412edd9c9c5c493af1f6762d33,2014-08,Essex Police,Essex Police,0.730798,51.540290,On or near Petrol Station,E01015844,Southend-on-Sea 014F,Shoplifting,Unable to prosecute suspect,
2866e9ef0c10abb6c591e1de48e08036fae9f5b321fdd847020ec1ff81b10a15,2014-08,Essex Police,Essex Police,0.730798,51.540290,On or near Petrol Station,E01015844,Southend-on-Sea 014F,Shoplifting,Investigation complete; no suspect identified,
d8058fb97f2c164f01dfa8698e8f9d77f7d63d0ff5c16d6ca55b8df84fae6878,2014-08,Essex Police,Essex Police,0.724493,51.540490,On or near Ferndown Close,E01015844,Southend-on-Sea 014F,Violence and sexual offences,Under investigation,
2deeb4a5b59844dcb27598dd8cb7369a4271b224b63b221c50bf01e2720c847e,2014-08,Essex Police,Essex Police,0.719805,51.539277,On or near Lancaster Gardens,E01015844,Southend-on-Sea 014F,Violence and sexual offences,Under investigation,
65848fed1b015d4ff357872519dc25db18fee11f0335f6921df6ace22a14226d,2014-08,Essex Police,Essex Police,0.724493,51.540490,On or near Ferndown Close,E01015844,Southend-on-Sea 014F,Violence and sexual offences,Under investigation,
f885f90a07f8bb41699e2e55b35eb10f462ff55e9ed4f21dd2ad39eb68c97c15,2014-08,Essex Police,Essex Police,0.724493,51.540490,On or near Ferndown Close,E01015844,Southend-on-Sea 014F,Violence and sexual offences,Investigation complete; no suspect identified,
f9cdc1df18ed8da2f535b77ce8d225620084ae57b1388a7072cd7478e9354dac,2014-08,Essex Police,Essex Police,0.722470,51.541644,On or near Boscombe Road,E01015844,Southend-on-Sea 014F,Violence and sexual offences,Under investigation,
3f45dc1d1ea56f06ded9945989920bfe9ccd2f5a36510f1707e7c71ed9ca03b1,2014-08,Essex Police,Essex Police,0.724204,51.539283,On or near Fairburn Close,E01015844,Southend-on-Sea 014F,Violence and sexual offences,Awaiting court outcome,
3a3f47dd46d4ab7c8b8d59b3e87ee2a8fec3d75c489dd93d890b6fe23181ce9f,2014-08,Essex Police,Essex Police,0.724493,51.540490,On or near Ferndown Close,E01015844,Southend-on-Sea 014F,Other crime,Awaiting court outcome,
,2014-08,Essex Police,Essex Police,0.694218,51.536567,On or near Station Road,E01015851,Southend-on-Sea 015A,Anti-social behaviour,,
,2014-08,Essex Police,Essex Police,0.694650,51.535325,On or near Shorefield Road,E01015851,Southend-on-Sea 015A,Anti-social behaviour,,
,2014-08,Essex Police,Essex Police,0.712988,51.534030,On or near Royal Terrace,E01015851,Southend-on-Sea 015A,Anti-social behaviour,,
,2014-08,Essex Police,Essex Police,0.712988,51.534030,On or near Royal Terrace,E01015851,Southend-on-Sea 015A,Anti-social behaviour,,
,2014-08,Essex Police,Essex Police,0.694650,51.535325,On or near Shorefield Road,E01015851,Southend-on-Sea 015A,Anti-social behaviour,,
,2014-08,Essex Police,Essex Police,0.712988,51.534030,On or near Royal Terrace,E01015851,Southend-on-Sea 015A,Anti-social behaviour,,
bbb78a614330c4a95dd76f9fde84858d4d6b6ac865a5983a161fdfed63850d5c,2014-08,Essex Police,Essex Police,0.712988,51.534030,On or near Royal Terrace,E01015851,Southend-on-Sea 015A,Bicycle theft,Investigation complete; no suspect identified,
e81ce9ac7914a0851ac1aca3b63ae44ad0cc972cd3e3691ffe7081c71c217eb0,2014-08,Essex Police,Essex Police,0.691346,51.537254,On or near Parking Area,E01015851,Southend-on-Sea 015A,Bicycle theft,Under investigation,
1cc21dd62dbeb0f87576a4ba91e97ec13a3a03d4ee7bdd2e2ce1fe7a21aa0fbb,2014-08,Essex Police,Essex Police,0.717040,51.532569,On or near Theme/Adventure Park,E01015851,Southend-on-Sea 015A,Burglary,Awaiting court outcome,
b3c9b961eee1613073df3950f12612701c58d8326537623da04db6195d5400c4,2014-08,Essex Police,Essex Police,0.691549,51.536296,On or near Seaforth Road,E01015851,Southend-on-Sea 015A,Criminal damage and arson,Under investigation,
35811b2270e900afdb4e2d0fa6da3b7c1aaffb557e3fcff4ac3e6c88b25d6129,2014-08,Essex Police,Essex Police,0.717040,51.532569,On or near Theme/Adventure Park,E01015851,Southend-on-Sea 015A,Criminal damage and arson,Under investigation,
d47c0f021a770b4786e0d98967880241782b618a9465fc9dda8758bbfbaebdab,2014-08,Essex Police,Essex Police,0.692923,51.536120,On or near Holland Road,E01015851,Southend-on-Sea 015A,Criminal damage and arson,Under investigation,
ffc6d9f3df720f972bade4532539375c42bb8fd84d2231c252ca54cd1865e28b,2014-08,Essex Police,Essex Police,0.717040,51.532569,On or near Theme/Adventure Park,E01015851,Southend-on-Sea 015A,Other theft,Investigation complete; no suspect identified,
415417f6dca8a4b3e3e44fb9d586fbd533e9e8a7d762253b08bc06751aa1c0c0,2014-08,Essex Police,Essex Police,0.691549,51.536296,On or near Seaforth Road,E01015851,Southend-on-Sea 015A,Other theft,Under investigation,
5a26aa11af8284a86d83d6e5c33ecb3f5149efa7efd8dad174e584646861736b,2014-08,Essex Police,Essex Police,0.717040,51.532569,On or near Theme/Adventure Park,E01015851,Southend-on-Sea 015A,Other theft,Investigation complete; no suspect identified,
dc3cdf3b7087575da8fdeab27a9f8434ba56fc06e51fe7a2582e482c5f616090,2014-08,Essex Police,Essex Police,0.717040,51.532569,On or near Theme/Adventure Park,E01015851,Southend-on-Sea 015A,Theft from the person,Investigation complete; no suspect identified,
08ebb2f14b1cb65f37901f4754d96a06c2a8519d1fd0aed751834802e56596dc,2014-08,Essex Police,Essex Police,0.712988,51.534030,On or near Royal Terrace,E01015851,Southend-on-Sea 015A,Vehicle crime,Under investigation,
d94bb039055417f03bc01e43a1a29dce4d1a8731c7a961fefa31c37f91831e99,2014-08,Essex Police,Essex Police,0.712988,51.534030,On or near Royal Terrace,E01015851,Southend-on-Sea 015A,Vehicle crime,Investigation complete; no suspect identified,
2192a8aeef000f8ea773abf993d6391be312b73c9253575d79840884ff71363e,2014-08,Essex Police,Essex Police,0.691346,51.537254,On or near Parking Area,E01015851,Southend-on-Sea 015A,Violence and sexual offences,Under investigation,
7edaf9c73ec4631903d6d51e5ed0d871ee4c9cf896eaf79145fa33d54890452f,2014-08,Essex Police,Essex Police,0.717040,51.532569,On or near Theme/Adventure Park,E01015851,Southend-on-Sea 015A,Violence and sexual offences,Offender given a caution,
4bedc8894412d44852b6ef5a9e1fb8608b30d9ee4d8bdde3e0e48c1ff273b23c,2014-08,Essex Police,Essex Police,0.717040,51.532569,On or near Theme/Adventure Park,E01015851,Southend-on-Sea 015A,Violence and sexual offences,Under investigation,
aeddd40de12e0ebb6023b91c806fa9dd5c310b2d48d2adade938e97e2010991b,2014-08,Essex Police,Essex Police,0.717040,51.532569,On or near Theme/Adventure Park,E01015851,Southend-on-Sea 015A,Violence and sexual offences,Under investigation,
c8b4bf5692ef450a5df3866b189efe0ad476af84ff6c31b904fc36da52c78a02,2014-08,Essex Police,Essex Police,0.694650,51.535325,On or near Shorefield Road,E01015851,Southend-on-Sea 015A,Violence and sexual offences,Under investigation,
f119462be467d2e7d730a1f2796efef12bb0936ae371619beda18a78607a7335,2014-08,Essex Police,Essex Police,0.692923,51.536120,On or near Holland Road,E01015851,Southend-on-Sea 015A,Violence and sexual offences,Under investigation,
ef68141f35ce211ef90411cf3f1405cff6bd6bfa7191b5911dcbc5e4cecb8d8f,2014-08,Essex Police,Essex Police,0.694218,51.536567,On or near Station Road,E01015851,Southend-on-Sea 015A,Violence and sexual offences,Offender given community sentence,
,2014-08,Essex Police,Essex Police,0.715773,51.533579,On or near Pier Hill,E01015852,Southend-on-Sea 015B,Anti-social behaviour,,
,2014-08,Essex Police,Essex Police,0.714146,51.537250,On or near Pitmans Close,E01015852,Southend-on-Sea 015B,Anti-social behaviour,,
,2014-08,Essex Police,Essex Police,0.712855,51.537855,On or near Nightclub,E01015852,Southend-on-Sea 015B,Anti-social behaviour,,
,2014-08,Essex Police,Essex Police,0.716192,51.535521,On or near Heygate Avenue,E01015852,Southend-on-Sea 015B,Anti-social behaviour,,
,2014-08,Essex Police,Essex Police,0.715061,51.539531,On or near Warrior Square North,E01015852,Southend-on-Sea 015B,Anti-social behaviour,,
,2014-08,Essex Police,Essex Police,0.711662,51.536219,On or near Nightclub,E01015852,Southend-on-Sea 015B,Anti-social behaviour,,
,2014-08,Essex Police,Essex Police,0.717113,51.536938,On or near Portland Avenue,E01015852,Southend-on-Sea 015B,Anti-social behaviour,,
,2014-08,Essex Police,Essex Police,0.711662,51.536219,On or near Nightclub,E01015852,Southend-on-Sea 015B,Anti-social behaviour,,
,2014-08,Essex Police,Essex Police,0.714495,51.537781,On or near Chichester Road,E01015852,Southend-on-Sea 015B,Anti-social behaviour,,
,2014-08,Essex Police,Essex Police,0.716257,51.540241,On or near Southchurch Road,E01015852,Southend-on-Sea 015B,Anti-social behaviour,,
,2014-08,Essex Police,Essex Police,0.711662,51.536219,On or near Nightclub,E01015852,Southend-on-Sea 015B,Anti-social behaviour,,
,2014-08,Essex Police,Essex Police,0.717113,51.536938,On or near Portland Avenue,E01015852,Southend-on-Sea 015B,Anti-social behaviour,,
,2014-08,Essex Police,Essex Police,0.716192,51.535521,On or near Heygate Avenue,E01015852,Southend-on-Sea 015B,Anti-social behaviour,,
,2014-08,Essex Police,Essex Police,0.712855,51.537855,On or near Nightclub,E01015852,Southend-on-Sea 015B,Anti-social behaviour,,
,2014-08,Essex Police,Essex Police,0.712789,51.535770,On or near Clarence Street,E01015852,Southend-on-Sea 015B,Anti-social behaviour,,
,2014-08,Essex Police,Essex Police,0.716176,51.536213,On or near York Road,E01015852,Southend-on-Sea 015B,Anti-social behaviour,,
,2014-08,Essex Police,Essex Police,0.714146,51.537250,On or near Pitmans Close,E01015852,Southend-on-Sea 015B,Anti-social behaviour,,
,2014-08,Essex Police,Essex Police,0.716140,51.539731,On or near Warrior Square East,E01015852,Southend-on-Sea 015B,Anti-social behaviour,,
,2014-08,Essex Police,Essex Police,0.716176,51.536213,On or near York Road,E01015852,Southend-on-Sea 015B,Anti-social behaviour,,
,2014-08,Essex Police,Essex Police,0.716257,51.540241,On or near Southchurch Road,E01015852,Southend-on-Sea 015B,Anti-social behaviour,,
,2014-08,Essex Police,Essex Police,0.712855,51.537855,On or near Nightclub,E01015852,Southend-on-Sea 015B,Anti-social behaviour,,
,2014-08,Essex Police,Essex Police,0.709427,51.537916,On or near Gordon Place,E01015852,Southend-on-Sea 015B,Anti-social behaviour,,
,2014-08,Essex Police,Essex Police,0.712855,51.537855,On or near Nightclub,E01015852,Southend-on-Sea 015B,Anti-social behaviour,,
,2014-08,Essex Police,Essex Police,0.716257,51.540241,On or near Southchurch Road,E01015852,Southend-on-Sea 015B,Anti-social behaviour,,
,2014-08,Essex Police,Essex Police,0.713596,51.539394,On or near Nightclub,E01015852,Southend-on-Sea 015B,Anti-social behaviour,,
,2014-08,Essex Police,Essex Police,0.715320,51.534677,On or near Shopping Area,E01015852,Southend-on-Sea 015B,Anti-social behaviour,,
,2014-08,Essex Police,Essex Police,0.717404,51.535043,On or near Chancellor Road,E01015852,Southend-on-Sea 015B,Anti-social behaviour,,
,2014-08,Essex Police,Essex Police,0.712471,51.535517,On or near Theatre/Concert Hall,E01015852,Southend-on-Sea 015B,Anti-social behaviour,,
,2014-08,Essex Police,Essex Police,0.710894,51.534213,On or near Clifton Terrace,E01015852,Southend-on-Sea 015B,Anti-social behaviour,,
,2014-08,Essex Police,Essex Police,0.715499,51.535743,On or near Bus/Coach Station,E01015852,Southend-on-Sea 015B,Anti-social behaviour,,
,2014-08,Essex Police,Essex Police,0.716257,51.540241,On or near Southchurch Road,E01015852,Southend-on-Sea 015B,Anti-social behaviour,,
,2014-08,Essex Police,Essex Police,0.715773,51.533579,On or near Pier Hill,E01015852,Southend-on-Sea 015B,Anti-social behaviour,,
,2014-08,Essex Police,Essex Police,0.713438,51.535279,On or near Alexandra Street,E01015852,Southend-on-Sea 015B,Anti-social behaviour,,
,2014-08,Essex Police,Essex Police,0.717736,51.534325,On or near Herbert Grove,E01015852,Southend-on-Sea 015B,Anti-social behaviour,,
,2014-08,Essex Police,Essex Police,0.717113,51.536938,On or near Portland Avenue,E01015852,Southend-on-Sea 015B,Anti-social behaviour,,
,2014-08,Essex Police,Essex Police,0.716192,51.535521,On or near Heygate Avenue,E01015852,Southend-on-Sea 015B,Anti-social behaviour,,
,2014-08,Essex Police,Essex Police,0.713596,51.539394,On or near Nightclub,E01015852,Southend-on-Sea 015B,Anti-social behaviour,,
,2014-08,Essex Police,Essex Police,0.717113,51.536938,On or near Portland Avenue,E01015852,Southend-on-Sea 015B,Anti-social behaviour,,
,2014-08,Essex Police,Essex Police,0.712471,51.535517,On or near Theatre/Concert Hall,E01015852,Southend-on-Sea 015B,Anti-social behaviour,,
,2014-08,Essex Police,Essex Police,0.709427,51.537916,On or near Gordon Place,E01015852,Southend-on-Sea 015B,Anti-social behaviour,,
,2014-08,Essex Police,Essex Police,0.712855,51.537855,On or near Nightclub,E01015852,Southend-on-Sea 015B,Anti-social behaviour,,
,2014-08,Essex Police,Essex Police,0.711662,51.536219,On or near Nightclub,E01015852,Southend-on-Sea 015B,Anti-social behaviour,,
,2014-08,Essex Police,Essex Police,0.712855,51.537855,On or near Nightclub,E01015852,Southend-on-Sea 015B,Anti-social behaviour,,
451da530beaff72b05786c9fa9d2ac6ea7cf325416830d8171ef0e0c27102654,2014-08,Essex Police,Essex Police,0.712369,51.536949,On or near Clifftown Road,E01015852,Southend-on-Sea 015B,Bicycle theft,Investigation complete; no suspect identified,
e825c3984281a99fa8b118473ea01331b2f46c36244aeb1766747fdab0bdcf6a,2014-08,Essex Police,Essex Police,0.712337,51.537633,On or near Station Approach,E01015852,Southend-on-Sea 015B,Bicycle theft,Under investigation,
d76f2ae6edee6f5ed291e017c6b6caff05f89e63220e17dec3a0c1ebb9852765,2014-08,Essex Police,Essex Police,0.712013,51.538486,On or near Nightclub,E01015852,Southend-on-Sea 015B,Bicycle theft,Investigation complete; no suspect identified,
41356d00b76408c2da90596f2dc454e30001c83d31f5bd3bcc324dbc531f3c20,2014-08,Essex Police,Essex Police,0.713474,51.534918,On or near Market Place,E01015852,Southend-on-Sea 015B,Bicycle theft,Investigation complete; no suspect identified,
c6c69fd69092e785e21a3b1fa6793de8c71bdc6e3ea295aca48e982f2bc949db,2014-08,Essex Police,Essex Police,0.716257,51.540241,On or near Southchurch Road,E01015852,Southend-on-Sea 015B,Burglary,Investigation complete; no suspect identified,
3baeabc643bce7694d70343b67f3ca09d15bd99172d06373960471257bbd2dc2,2014-08,Essex Police,Essex Police,0.716257,51.540241,On or near Southchurch Road,E01015852,Southend-on-Sea 015B,Burglary,Investigation complete; no suspect identified,
c602dbb5eda847134fb31c9efca591fea84a67489e4f466d3fffad58c4b39bdd,2014-08,Essex Police,Essex Police,0.715773,51.533579,On or near Pier Hill,E01015852,Southend-on-Sea 015B,Burglary,Investigation complete; no suspect identified,
b32bb57f275a262a9789804de8c3ab4df7bcf9aa232acdfdc5d8c9381f94e23b,2014-08,Essex Police,Essex Police,0.716140,51.539731,On or near Warrior Square East,E01015852,Southend-on-Sea 015B,Burglary,Investigation complete; no suspect identified,
3b97def67037f32e130a13ef02a166d67e20937cc14dea967b2e892a338ccccc,2014-08,Essex Police,Essex Police,0.716257,51.540241,On or near Southchurch Road,E01015852,Southend-on-Sea 015B,Burglary,Investigation complete; no suspect identified,
11d0dd450c176ce6c2cac245012131452abde136e574d33daf4e6a78da767f54,2014-08,Essex Police,Essex Police,0.717113,51.536938,On or near Portland Avenue,E01015852,Southend-on-Sea 015B,Criminal damage and arson,Investigation complete; no suspect identified,
4babd28bae53f2d66371141b91aa5ee53bf2ecb87c45a00f430a3f417987ae45,2014-08,Essex Police,Essex Police,0.717113,51.536938,On or near Portland Avenue,E01015852,Southend-on-Sea 015B,Criminal damage and arson,Unable to prosecute suspect,
c0ee675f14147769decf974ed0f8614af4fcb869ae4b1ea04cf37e5822f83b6d,2014-08,Essex Police,Essex Police,0.716140,51.539731,On or near Warrior Square East,E01015852,Southend-on-Sea 015B,Criminal damage and arson,Under investigation,
af74e953faa8fefce257e6a2b521176fd850b51a477f57f2102dadd45c11826d,2014-08,Essex Police,Essex Police,0.712013,51.538486,On or near Nightclub,E01015852,Southend-on-Sea 015B,Criminal damage and arson,Under investigation,
8c85918119f7536ffa69f15d688531c0bdebeec712d3504e964c74fb447e7961,2014-08,Essex Police,Essex Police,0.715211,51.536721,On or near Parking Area,E01015852,Southend-on-Sea 015B,Criminal damage and arson,Under investigation,
50fc009af50c8c15498f5c3bfa53de37567cea2dbb9cad70ba2054c5c32e4598,2014-08,Essex Police,Essex Police,0.713316,51.537359,On or near High Street Southend,E01015852,Southend-on-Sea 015B,Criminal damage and arson,Awaiting court outcome,
f37f0defdbdbcf926fed38c5dd598bf7fb52a7cfb0f77c2754df35d12908d43f,2014-08,Essex Police,Essex Police,0.717404,51.535043,On or near Chancellor Road,E01015852,Southend-on-Sea 015B,Criminal damage and arson,Investigation complete; no suspect identified,
efad04c6777817e515dee9a9211f4646ebf707d6e84a0e0e9a8309d82e59f275,2014-08,Essex Police,Essex Police,0.715773,51.533579,On or near Pier Hill,E01015852,Southend-on-Sea 015B,Criminal damage and arson,Awaiting court outcome,
982d5d9686f563f30075c604c7ae0cecdb21a1c179fc28fde9c1fcd073f3749e,2014-08,Essex Police,Essex Police,0.716140,51.539731,On or near Warrior Square East,E01015852,Southend-on-Sea 015B,Drugs,Under investigation,
d96cfae69493a1726a14afc7665cf0d2af229b9f5056a6d54eda1be116948de3,2014-08,Essex Police,Essex Police,0.717113,51.536938,On or near Portland Avenue,E01015852,Southend-on-Sea 015B,Drugs,Awaiting court outcome,
d7370bac1e7838ecbb7024a976a79b853d54b0f63d6c49368591d6fc16dd7c34,2014-08,Essex Police,Essex Police,0.716140,51.539731,On or near Warrior Square East,E01015852,Southend-on-Sea 015B,Drugs,Under investigation,
8485c01b5493b473704566b0fd22f67fa13a5d911f2f821ac1be9a9aaaf4a4fc,2014-08,Essex Police,Essex Police,0.712013,51.538486,On or near Nightclub,E01015852,Southend-on-Sea 015B,Drugs,Offender given a drugs possession warning,
c8cdbc921196f2f864fdda7bbc5fcb0e9594672bbe5a3600339e721faf83848e,2014-08,Essex Police,Essex Police,0.716140,51.539731,On or near Warrior Square East,E01015852,Southend-on-Sea 015B,Drugs,Under investigation,
5d5bc354e2d9c750acbb9a325cbe7333a7c24e57c900cbf9f6515cc75301dbf8,2014-08,Essex Police,Essex Police,0.715061,51.539531,On or near Warrior Square North,E01015852,Southend-on-Sea 015B,Drugs,Under investigation,
cf22e55c455f557bcd2b0a6190398b11965640a24547815b059dfc7642b97bde,2014-08,Essex Police,Essex Police,0.716140,51.539731,On or near Warrior Square East,E01015852,Southend-on-Sea 015B,Other theft,Investigation complete; no suspect identified,
c687cac7bffd39fc83aaa76c9e434bfaa6b5b05818ea957e273da7a8b9d73d7e,2014-08,Essex Police,Essex Police,0.715773,51.533579,On or near Pier Hill,E01015852,Southend-on-Sea 015B,Other theft,Under investigation,
d8d1b544fe8157a73d505efc0970bdc4edd8c33d01bb0f1b0be73edc4bac2d57,2014-08,Essex Police,Essex Police,0.714495,51.537781,On or near Chichester Road,E01015852,Southend-on-Sea 015B,Other theft,Unable to prosecute suspect,
23165dace60b60af36d0de6c0db5205452a248b2a16c592992d4689e268bc0ce,2014-08,Essex Police,Essex Police,0.715773,51.533579,On or near Pier Hill,E01015852,Southend-on-Sea 015B,Other theft,Investigation complete; no suspect identified,
3e57c1aa8198be3c6a520c101831f06cfb9fc0ffb0b1aaaad656f59d7f6d57f7,2014-08,Essex Police,Essex Police,0.712013,51.538486,On or near Nightclub,E01015852,Southend-on-Sea 015B,Other theft,Under investigation,
574378772fa011b86f6081a3a2f72e624ea3634471adcc5392d506aa0d7a178e,2014-08,Essex Police,Essex Police,0.715773,51.533579,On or near Pier Hill,E01015852,Southend-on-Sea 015B,Other theft,Investigation complete; no suspect identified,
7fa8d37044ede94254d8071fff667cd81041c38e6226b73cf4b132c76d50a2fa,2014-08,Essex Police,Essex Police,0.715773,51.533579,On or near Pier Hill,E01015852,Southend-on-Sea 015B,Other theft,Investigation complete; no suspect identified,
9fda612ccaeef66867a21f0be9fb2088ce70b2dc1966af08148a60d776898a22,2014-08,Essex Police,Essex Police,0.716140,51.539731,On or near Warrior Square East,E01015852,Southend-on-Sea 015B,Other theft,Offender given conditional discharge,
08fbdd64b1d209f151e05748c233b42308b0dfdd099fe2a4bb57f6c1e1ee7e43,2014-08,Essex Police,Essex Police,0.715773,51.533579,On or near Pier Hill,E01015852,Southend-on-Sea 015B,Other theft,Investigation complete; no suspect identified,
a4e2eb07a4da66d6e74c350d11a28b954dcd44eb28027a3b7c790d8c10b26823,2014-08,Essex Police,Essex Police,0.710811,51.534764,On or near Clifton Mews,E01015852,Southend-on-Sea 015B,Other theft,Under investigation,
14ca7b4994a5fb2a5912d940ed6641a1a1e746f1ec395fa8a70028382dbfb24b,2014-08,Essex Police,Essex Police,0.715773,51.533579,On or near Pier Hill,E01015852,Southend-on-Sea 015B,Other theft,Under investigation,
1b96f5ffc04cf6eb1c585b897b0985b9a1460503e9d2c104d8c60a2a8fedd11a,2014-08,Essex Police,Essex Police,0.714146,51.537250,On or near Pitmans Close,E01015852,Southend-on-Sea 015B,Other theft,Investigation complete; no suspect identified,
b14fcc4160ba6c19d8698dd392ff56700b7fc9d74c49dddfeda77ee95f14fdab,2014-08,Essex Police,Essex Police,0.716192,51.535521,On or near Heygate Avenue,E01015852,Southend-on-Sea 015B,Other theft,Investigation complete; no suspect identified,
09713e42f92341ea76fb3ee47acc64d9ab3abbb957f07c75157ec7706ff7f2ef,2014-08,Essex Police,Essex Police,0.717736,51.534325,On or near Herbert Grove,E01015852,Southend-on-Sea 015B,Other theft,Investigation complete; no suspect identified,
f81fa45a6ce15500c822dcc0fe764b790466f00cebffd6d6b693e70db5f7cc3f,2014-08,Essex Police,Essex Police,0.715320,51.534677,On or near Shopping Area,E01015852,Southend-on-Sea 015B,Other theft,Under investigation,
e343e2ec9db6aacc79acfe22f7f56c75feea9745748537c7c14add9bbb6a15cd,2014-08,Essex Police,Essex Police,0.712855,51.537855,On or near Nightclub,E01015852,Southend-on-Sea 015B,Other theft,Investigation complete; no suspect identified,
c263559c82cd7fb476dc0b99070dae5dcb447001b2dd05145674ab6c2de2a26a,2014-08,Essex Police,Essex Police,0.712855,51.537855,On or near Nightclub,E01015852,Southend-on-Sea 015B,Other theft,Under investigation,
3cbe2bbd00a90f09d434c7fc1d02709e9fb990485df8207ed3896f3ec5f0a94b,2014-08,Essex Police,Essex Police,0.715773,51.533579,On or near Pier Hill,E01015852,Southend-on-Sea 015B,Other theft,Investigation complete; no suspect identified,
296eac6bb5643ed65c096b5cc954845a3d7a4c07238f72da74d1a021218cf448,2014-08,Essex Police,Essex Police,0.715773,51.533579,On or near Pier Hill,E01015852,Southend-on-Sea 015B,Other theft,Investigation complete; no suspect identified,
177ea35de1418a5a67a88a7d7cb250571df7dda8fd2d001dfd92a92ea29e96b0,2014-08,Essex Police,Essex Police,0.714143,51.536234,On or near Shopping Area,E01015852,Southend-on-Sea 015B,Possession of weapons,Awaiting court outcome,
e4a7ffb62c540c12b1a5f0a7b8e5fa135b509d47c6f9394432787e4962eec128,2014-08,Essex Police,Essex Police,0.714390,51.538674,On or near Parking Area,E01015852,Southend-on-Sea 015B,Public order,Unable to prosecute suspect,
03ee602088414fe3924301b2a3e87990d110c5197448213db80f6c30b267620d,2014-08,Essex Police,Essex Police,0.715061,51.539531,On or near Warrior Square North,E01015852,Southend-on-Sea 015B,Public order,Offender given conditional discharge,
0537a5cd73d864b6da80d03364ec3dd9adf00dc5bf780c9a958d93808aae6197,2014-08,Essex Police,Essex Police,0.717736,51.534325,On or near Herbert Grove,E01015852,Southend-on-Sea 015B,Public order,Under investigation,
9247c3ad09e46ab65466acbfe76395815b138538676b9fef1c160f2a0fd0365d,2014-08,Essex Police,Essex Police,0.715061,51.539531,On or near Warrior Square North,E01015852,Southend-on-Sea 015B,Public order,Awaiting court outcome,
3c4c3c7f304f84715bf838c286db9b873bcaf946a65b68187a0104abfe11658d,2014-08,Essex Police,Essex Police,0.712855,51.537855,On or near Nightclub,E01015852,Southend-on-Sea 015B,Public order,Awaiting court outcome,
cc1db59058ba1bb243956685c5cb000173918680c9f9e8bc8f2f02e5183f8c42,2014-08,Essex Police,Essex Police,0.715320,51.534677,On or near Shopping Area,E01015852,Southend-on-Sea 015B,Public order,Offender sent to prison,
72a2adc0eb2afbc31cf62ac1c031894253c0bf2427c13d99ac6b7df7216dcc7d,2014-08,Essex Police,Essex Police,0.713596,51.539394,On or near Nightclub,E01015852,Southend-on-Sea 015B,Public order,Unable to prosecute suspect,
9b7fe12053e04cb74008f58e3b7162a60c0a34c82eb95344fafc7238152cf331,2014-08,Essex Police,Essex Police,0.715061,51.539531,On or near Warrior Square North,E01015852,Southend-on-Sea 015B,Public order,Under investigation,
bba13901ad9eaca3a3a3f0647da137d21a5a5cb74e3e68cf04018a68dcfe5521,2014-08,Essex Police,Essex Police,0.712855,51.537855,On or near Nightclub,E01015852,Southend-on-Sea 015B,Public order,Awaiting court outcome,
1c20a4879e5f7a446f3c9b7491ac33395fd26b349be572d4e6f9f11f877646c0,2014-08,Essex Police,Essex Police,0.712855,51.537855,On or near Nightclub,E01015852,Southend-on-Sea 015B,Public order,Awaiting court outcome,
60eb640bab507006c0886bc41eec1b8fd290d24c0fb9d6807e4aa3286ba75130,2014-08,Essex Police,Essex Police,0.715773,51.533579,On or near Pier Hill,E01015852,Southend-on-Sea 015B,Robbery,Investigation complete; no suspect identified,
eda382c13c0c7b1c52a53589326f37b703ae17312c008d542ea268a947f8dd38,2014-08,Essex Police,Essex Police,0.715773,51.533579,On or near Pier Hill,E01015852,Southend-on-Sea 015B,Robbery,Under investigation,
c8f7b47af408fa8cbfab10826819f4f369c31d35cb1b2196ae3c5193e4b054eb,2014-08,Essex Police,Essex Police,0.714143,51.536234,On or near Shopping Area,E01015852,Southend-on-Sea 015B,Shoplifting,Offender sent to prison,
88f05b0402abcb84ce72bf3f5575f74ef686e34894d6a86123d2671666959859,2014-08,Essex Police,Essex Police,0.714143,51.536234,On or near Shopping Area,E01015852,Southend-on-Sea 015B,Shoplifting,Awaiting court outcome,
11963769fbf8b74b96d8d301c935ba91aa2ee777531af1ebfdbd43c34cf65e40,2014-08,Essex Police,Essex Police,0.715320,51.534677,On or near Shopping Area,E01015852,Southend-on-Sea 015B,Shoplifting,Awaiting court outcome,
02c8e735f61796a89919a2b2bfaa208663fc4037e040c87f10c15138281cc4ba,2014-08,Essex Police,Essex Police,0.715320,51.534677,On or near Shopping Area,E01015852,Southend-on-Sea 015B,Shoplifting,Awaiting court outcome,
fd2f37c4f33c2c6b1249741baf5f1177f03a2d366b4a55b22f4f7b8f19c264b3,2014-08,Essex Police,Essex Police,0.714143,51.536234,On or near Shopping Area,E01015852,Southend-on-Sea 015B,Shoplifting,Awaiting court outcome,
ec17a4e776972e7ac3905ce0605aec64c3cb938686e79951c7fd7f1d53ba9379,2014-08,Essex Police,Essex Police,0.714143,51.536234,On or near Shopping Area,E01015852,Southend-on-Sea 015B,Shoplifting,Under investigation,
24767b223585642a3d0cc97f2cea00911f99ca6a8e43545aeb8feaa91e12033d,2014-08,Essex Police,Essex Police,0.715320,51.534677,On or near Shopping Area,E01015852,Southend-on-Sea 015B,Shoplifting,Under investigation,
63022691e8f29c7b56c1a155218c0dd3b67613ccb6a0bd35608a1813e4d3e2be,2014-08,Essex Police,Essex Police,0.715320,51.534677,On or near Shopping Area,E01015852,Southend-on-Sea 015B,Shoplifting,Under investigation,
14103584dd5aba19fa7747a30d6bd3841b4ff627515ce8426d7179c54e4564b4,2014-08,Essex Police,Essex Police,0.712013,51.538486,On or near Nightclub,E01015852,Southend-on-Sea 015B,Shoplifting,Under investigation,
163743b19c04774c0034872ec16066e143c686da98ba16afcc53d25f5f4906b1,2014-08,Essex Police,Essex Police,0.714146,51.537250,On or near Pitmans Close,E01015852,Southend-on-Sea 015B,Shoplifting,Awaiting court outcome,
bacda07a36a017c8b687ac1b4f2ee4bcbfb214560d9321f2ab44cdbe789b1880,2014-08,Essex Police,Essex Police,0.714143,51.536234,On or near Shopping Area,E01015852,Southend-on-Sea 015B,Shoplifting,Offender otherwise dealt with,
9d7b78786646ac887684b6eaaf048c0e30da3af576b533e8f16741aec7f23ec3,2014-08,Essex Police,Essex Police,0.714146,51.537250,On or near Pitmans Close,E01015852,Southend-on-Sea 015B,Shoplifting,Offender sent to prison,
ee2e61326ab53e2356f7e0160c99d6db4faaf6a06358a344b12bb93181654732,2014-08,Essex Police,Essex Police,0.715320,51.534677,On or near Shopping Area,E01015852,Southend-on-Sea 015B,Shoplifting,Under investigation,
ae713a2014f70bb36cae12c2cb2b8297f0f066ab438cca774c333624e3f8dccc,2014-08,Essex Police,Essex Police,0.714143,51.536234,On or near Shopping Area,E01015852,Southend-on-Sea 015B,Shoplifting,Investigation complete; no suspect identified,
5be94ef8c6eb483b5d3eb45790f3fad70e87f9a7662aed35fd9b01915d30cae5,2014-08,Essex Police,Essex Police,0.714143,51.536234,On or near Shopping Area,E01015852,Southend-on-Sea 015B,Shoplifting,Offender given penalty notice,
2710ac652bee0d2652d42772bd9a4809f99b580ada9908bcec2c98059185c493,2014-08,Essex Police,Essex Police,0.714143,51.536234,On or near Shopping Area,E01015852,Southend-on-Sea 015B,Shoplifting,Under investigation,
758796b5303281d960473a6c2343dc3c68137f614d6355a7e6cc743bd6768627,2014-08,Essex Police,Essex Police,0.714146,51.537250,On or near Pitmans Close,E01015852,Southend-on-Sea 015B,Shoplifting,Offender given suspended prison sentence,
2b961899e5cdf91c052854e046c1a7da863b33a6f213acf6aa0baa8dbde28223,2014-08,Essex Police,Essex Police,0.715320,51.534677,On or near Shopping Area,E01015852,Southend-on-Sea 015B,Shoplifting,Under investigation,
df7e79c1a2439aa65cb296a168742c7ac0c6f43f1a0300f04f604d31db23e121,2014-08,Essex Police,Essex Police,0.713596,51.539394,On or near Nightclub,E01015852,Southend-on-Sea 015B,Shoplifting,Under investigation,
796049a13b7c2e956b2e214df8e45d31001d317ef3de19b6f5f01a9644adec55,2014-08,Essex Police,Essex Police,0.714143,51.536234,On or near Shopping Area,E01015852,Southend-on-Sea 015B,Theft from the person,Under investigation,
ce5e18b50b8f595088660c85604084f9292b4892a9f1d1e67cc40368a05dd852,2014-08,Essex Police,Essex Police,0.715320,51.534677,On or near Shopping Area,E01015852,Southend-on-Sea 015B,Theft from the person,Investigation complete; no suspect identified,
d69ecec1c7f71d17c90b10718b87e3533d04b399d8ea64179cd287419d987efb,2014-08,Essex Police,Essex Police,0.712855,51.537855,On or near Nightclub,E01015852,Southend-on-Sea 015B,Theft from the person,Under investigation,
9687fe7fe2c0a448ea50ba838ad4572150f8ac7bc753b1b3fcf6c22361de6591,2014-08,Essex Police,Essex Police,0.715773,51.533579,On or near Pier Hill,E01015852,Southend-on-Sea 015B,Theft from the person,Under investigation,
9b7f05a7f77d01e27baef7e3379fa74ee42dc1c2dae403121d92230244dcd056,2014-08,Essex Police,Essex Police,0.713438,51.535279,On or near Alexandra Street,E01015852,Southend-on-Sea 015B,Theft from the person,Investigation complete; no suspect identified,
66f3ee8053dd9030a6c1fc645ea702bc82101b0f0dc1b71d873f54be3a0f0f5a,2014-08,Essex Police,Essex Police,0.713596,51.539394,On or near Nightclub,E01015852,Southend-on-Sea 015B,Theft from the person,Investigation complete; no suspect identified,
b069baf57de543e5960ea10ccbd2231c718c7bbe3236a67d5ba1efc30760fa7b,2014-08,Essex Police,Essex Police,0.715061,51.539531,On or near Warrior Square North,E01015852,Southend-on-Sea 015B,Theft from the person,Investigation complete; no suspect identified,
67a55a7113fd4b15f687f9d12fff452c7e20deea1a7004ddc6a3d5a1b01840ea,2014-08,Essex Police,Essex Police,0.715773,51.533579,On or near Pier Hill,E01015852,Southend-on-Sea 015B,Theft from the person,Unable to prosecute suspect,
07da9b89ba94c58f1382dd2d61da780dad87f8048d6755cd0b1a5a2c5211d217,2014-08,Essex Police,Essex Police,0.715499,51.535743,On or near Bus/Coach Station,E01015852,Southend-on-Sea 015B,Theft from the person,Under investigation,
939e6da633238969541608a846f980014046e98ed76458465126cd205f50e772,2014-08,Essex Police,Essex Police,0.715773,51.533579,On or near Pier Hill,E01015852,Southend-on-Sea 015B,Theft from the person,Investigation complete; no suspect identified,
a7a8132ad3f2853c4df094a41eacedb667d24b8ffb4940a360622b30f2ec1fb7,2014-08,Essex Police,Essex Police,0.712855,51.537855,On or near Nightclub,E01015852,Southend-on-Sea 015B,Theft from the person,Investigation complete; no suspect identified,
d2428cc26ed8582be3369f0f1903d0284b90fac98167d6c4f68452d7756d3ecf,2014-08,Essex Police,Essex Police,0.717736,51.534325,On or near Herbert Grove,E01015852,Southend-on-Sea 015B,Theft from the person,Investigation complete; no suspect identified,
d063f682725da39fe4954ebb5448598859ca63b0082747b4fdaebfc9b96e6471,2014-08,Essex Police,Essex Police,0.715211,51.536721,On or near Parking Area,E01015852,Southend-on-Sea 015B,Vehicle crime,Investigation complete; no suspect identified,
f764d416f668e4b4c6f33f679778a9ed30ebea574b0031d5c93310c1078f5434,2014-08,Essex Police,Essex Police,0.715773,51.533579,On or near Pier Hill,E01015852,Southend-on-Sea 015B,Vehicle crime,Offender given a caution,
e8dcb574f4bd56dfbc4385da270d8e331a02212e543c62f3faf94a6cb413f665,2014-08,Essex Police,Essex Police,0.715773,51.533579,On or near Pier Hill,E01015852,Southend-on-Sea 015B,Vehicle crime,Awaiting court outcome,
bff65635d80edc4ddab4528b7e09e39f483e0ca8dce95702d69c9d96eb2191e7,2014-08,Essex Police,Essex Police,0.716257,51.540241,On or near Southchurch Road,E01015852,Southend-on-Sea 015B,Vehicle crime,Investigation complete; no suspect identified,
600cda08697c11ae272db578e3a7bf7e711d9015da331260e151a5bffa2d8676,2014-08,Essex Police,Essex Police,0.715061,51.539531,On or near Warrior Square North,E01015852,Southend-on-Sea 015B,Vehicle crime,Investigation complete; no suspect identified,
309ce6e7de8219dc2442a4146b11059255cacb1b31840ba4b1df2d444f4b84bf,2014-08,Essex Police,Essex Police,0.716192,51.535521,On or near Heygate Avenue,E01015852,Southend-on-Sea 015B,Violence and sexual offences,Under investigation,
b541ef18ff1e01f1f39f0322cc06f9feaf17cd7203e0753f4350d6eedf597f76,2014-08,Essex Police,Essex Police,0.712855,51.537855,On or near Nightclub,E01015852,Southend-on-Sea 015B,Violence and sexual offences,Unable to prosecute suspect,
4fc3a5be6bae5e1bf2d4b21fb01de0a5eb491354e337ad60e19925ba274a0536,2014-08,Essex Police,Essex Police,0.713596,51.539394,On or near Nightclub,E01015852,Southend-on-Sea 015B,Violence and sexual offences,Unable to prosecute suspect,
184dbdb474236de7bc793e64a46936e47760b78d7be19210fab6cf6a1e75ba66,2014-08,Essex Police,Essex Police,0.715320,51.534677,On or near Shopping Area,E01015852,Southend-on-Sea 015B,Violence and sexual offences,Unable to prosecute suspect,
67672e97d79f6a298a730daa274dbd9305a4c7fd539a4cbbc9b6c10cc49e6eb4,2014-08,Essex Police,Essex Police,0.709427,51.537916,On or near Gordon Place,E01015852,Southend-on-Sea 015B,Violence and sexual offences,Awaiting court outcome,
d3ec5f9b0fde3b1e291398066f1cebafc769f5192e5a6c5debd2eb355aba7dc5,2014-08,Essex Police,Essex Police,0.712789,51.535770,On or near Clarence Street,E01015852,Southend-on-Sea 015B,Violence and sexual offences,Unable to prosecute suspect,
0fffc83e4a23c2d28c70b529883a7bc32caf3ead52383f42277665fd54263823,2014-08,Essex Police,Essex Police,0.712855,51.537855,On or near Nightclub,E01015852,Southend-on-Sea 015B,Violence and sexual offences,Unable to prosecute suspect,
a3deaf6ca9eaf33fd2ce9e1b086ea98228e0260b5f4c992d90ed4d5e92906570,2014-08,Essex Police,Essex Police,0.712013,51.538486,On or near Nightclub,E01015852,Southend-on-Sea 015B,Violence and sexual offences,Investigation complete; no suspect identified,
9da80b82da4d241ec29ddb721120264130b680fba72b472d06bd05524faa0621,2014-08,Essex Police,Essex Police,0.712855,51.537855,On or near Nightclub,E01015852,Southend-on-Sea 015B,Violence and sexual offences,Unable to prosecute suspect,
72e303242cc875ffab1e8a1f4cf1cf43676962e10a5c2087d058fd7842337986,2014-08,Essex Police,Essex Police,0.717736,51.534325,On or near Herbert Grove,E01015852,Southend-on-Sea 015B,Violence and sexual offences,Under investigation,
dfb35286000793df1da8bb248e5b2d80b18c8c8b78940e01427155c9c902ef24,2014-08,Essex Police,Essex Police,0.713596,51.539394,On or near Nightclub,E01015852,Southend-on-Sea 015B,Violence and sexual offences,Awaiting court outcome,
7c72655a2fa008aa401c59fbf44a300d3122a13d70a10757d4b6852e71303861,2014-08,Essex Police,Essex Police,0.712855,51.537855,On or near Nightclub,E01015852,Southend-on-Sea 015B,Violence and sexual offences,Unable to prosecute suspect,
316b41dbe1529fad9e19c1a5e8cdfccbea074cbdee6e39b0804ca1ec5ba295d3,2014-08,Essex Police,Essex Police,0.711662,51.536219,On or near Nightclub,E01015852,Southend-on-Sea 015B,Violence and sexual offences,Investigation complete; no suspect identified,
2ed842d3a0a4f105f4ff9631fa7470319c8f3832486272c33aa1003dff3b2add,2014-08,Essex Police,Essex Police,0.717404,51.535043,On or near Chancellor Road,E01015852,Southend-on-Sea 015B,Violence and sexual offences,Under investigation,
061a1f3eecdba362515562dc9202c8d6bf9e938b3f9845022d05d0fb5bcc92ea,2014-08,Essex Police,Essex Police,0.716257,51.540241,On or near Southchurch Road,E01015852,Southend-on-Sea 015B,Violence and sexual offences,Unable to prosecute suspect,
9d86100a9d7bd58aaaadb27effa2e6f2727e2b6a8a6a9c3651019cdf96d99c36,2014-08,Essex Police,Essex Police,0.716257,51.540241,On or near Southchurch Road,E01015852,Southend-on-Sea 015B,Violence and sexual offences,Investigation complete; no suspect identified,
3d8865fa7bf991ec4a62cdc5f227f0188c806b669bd0566929b8526aa1662ad5,2014-08,Essex Police,Essex Police,0.717736,51.534325,On or near Herbert Grove,E01015852,Southend-on-Sea 015B,Violence and sexual offences,Awaiting court outcome,
994f3d2938a85346f460d559c67a2c1d327ad899bc0a021a51dd5fe9acead0f4,2014-08,Essex Police,Essex Police,0.712471,51.535517,On or near Theatre/Concert Hall,E01015852,Southend-on-Sea 015B,Violence and sexual offences,Unable to prosecute suspect,
db636c049ab28f28af1e6f09e5e0220f5306c836f01c6a065cf4b4ace98e565c,2014-08,Essex Police,Essex Police,0.715320,51.534677,On or near Shopping Area,E01015852,Southend-on-Sea 015B,Violence and sexual offences,Unable to prosecute suspect,
ea8a01277a034301f05d58e2f6d3033d9b72833a40d4c497a6d2531411a45ee5,2014-08,Essex Police,Essex Police,0.709427,51.537916,On or near Gordon Place,E01015852,Southend-on-Sea 015B,Violence and sexual offences,Under investigation,
d045fc27b3e30fed4bc8efcb0863b90bdc6ce8977a3a9e1c64f40d2b5887b965,2014-08,Essex Police,Essex Police,0.715320,51.534677,On or near Shopping Area,E01015852,Southend-on-Sea 015B,Violence and sexual offences,Unable to prosecute suspect,
5992a0a574a961d50f65103873e6896f61cc21254cea813e08e350e314d712eb,2014-08,Essex Police,Essex Police,0.714390,51.538674,On or near Parking Area,E01015852,Southend-on-Sea 015B,Violence and sexual offences,Under investigation,
0ed4bfdcd703657e64929b81c14191a292bac2fa7f2880ead6565045e87caa31,2014-08,Essex Police,Essex Police,0.712471,51.535517,On or near Theatre/Concert Hall,E01015852,Southend-on-Sea 015B,Violence and sexual offences,Unable to prosecute suspect,
2091e3815c10a9dd186f239d91bf041a1c8c9ca88b72f787274d83dbbee2527d,2014-08,Essex Police,Essex Police,0.712855,51.537855,On or near Nightclub,E01015852,Southend-on-Sea 015B,Violence and sexual offences,Under investigation,
1007e8df09b20fdc60c6d7a0b112ef8add62fdef8054bceb301a760c7da9980c,2014-08,Essex Police,Essex Police,0.717736,51.534325,On or near Herbert Grove,E01015852,Southend-on-Sea 015B,Violence and sexual offences,Under investigation,
472945234c3f931d123912679765bf216387ba7a226589799e3ad7d1fcfba57d,2014-08,Essex Police,Essex Police,0.712855,51.537855,On or near Nightclub,E01015852,Southend-on-Sea 015B,Violence and sexual offences,Under investigation,
28fd20ccf1365f3f794a611a41d9d06cf71cf190c6e6d68cde8db3e72ea2c952,2014-08,Essex Police,Essex Police,0.712855,51.537855,On or near Nightclub,E01015852,Southend-on-Sea 015B,Violence and sexual offences,Awaiting court outcome,
368e75157533cc2c46c5b83224887069edd43a6da7ebb95d1255cbe2cb2cb9d8,2014-08,Essex Police,Essex Police,0.715773,51.533579,On or near Pier Hill,E01015852,Southend-on-Sea 015B,Other crime,Offender given conditional discharge,
,2014-08,Essex Police,Essex Police,0.704330,51.536118,On or near Cambridge Road,E01015853,Southend-on-Sea 015C,Anti-social behaviour,,
,2014-08,Essex Police,Essex Police,0.696499,51.535381,On or near San Remo Parade,E01015853,Southend-on-Sea 015C,Anti-social behaviour,,
,2014-08,Essex Police,Essex Police,0.701377,51.536897,On or near St Vincent'S Road,E01015853,Southend-on-Sea 015C,Anti-social behaviour,,
,2014-08,Essex Police,Essex Police,0.701179,51.535508,On or near Tower Court Mews,E01015853,Southend-on-Sea 015C,Anti-social behaviour,,
,2014-08,Essex Police,Essex Police,0.696499,51.535381,On or near San Remo Parade,E01015853,Southend-on-Sea 015C,Anti-social behaviour,,
,2014-08,Essex Police,Essex Police,0.708633,51.534760,On or near Prittlewell Square,E01015853,Southend-on-Sea 015C,Anti-social behaviour,,
,2014-08,Essex Police,Essex Police,0.706956,51.534439,On or near Clifftown Parade,E01015853,Southend-on-Sea 015C,Anti-social behaviour,,
,2014-08,Essex Police,Essex Police,0.704330,51.536118,On or near Cambridge Road,E01015853,Southend-on-Sea 015C,Anti-social behaviour,,
2dbe7234800f68afe419469c0994dda5b85bbd19f69da1b20f92d6669511687a,2014-08,Essex Police,Essex Police,0.709052,51.535488,On or near Cashiobury Terrace,E01015853,Southend-on-Sea 015C,Bicycle theft,Investigation complete; no suspect identified,
3248896bf70f6444b443553dc38c0c6edd7928ac2fffce10362d607a3250154e,2014-08,Essex Police,Essex Police,0.697892,51.536986,On or near Hadleigh Road,E01015853,Southend-on-Sea 015C,Burglary,Investigation complete; no suspect identified,
66309e36f6292a742c474734ed7af360b64b2557286a2e7cba589bb7d120315e,2014-08,Essex Police,Essex Police,0.704330,51.536118,On or near Cambridge Road,E01015853,Southend-on-Sea 015C,Burglary,Under investigation,
53d4dad3f02f64365c40f407b1dda1d81f98e75a25d3a6dea12c6b133f6d01af,2014-08,Essex Police,Essex Police,0.699414,51.535665,On or near Trinity Avenue,E01015853,Southend-on-Sea 015C,Burglary,Under investigation,
5fbce18dcf0c8e4267ba6d9b8ff69fbdfec3684365c084bbc1ce3913affd6d47,2014-08,Essex Police,Essex Police,0.703753,51.535385,On or near Wilson Road,E01015853,Southend-on-Sea 015C,Criminal damage and arson,Investigation complete; no suspect identified,
f1a80c68eca5ee5d3841896b18e8275636116be5fee22074c9207930b30df6c4,2014-08,Essex Police,Essex Police,0.700486,51.535497,On or near Marine Avenue,E01015853,Southend-on-Sea 015C,Criminal damage and arson,Under investigation,
4a8c5e4a3ddd9e435bb733b51fdffeec14ffb16e61803aa5e718a9c95c23078d,2014-08,Essex Police,Essex Police,0.701179,51.535508,On or near Tower Court Mews,E01015853,Southend-on-Sea 015C,Drugs,Offender given penalty notice,
9f4dcfd3372d4aa95766c63878fb7dc7074d163e3484df985fb19cc25791acf7,2014-08,Essex Police,Essex Police,0.701179,51.535508,On or near Tower Court Mews,E01015853,Southend-on-Sea 015C,Drugs,Offender given a drugs possession warning,
ff5e6702982acd393bffe990a49802d4a85abc2af39da626edceae70b1948e72,2014-08,Essex Police,Essex Police,0.701179,51.535508,On or near Tower Court Mews,E01015853,Southend-on-Sea 015C,Drugs,Offender given a drugs possession warning,
c74bb8f7ef8cb20e2748fab6cfff72797594a8f1e9b0a1ff3fba7b740bee616c,2014-08,Essex Police,Essex Police,0.700892,51.534795,On or near Westcliff Parade,E01015853,Southend-on-Sea 015C,Other theft,Under investigation,
339e0f037ad1663e9083c778f3584e2ea1c7c0340e129e1f5b2cf6ab7cd53764,2014-08,Essex Police,Essex Police,0.699414,51.535665,On or near Trinity Avenue,E01015853,Southend-on-Sea 015C,Other theft,Investigation complete; no suspect identified,
f9511fa536a22146f15eee0f9c7d17e11801fb7f4360d09f1c29c33763216619,2014-08,Essex Police,Essex Police,0.700486,51.535497,On or near Marine Avenue,E01015853,Southend-on-Sea 015C,Other theft,Investigation complete; no suspect identified,
13ae1148e61787e41b164d17d3ca7f0e18adad9d1757ae535872ddc94b69dafc,2014-08,Essex Police,Essex Police,0.697881,51.536078,On or near Winton Avenue,E01015853,Southend-on-Sea 015C,Public order,Unable to prosecute suspect,
e69862ccc7d562e482c93c039725308df98e322f245a54e0c50824e3846a4628,2014-08,Essex Police,Essex Police,0.696499,51.535381,On or near San Remo Parade,E01015853,Southend-on-Sea 015C,Robbery,Under investigation,
cecdc2ffdcbfacc6b4d188a4863b8e3448de547c097de311341b705ae699a980,2014-08,Essex Police,Essex Police,0.704330,51.536118,On or near Cambridge Road,E01015853,Southend-on-Sea 015C,Vehicle crime,Investigation complete; no suspect identified,
c0ee965d1098523291b41be467650e64c3c8515ee2f7d655efeb50b25c4088fe,2014-08,Essex Police,Essex Police,0.700486,51.535497,On or near Marine Avenue,E01015853,Southend-on-Sea 015C,Violence and sexual offences,Under investigation,
db21b08dfee0dde2704d6522984c29f3d93566f783cb51885c71dc27da3fac57,2014-08,Essex Police,Essex Police,0.700486,51.535497,On or near Marine Avenue,E01015853,Southend-on-Sea 015C,Violence and sexual offences,Under investigation,
ad1d00ac4fc337de81bdf52228579472b909fc30e098b0e835eddd8f78703844,2014-08,Essex Police,Essex Police,0.704330,51.536118,On or near Cambridge Road,E01015853,Southend-on-Sea 015C,Violence and sexual offences,Under investigation,
,2014-08,Essex Police,Essex Police,0.706687,51.540354,On or near London Road,E01015854,Southend-on-Sea 015D,Anti-social behaviour,,
,2014-08,Essex Police,Essex Police,0.708233,51.539185,On or near Queens Road,E01015854,Southend-on-Sea 015D,Anti-social behaviour,,
,2014-08,Essex Police,Essex Police,0.709726,51.539807,On or near College Way,E01015854,Southend-on-Sea 015D,Anti-social behaviour,,
,2014-08,Essex Police,Essex Police,0.706656,51.536910,On or near Hamlet Road,E01015854,Southend-on-Sea 015D,Anti-social behaviour,,
,2014-08,Essex Police,Essex Police,0.710563,51.538844,On or near Elmer Avenue,E01015854,Southend-on-Sea 015D,Anti-social behaviour,,
,2014-08,Essex Police,Essex Police,0.708233,51.539185,On or near Queens Road,E01015854,Southend-on-Sea 015D,Anti-social behaviour,,
,2014-08,Essex Police,Essex Police,0.705487,51.538601,On or near Park Street,E01015854,Southend-on-Sea 015D,Anti-social behaviour,,
d630d0064614923f825c7a3b2c1e39b106b708077391447e013ab671a95decd5,2014-08,Essex Police,Essex Police,0.710563,51.538844,On or near Elmer Avenue,E01015854,Southend-on-Sea 015D,Bicycle theft,Investigation complete; no suspect identified,
cf491a870f71728b6182b9acf2b8e4c13f3b35e73b6e52aa0e45c0161c22b9e9,2014-08,Essex Police,Essex Police,0.710563,51.538844,On or near Elmer Avenue,E01015854,Southend-on-Sea 015D,Bicycle theft,Investigation complete; no suspect identified,
2a72c04dd8cad91bbed40fbf3e494ef55fcbbcd547ece3179115f41c727e3187,2014-08,Essex Police,Essex Police,0.711024,51.538338,On or near Parking Area,E01015854,Southend-on-Sea 015D,Bicycle theft,Investigation complete; no suspect identified,
57c5ce699277a0c5d9168ce274275b137ad7977c31005b7fa8a0e755bda778e8,2014-08,Essex Police,Essex Police,0.705487,51.538601,On or near Park Street,E01015854,Southend-on-Sea 015D,Burglary,Under investigation,
b63b1baa4c687ef92b585fe45b779cdb5ca1d0852caaf91ef8a970a59269f64f,2014-08,Essex Police,Essex Police,0.709726,51.539807,On or near College Way,E01015854,Southend-on-Sea 015D,Burglary,Under investigation,
e9a989dc03be51e7e589b29254943d6e2d153df22f1d7709e0b208f249b82f06,2014-08,Essex Police,Essex Police,0.705487,51.538601,On or near Park Street,E01015854,Southend-on-Sea 015D,Criminal damage and arson,Investigation complete; no suspect identified,
6eb78b24ec359908ba586a5caf37cb3f825501b51a6f1494daaaeb4ff208d58a,2014-08,Essex Police,Essex Police,0.706687,51.540354,On or near London Road,E01015854,Southend-on-Sea 015D,Criminal damage and arson,Investigation complete; no suspect identified,
3cc12d398da593c99e49b27d4e8aec28907a7f65be8691c4585b424ed5aa9b9a,2014-08,Essex Police,Essex Police,0.707672,51.538721,On or near Ashburnham Road,E01015854,Southend-on-Sea 015D,Other theft,Under investigation,
f738449f29ae5fbb8be4ddb22674c44b06d67716a59acf80a4a1a35fad9c2593,2014-08,Essex Police,Essex Police,0.709726,51.539807,On or near College Way,E01015854,Southend-on-Sea 015D,Other theft,Under investigation,
49133528f88b77ce02e357c5a7c2f3ab300b863749caa6fe4be6815292936626,2014-08,Essex Police,Essex Police,0.708233,51.539185,On or near Queens Road,E01015854,Southend-on-Sea 015D,Public order,Offender sent to prison,
f9d4fbbae4707a1cb1d949ce4801fc2f4d6e8bedc676008c0009d74710d4b0f3,2014-08,Essex Police,Essex Police,0.711264,51.538980,On or near Parking Area,E01015854,Southend-on-Sea 015D,Public order,Unable to prosecute suspect,
5755c6732adf0fdb511838dc5fa2470d1ad9223156679a1e5ec632c5b8be5aa3,2014-08,Essex Police,Essex Police,0.709557,51.538651,On or near Napier Avenue,E01015854,Southend-on-Sea 015D,Violence and sexual offences,Under investigation,
33b526bccb7e4bf96db9038bbb57dc6d589e4013cd0f384a8374dab0b7aed3e6,2014-08,Essex Police,Essex Police,0.709726,51.539807,On or near College Way,E01015854,Southend-on-Sea 015D,Violence and sexual offences,Offender given a caution,
ddc66af05efcf675493acb16dd3794b9aac9dd41e88814d36cea154b15851329,2014-08,Essex Police,Essex Police,0.709557,51.538651,On or near Napier Avenue,E01015854,Southend-on-Sea 015D,Violence and sexual offences,Unable to prosecute suspect,
b91fd072a7f4a5900e2aecbadad5bf4d25c347e50d5fe0549eabf8e720309103,2014-08,Essex Police,Essex Police,0.708233,51.539185,On or near Queens Road,E01015854,Southend-on-Sea 015D,Violence and sexual offences,Awaiting court outcome,
ad21507b2a9cc6dd5f2a5da1cc42491f6a632d712e321322f0b17b3f7f3db64a,2014-08,Essex Police,Essex Police,0.707672,51.538721,On or near Ashburnham Road,E01015854,Southend-on-Sea 015D,Violence and sexual offences,Awaiting court outcome,
7c4b92a6fc238ae5ee45247881d5bbe668f2118140b426968bc87a601ff0db6c,2014-08,Essex Police,Essex Police,0.708233,51.539185,On or near Queens Road,E01015854,Southend-on-Sea 015D,Violence and sexual offences,Awaiting court outcome,
95f84e0e5fd0c9a66d2a7c5734b3d491d9ef60610a823d44c19107e0592667c7,2014-08,Essex Police,Essex Police,0.708485,51.539062,On or near Gordon Road,E01015854,Southend-on-Sea 015D,Violence and sexual offences,Under investigation,
,2014-08,Essex Police,Essex Police,0.695119,51.541061,On or near Supermarket,E01015855,Southend-on-Sea 015E,Anti-social behaviour,,
,2014-08,Essex Police,Essex Police,0.694077,51.540276,On or near Supermarket,E01015855,Southend-on-Sea 015E,Anti-social behaviour,,
,2014-08,Essex Police,Essex Police,0.693976,51.539541,On or near Hamlet Court Road,E01015855,Southend-on-Sea 015E,Anti-social behaviour,,
,2014-08,Essex Police,Essex Police,0.693303,51.540842,On or near Anerley Road,E01015855,Southend-on-Sea 015E,Anti-social behaviour,,
,2014-08,Essex Police,Essex Police,0.693303,51.540842,On or near Anerley Road,E01015855,Southend-on-Sea 015E,Anti-social behaviour,,
,2014-08,Essex Police,Essex Police,0.691824,51.538996,On or near Ditton Court Road,E01015855,Southend-on-Sea 015E,Anti-social behaviour,,
,2014-08,Essex Police,Essex Police,0.693428,51.541990,On or near Argyll Road,E01015855,Southend-on-Sea 015E,Anti-social behaviour,,
,2014-08,Essex Police,Essex Police,0.693303,51.540842,On or near Anerley Road,E01015855,Southend-on-Sea 015E,Anti-social behaviour,,
,2014-08,Essex Police,Essex Police,0.695119,51.541061,On or near Supermarket,E01015855,Southend-on-Sea 015E,Anti-social behaviour,,
,2014-08,Essex Police,Essex Police,0.691824,51.538996,On or near Ditton Court Road,E01015855,Southend-on-Sea 015E,Anti-social behaviour,,
,2014-08,Essex Police,Essex Police,0.693303,51.540842,On or near Anerley Road,E01015855,Southend-on-Sea 015E,Anti-social behaviour,,
,2014-08,Essex Police,Essex Police,0.693303,51.540842,On or near Anerley Road,E01015855,Southend-on-Sea 015E,Anti-social behaviour,,
,2014-08,Essex Police,Essex Police,0.700400,51.539887,On or near Nightclub,E01015855,Southend-on-Sea 015E,Anti-social behaviour,,
2b1fec8c07c3dfc5940afca2ed819cc1ceb581ac99d34723b7ab7ba8c1578111,2014-08,Essex Police,Essex Police,0.693976,51.539541,On or near Hamlet Court Road,E01015855,Southend-on-Sea 015E,Bicycle theft,Investigation complete; no suspect identified,
f47ada7703d51fb4a8feac1e90d55cad6773ff6a2ce0d64ab65a78d3ff31bc2f,2014-08,Essex Police,Essex Police,0.694605,51.538465,On or near Preston Road,E01015855,Southend-on-Sea 015E,Criminal damage and arson,Awaiting court outcome,
699bfb148eccc25c78fa469200261571cb83e9e5295e8e65b616d6e4e5757fc2,2014-08,Essex Police,Essex Police,0.694982,51.538267,On or near Canewdon Road,E01015855,Southend-on-Sea 015E,Criminal damage and arson,Investigation complete; no suspect identified,
1f5d8a2ab29fc19830ec2b2e49e020a80cf17b3d471921dbe6e786719c2e2742,2014-08,Essex Police,Essex Police,0.693428,51.541990,On or near Argyll Road,E01015855,Southend-on-Sea 015E,Criminal damage and arson,Under investigation,
f70834fdf3cea24cab06deb3785dcd741b619249f212da19855ee1a460ff0dcd,2014-08,Essex Police,Essex Police,0.697983,51.540483,On or near Burdett Avenue,E01015855,Southend-on-Sea 015E,Drugs,Under investigation,
d10f375abad011e4adaffa2813a9b103e17e8c7089f4d7a19372c283ca12e8b7,2014-08,Essex Police,Essex Police,0.695119,51.541061,On or near Supermarket,E01015855,Southend-on-Sea 015E,Public order,Under investigation,
b8c499f4bfb90cb137306ebca72d3d6553918c1cca453ad79197dd5408118f7d,2014-08,Essex Police,Essex Police,0.694605,51.538465,On or near Preston Road,E01015855,Southend-on-Sea 015E,Shoplifting,Under investigation,
82eb6da59667a76e167192577f0a8b6e91a3460cd3a60278b82f52f475cf10bb,2014-08,Essex Police,Essex Police,0.700400,51.539887,On or near Nightclub,E01015855,Southend-on-Sea 015E,Shoplifting,Local resolution,
58e26544c77a4aa528d85319bf0cda3ff8ab8b058508137b1caf5ef7addaf761,2014-08,Essex Police,Essex Police,0.698801,51.540896,On or near London Road,E01015855,Southend-on-Sea 015E,Shoplifting,Under investigation,
ce769d50d7ecd4d59abb4309a2e5a0beec1a66301d46562b10a8bbf8407d07cd,2014-08,Essex Police,Essex Police,0.695119,51.541061,On or near Supermarket,E01015855,Southend-on-Sea 015E,Vehicle crime,Under investigation,
c38773d3fbc90f410f88415a37c8f59bc672464c36b5ac5bca010207c0514eb3,2014-08,Essex Police,Essex Police,0.694619,51.541630,On or near Ceylon Road,E01015855,Southend-on-Sea 015E,Violence and sexual offences,Under investigation,
,2014-08,Essex Police,Essex Police,0.701065,51.539917,On or near North Road,E01015856,Southend-on-Sea 015F,Anti-social behaviour,,
,2014-08,Essex Police,Essex Police,0.697430,51.538436,On or near Hermitage Road,E01015856,Southend-on-Sea 015F,Anti-social behaviour,,
,2014-08,Essex Police,Essex Police,0.705188,51.537448,On or near Park Lane,E01015856,Southend-on-Sea 015F,Anti-social behaviour,,
,2014-08,Essex Police,Essex Police,0.700356,51.538414,On or near Milton Road,E01015856,Southend-on-Sea 015F,Anti-social behaviour,,
,2014-08,Essex Police,Essex Police,0.702321,51.537982,On or near Avenue Road,E01015856,Southend-on-Sea 015F,Anti-social behaviour,,
,2014-08,Essex Police,Essex Police,0.700356,51.538414,On or near Milton Road,E01015856,Southend-on-Sea 015F,Anti-social behaviour,,
,2014-08,Essex Police,Essex Police,0.697357,51.539166,On or near St Helen'S Road,E01015856,Southend-on-Sea 015F,Anti-social behaviour,,
,2014-08,Essex Police,Essex Police,0.700356,51.538414,On or near Milton Road,E01015856,Southend-on-Sea 015F,Anti-social behaviour,,
,2014-08,Essex Police,Essex Police,0.700356,51.538414,On or near Milton Road,E01015856,Southend-on-Sea 015F,Anti-social behaviour,,
,2014-08,Essex Police,Essex Police,0.700356,51.538414,On or near Milton Road,E01015856,Southend-on-Sea 015F,Anti-social behaviour,,
,2014-08,Essex Police,Essex Police,0.705188,51.537448,On or near Park Lane,E01015856,Southend-on-Sea 015F,Anti-social behaviour,,
27d480d46ff2a288ada021f6f1e5fa53f9e3745719e1e01c3a6a8ff9f84f8efb,2014-08,Essex Police,Essex Police,0.701065,51.539917,On or near North Road,E01015856,Southend-on-Sea 015F,Burglary,Investigation complete; no suspect identified,
66def3aa5f13053e3c2e81f110837095f309522642533cd083f2a5a6b0e27e36,2014-08,Essex Police,Essex Police,0.697915,51.539819,On or near St John'S Road,E01015856,Southend-on-Sea 015F,Criminal damage and arson,Investigation complete; no suspect identified,
e234a31d8483fc0245e78b0bd27a14bc452af64ddf857ef04931470acc754a27,2014-08,Essex Police,Essex Police,0.700356,51.538414,On or near Milton Road,E01015856,Southend-on-Sea 015F,Other theft,Investigation complete; no suspect identified,
15d42931e08365c0366ffa3c1ecb3ceaa6ff635929ead384a98665823bb1c28a,2014-08,Essex Police,Essex Police,0.700356,51.538414,On or near Milton Road,E01015856,Southend-on-Sea 015F,Violence and sexual offences,Investigation complete; no suspect identified,
11ea7ce177e72b66bbb06519f43543599ed7eb35050eafcde8827fe720be71f4,2014-08,Essex Police,Essex Police,0.697357,51.539166,On or near St Helen'S Road,E01015856,Southend-on-Sea 015F,Violence and sexual offences,Under investigation,
d4d2ffe18685768a91279d8d922e4da1e8c4fc7bb927d9910e2b20c81da96ccc,2014-08,Essex Police,Essex Police,0.701205,51.537899,On or near Avenue Terrace,E01015856,Southend-on-Sea 015F,Violence and sexual offences,Awaiting court outcome,
6e3179eac7daea852d46d101fc49f9cdfd00a07bb6fbdce774233e54be60d05b,2014-08,Essex Police,Essex Police,0.697357,51.539166,On or near St Helen'S Road,E01015856,Southend-on-Sea 015F,Violence and sexual offences,Under investigation,
,2014-08,Essex Police,Essex Police,0.752677,51.530254,On or near Gloucester Terrace,E01015889,Southend-on-Sea 016A,Anti-social behaviour,,
,2014-08,Essex Police,Essex Police,0.747579,51.532280,On or near Colbert Avenue,E01015889,Southend-on-Sea 016A,Anti-social behaviour,,
e5465e68d5573816cbae524e73f5f58b1e57eb4c25a915c1664c32e313f10397,2014-08,Essex Police,Essex Police,0.748067,51.536550,On or near Wyatts Drive,E01015889,Southend-on-Sea 016A,Burglary,Under investigation,
b58b2855c3f9ab9b0805d3b8c2af12cf116f340647bd78e8385a6c772d755c61,2014-08,Essex Police,Essex Police,0.747654,51.531127,On or near Clieveden Road,E01015889,Southend-on-Sea 016A,Other theft,Investigation complete; no suspect identified,
628449bb060c55f4a86bb43343b4db49ef3dfccfc49b41881ad44b61ea3ffb82,2014-08,Essex Police,Essex Police,0.750294,51.530678,On or near Lynton Road,E01015889,Southend-on-Sea 016A,Vehicle crime,Investigation complete; no suspect identified,
1f34e40f6538364a38c9e9c5225ac098ce6cf762fea94780c9e0edd9ce2efc90,2014-08,Essex Police,Essex Police,0.748966,51.530898,On or near Walton Road,E01015889,Southend-on-Sea 016A,Vehicle crime,Investigation complete; no suspect identified,
,2014-08,Essex Police,Essex Police,0.749765,51.537688,On or near Thurlow Drive,E01015890,Southend-on-Sea 016B,Anti-social behaviour,,
,2014-08,Essex Police,Essex Police,0.758744,51.536641,On or near Elm Grove,E01015890,Southend-on-Sea 016B,Anti-social behaviour,,
,2014-08,Essex Police,Essex Police,0.761816,51.536874,On or near Parking Area,E01015890,Southend-on-Sea 016B,Anti-social behaviour,,
a6bb70fb7c31eb3059376bf36c98d362a27a272ddc298c21134a67478ade313f,2014-08,Essex Police,Essex Police,0.758744,51.536641,On or near Elm Grove,E01015890,Southend-on-Sea 016B,Bicycle theft,Investigation complete; no suspect identified,
a13d3da9b34d5c14f9f46714a715438cb6eb7b26809a83dd907c129dd91f3d19,2014-08,Essex Police,Essex Police,0.759195,51.537421,On or near Acacia Drive,E01015890,Southend-on-Sea 016B,Burglary,Under investigation,
c21ac309fe3607defb5f6e12103b5b9c139acc41692d5a1c54430e9d8fe5031c,2014-08,Essex Police,Essex Police,0.761926,51.535118,On or near Fermoy Road,E01015890,Southend-on-Sea 016B,Burglary,Under investigation,
9552b6ff13cb28f42cf145bf21db82589e5913bfccb9610920ab5ac5ba40ddc7,2014-08,Essex Police,Essex Police,0.749765,51.537688,On or near Thurlow Drive,E01015890,Southend-on-Sea 016B,Vehicle crime,Investigation complete; no suspect identified,
cfa93e40af8dfbed87a0eca58360d8fd59931065bb1ab579eb98c398db1cb988,2014-08,Essex Police,Essex Police,0.760659,51.533016,On or near Parkanaur Avenue,E01015890,Southend-on-Sea 016B,Vehicle crime,Investigation complete; no suspect identified,
1be47fb5e5a8f4e806523422e1505e685a195d93fa2128e0c99260ac92c7ce2b,2014-08,Essex Police,Essex Police,0.761926,51.535118,On or near Fermoy Road,E01015890,Southend-on-Sea 016B,Violence and sexual offences,Awaiting court outcome,
f285d93678e28c14cd81c9a8ae94d9a13c97d296b220188fd68e53a24396c82e,2014-08,Essex Police,Essex Police,0.758744,51.536641,On or near Elm Grove,E01015890,Southend-on-Sea 016B,Violence and sexual offences,Unable to prosecute suspect,
5b875f1d1bde4eef97f9abb5507d571224ed07fe73d188cfcc8393cc0b2ca2d6,2014-08,Essex Police,Essex Police,0.761816,51.536874,On or near Parking Area,E01015890,Southend-on-Sea 016B,Other crime,Investigation complete; no suspect identified,
,2014-08,Essex Police,Essex Police,0.735133,51.530574,On or near Chester Avenue,E01015891,Southend-on-Sea 016C,Anti-social behaviour,,
,2014-08,Essex Police,Essex Police,0.736110,51.532197,On or near Park/Open Space,E01015891,Southend-on-Sea 016C,Anti-social behaviour,,
,2014-08,Essex Police,Essex Police,0.741143,51.530758,On or near Parking Area,E01015891,Southend-on-Sea 016C,Anti-social behaviour,,
,2014-08,Essex Police,Essex Police,0.735133,51.530574,On or near Chester Avenue,E01015891,Southend-on-Sea 016C,Anti-social behaviour,,
,2014-08,Essex Police,Essex Police,0.736399,51.530518,On or near Chelsea Avenue,E01015891,Southend-on-Sea 016C,Anti-social behaviour,,
,2014-08,Essex Police,Essex Police,0.741143,51.530758,On or near Parking Area,E01015891,Southend-on-Sea 016C,Anti-social behaviour,,
,2014-08,Essex Police,Essex Police,0.736110,51.532197,On or near Park/Open Space,E01015891,Southend-on-Sea 016C,Anti-social behaviour,,
,2014-08,Essex Police,Essex Police,0.733683,51.530689,On or near Camper Road,E01015891,Southend-on-Sea 016C,Anti-social behaviour,,
66aa5ced0fcb03db2a5c6b53a9b4193f04e0590457f88510b42f97302ebd6900,2014-08,Essex Police,Essex Police,0.733683,51.530689,On or near Camper Road,E01015891,Southend-on-Sea 016C,Criminal damage and arson,Offender given conditional discharge,
bf858a5b433f78280e2e4c61a7de7ac9bc49aa32fe0a71ef517ffcce695c1791,2014-08,Essex Police,Essex Police,0.743606,51.530727,On or near Capadocia Street,E01015891,Southend-on-Sea 016C,Criminal damage and arson,Under investigation,
87e896a6f04a3e0d99c2e735184f2b0a5534b8ad189e1cec22e340c0dac0a52d,2014-08,Essex Police,Essex Police,0.743606,51.530727,On or near Capadocia Street,E01015891,Southend-on-Sea 016C,Criminal damage and arson,Offender given a caution,
cea63c8ac78dcb8f866fc63e13b23469e6d318e4ce8c316aa44c79bfa8df1e0e,2014-08,Essex Police,Essex Police,0.735133,51.530574,On or near Chester Avenue,E01015891,Southend-on-Sea 016C,Drugs,Offender given a drugs possession warning,
4c4dd14a3a11daf5b887d37390730772f970567a4e2697a7ac248f4d05eb4f03,2014-08,Essex Police,Essex Police,0.735133,51.530574,On or near Chester Avenue,E01015891,Southend-on-Sea 016C,Drugs,Under investigation,
acece1ad6f3af01624e14e90966f229605f1591ec8fd3a2a9754367e6c57259f,2014-08,Essex Police,Essex Police,0.738645,51.529989,On or near Eastern Esplanade,E01015891,Southend-on-Sea 016C,Other theft,Under investigation,
9bfda5390615552c3248f317b6a9d2814b0d948eab099cac88b22f23cf2f0be5,2014-08,Essex Police,Essex Police,0.735133,51.530574,On or near Chester Avenue,E01015891,Southend-on-Sea 016C,Other theft,Investigation complete; no suspect identified,
025e20ddbdcc95ef0186f997ab4f5783d5b4fb89641a306d58a70b69f30e0aef,2014-08,Essex Police,Essex Police,0.735133,51.530574,On or near Chester Avenue,E01015891,Southend-on-Sea 016C,Public order,Under investigation,
8e70f3bee596e77b1ce178d88fc6e4c61655728ba1c9f1109e24e997559fc322,2014-08,Essex Police,Essex Police,0.743606,51.530727,On or near Capadocia Street,E01015891,Southend-on-Sea 016C,Public order,Under investigation,
f0a8cadea0c2c8f0687fb1c20334b8839c9646f584d5472b92b7e5874af9ea09,2014-08,Essex Police,Essex Police,0.735133,51.530574,On or near Chester Avenue,E01015891,Southend-on-Sea 016C,Other crime,Awaiting court outcome,
6fc3ef5f5e7312e6dba635b96925fc25a04b05d4618b3c796d6002024deb47f8,2014-08,Essex Police,Essex Police,0.736364,51.536185,On or near Marlborough Road,E01015892,Southend-on-Sea 016D,Criminal damage and arson,Unable to prosecute suspect,
e2467e067a0687b64699ac73b45ca9283425fe595134ed6f7941bebe928ddda0,2014-08,Essex Police,Essex Police,0.733725,51.535959,On or near Brunswick Road,E01015892,Southend-on-Sea 016D,Vehicle crime,Investigation complete; no suspect identified,
0848c81bcd55ce9348b8c5ac165061272959b6dfac75fd4c7f3c51be944ec95a,2014-08,Essex Police,Essex Police,0.732548,51.534835,On or near Kensington Road,E01015892,Southend-on-Sea 016D,Vehicle crime,Investigation complete; no suspect identified,
,2014-08,Essex Police,Essex Police,0.766909,51.528363,On or near Burges Close,E01015893,Southend-on-Sea 016E,Anti-social behaviour,,
,2014-08,Essex Police,Essex Police,0.765630,51.532233,On or near Marcus Chase,E01015893,Southend-on-Sea 016E,Anti-social behaviour,,
,2014-08,Essex Police,Essex Police,0.768924,51.536131,On or near Maplin Way North,E01015893,Southend-on-Sea 016E,Anti-social behaviour,,
5761a8c590f0f77981a9ad941d02a525f5ecdee14c1b31acd6a345d7dcbd6c4a,2014-08,Essex Police,Essex Police,0.760013,51.529731,On or near Burges Road,E01015893,Southend-on-Sea 016E,Criminal damage and arson,Investigation complete; no suspect identified,
9d17afdf5f6b3c83ba9b7b2a6ca2878735351f2999e0a1ae4307a46c287f549a,2014-08,Essex Police,Essex Police,0.761186,51.532428,On or near Johnstone Road,E01015893,Southend-on-Sea 016E,Vehicle crime,Investigation complete; no suspect identified,
,2014-08,Essex Police,Essex Police,0.739022,51.536024,On or near Rutland Avenue,E01015894,Southend-on-Sea 016F,Anti-social behaviour,,
,2014-08,Essex Police,Essex Police,0.739022,51.536024,On or near Rutland Avenue,E01015894,Southend-on-Sea 016F,Anti-social behaviour,,
,2014-08,Essex Police,Essex Police,0.739022,51.536024,On or near Rutland Avenue,E01015894,Southend-on-Sea 016F,Anti-social behaviour,,
,2014-08,Essex Police,Essex Police,0.739022,51.536024,On or near Rutland Avenue,E01015894,Southend-on-Sea 016F,Anti-social behaviour,,
fa038c905d3be9a9485fc07f8e3445d99ec9d1f91b046a283e28b92a83b29fb2,2014-08,Essex Police,Essex Police,0.740635,51.534547,On or near Lifstan Way,E01015894,Southend-on-Sea 016F,Vehicle crime,Unable to prosecute suspect,
,2014-08,Essex Police,Essex Police,0.771689,51.538440,On or near Weare Gifford,E01015914,Southend-on-Sea 017A,Anti-social behaviour,,
,2014-08,Essex Police,Essex Police,0.770779,51.539604,On or near Hayes Barton,E01015914,Southend-on-Sea 017A,Anti-social behaviour,,
,2014-08,Essex Police,Essex Police,0.775743,51.540134,On or near Dalwood,E01015914,Southend-on-Sea 017A,Anti-social behaviour,,
4c8be80e18dd4a6b86e1d0e2085f882aa1fd14bc1dd96ccb39f02f585b45e5a7,2014-08,Essex Police,Essex Police,0.770779,51.539604,On or near Hayes Barton,E01015914,Southend-on-Sea 017A,Vehicle crime,Investigation complete; no suspect identified,
bded160ae4a6d769b3d6cf79811b049aa9316b9aec2ae298dac4accd7e60e656,2014-08,Essex Police,Essex Police,0.773080,51.541870,On or near Appledore,E01015914,Southend-on-Sea 017A,Vehicle crime,Investigation complete; no suspect identified,
29cda603ad7ef3bf0b4b417b6e4532705177bae8a2f80b3165a0be0386aba072,2014-08,Essex Police,Essex Police,0.775287,51.542582,On or near Withypool,E01015914,Southend-on-Sea 017A,Vehicle crime,Investigation complete; no suspect identified,
84ffdf221767ca8371ed2f83c4b40c8c9fd024c165095097ac3d18abfe044e16,2014-08,Essex Police,Essex Police,0.771689,51.538440,On or near Weare Gifford,E01015914,Southend-on-Sea 017A,Violence and sexual offences,Offender given a caution,
,2014-08,Essex Police,Essex Police,0.775447,51.536444,On or near Staplegrove,E01015915,Southend-on-Sea 017B,Anti-social behaviour,,
,2014-08,Essex Police,Essex Police,0.779432,51.542439,On or near St Marys Close,E01015915,Southend-on-Sea 017B,Anti-social behaviour,,
c5228b06943ef5cf37962636d166e7e55ba5c9d66340958c8b03c6c9e00c3ed4,2014-08,Essex Police,Essex Police,0.771935,51.537274,On or near Cornworthy,E01015915,Southend-on-Sea 017B,Burglary,Investigation complete; no suspect identified,
ad86d033e44a095e9c404a65251173b5cab3fbfd712f1b575e28438c0991a494,2014-08,Essex Police,Essex Police,0.778501,51.536156,On or near Torrington,E01015915,Southend-on-Sea 017B,Criminal damage and arson,Investigation complete; no suspect identified,
0286fedaf592ebdd706fd1052f239905f7e2471bb10df67f57a14eb5d3d24510,2014-08,Essex Police,Essex Police,0.775447,51.536444,On or near Staplegrove,E01015915,Southend-on-Sea 017B,Violence and sexual offences,Under investigation,
,2014-08,Essex Police,Essex Police,0.770265,51.532097,On or near Wicklow Walk,E01015916,Southend-on-Sea 017C,Anti-social behaviour,,
,2014-08,Essex Police,Essex Police,0.771709,51.535921,On or near Goldmer Close,E01015916,Southend-on-Sea 017C,Anti-social behaviour,,
,2014-08,Essex Police,Essex Police,0.771709,51.535921,On or near Goldmer Close,E01015916,Southend-on-Sea 017C,Anti-social behaviour,,
,2014-08,Essex Police,Essex Police,0.774843,51.535523,On or near Saxon Gardens,E01015916,Southend-on-Sea 017C,Anti-social behaviour,,
,2014-08,Essex Police,Essex Police,0.771709,51.535921,On or near Goldmer Close,E01015916,Southend-on-Sea 017C,Anti-social behaviour,,
,2014-08,Essex Police,Essex Police,0.774491,51.534713,On or near Delaware Road,E01015916,Southend-on-Sea 017C,Anti-social behaviour,,
,2014-08,Essex Police,Essex Police,0.774491,51.534713,On or near Delaware Road,E01015916,Southend-on-Sea 017C,Anti-social behaviour,,
,2014-08,Essex Police,Essex Police,0.774491,51.534713,On or near Delaware Road,E01015916,Southend-on-Sea 017C,Anti-social behaviour,,
,2014-08,Essex Police,Essex Police,0.769024,51.533269,On or near Blyth Avenue,E01015916,Southend-on-Sea 017C,Anti-social behaviour,,
7ebf849b886b47f3a7090cea1ed3a23a41cab1be877760cedf43a495c5f92c12,2014-08,Essex Police,Essex Police,0.769024,51.533269,On or near Blyth Avenue,E01015916,Southend-on-Sea 017C,Criminal damage and arson,Investigation complete; no suspect identified,
fc862bcf23251b3077d4cad799ae19946c4ab8d8d9f7e9c8835aa4e87438451e,2014-08,Essex Police,Essex Police,0.774491,51.534713,On or near Delaware Road,E01015916,Southend-on-Sea 017C,Criminal damage and arson,Investigation complete; no suspect identified,
b29a5c4c7952da508cc44c9f1dac358c4ef7e202c2c3df48fc4074906ad627bd,2014-08,Essex Police,Essex Police,0.767567,51.533258,On or near Maplin Way,E01015916,Southend-on-Sea 017C,Other theft,Investigation complete; no suspect identified,
dd14f67b36b4bcd3e12102a3d5e08b2401cabc35ecc49385b708933383afe4e5,2014-08,Essex Police,Essex Police,0.771709,51.535921,On or near Goldmer Close,E01015916,Southend-on-Sea 017C,Other theft,Investigation complete; no suspect identified,
5cbb511351de2d5ed21e77d97741aac4121dd0d0c40aaf31a8b9a54c6a0bdf63,2014-08,Essex Police,Essex Police,0.774491,51.534713,On or near Delaware Road,E01015916,Southend-on-Sea 017C,Vehicle crime,Investigation complete; no suspect identified,
3678456e7bfeae8f5f1354495202ffd8662f629b2edadbce43c499a0ca3a6c30,2014-08,Essex Police,Essex Police,0.771709,51.535921,On or near Goldmer Close,E01015916,Southend-on-Sea 017C,Violence and sexual offences,Unable to prosecute suspect,
ef0aa90c8049687289dca88c6cb739dfa1430b2cb53ff9a573b70b07d3c98a6e,2014-08,Essex Police,Essex Police,0.770265,51.532097,On or near Wicklow Walk,E01015916,Southend-on-Sea 017C,Violence and sexual offences,Investigation complete; no suspect identified,
a4b19dca024906030dc8a84fc73c913e139bc97dd8f21b8c54b827ffc5084e0f,2014-08,Essex Police,Essex Police,0.769024,51.533269,On or near Blyth Avenue,E01015916,Southend-on-Sea 017C,Violence and sexual offences,Under investigation,
baf052560cd409bd52dbfb8361ce430eae37c45de20cc3294ade32ac33bea8b6,2014-08,Essex Police,Essex Police,0.769024,51.533269,On or near Blyth Avenue,E01015916,Southend-on-Sea 017C,Violence and sexual offences,Under investigation,
efdc3922e5c904f6f8f44febeed7d1a6f5639de3e26802352b458988373b5603,2014-08,Essex Police,Essex Police,0.771709,51.535921,On or near Goldmer Close,E01015916,Southend-on-Sea 017C,Violence and sexual offences,Unable to prosecute suspect,
db692653b860adf725ac21c2fb1f52b5c45c6a42170de0dee49e9b7212900005,2014-08,Essex Police,Essex Police,0.771709,51.535921,On or near Goldmer Close,E01015916,Southend-on-Sea 017C,Violence and sexual offences,Under investigation,
7e4f1c793349de827c92eca9268f16b33994744194ce6d380335b5d46de50379,2014-08,Essex Police,Essex Police,0.771709,51.535921,On or near Goldmer Close,E01015916,Southend-on-Sea 017C,Violence and sexual offences,Under investigation,
2fe5a4b50710cdb868ce55d36ce912047f8e215e3b13a00903182097f0e0e386,2014-08,Essex Police,Essex Police,0.771709,51.535921,On or near Goldmer Close,E01015916,Southend-on-Sea 017C,Violence and sexual offences,Under investigation,
f3803cce8f2fa3ffdff964e707acecf6226ba9aefcf94fbefa88f98d40ca7e95,2014-08,Essex Police,Essex Police,0.771709,51.535921,On or near Goldmer Close,E01015916,Southend-on-Sea 017C,Other crime,Unable to prosecute suspect,
,2014-08,Essex Police,Essex Police,0.780212,51.530387,On or near West Road,E01015917,Southend-on-Sea 017D,Anti-social behaviour,,
,2014-08,Essex Police,Essex Police,0.782319,51.532558,On or near Maya Close,E01015917,Southend-on-Sea 017D,Anti-social behaviour,,
,2014-08,Essex Police,Essex Police,0.777996,51.534963,On or near Delaware Crescent,E01015917,Southend-on-Sea 017D,Anti-social behaviour,,
,2014-08,Essex Police,Essex Police,0.781690,51.530747,On or near Stour Close,E01015917,Southend-on-Sea 017D,Anti-social behaviour,,
,2014-08,Essex Police,Essex Police,0.781177,51.531560,On or near Chelmer Way,E01015917,Southend-on-Sea 017D,Anti-social behaviour,,
,2014-08,Essex Police,Essex Police,0.775746,51.534971,On or near Longsands,E01015917,Southend-on-Sea 017D,Anti-social behaviour,,
,2014-08,Essex Police,Essex Police,0.782655,51.532388,On or near Jena Close,E01015917,Southend-on-Sea 017D,Anti-social behaviour,,
,2014-08,Essex Police,Essex Police,0.781177,51.531560,On or near Chelmer Way,E01015917,Southend-on-Sea 017D,Anti-social behaviour,,
,2014-08,Essex Police,Essex Police,0.780212,51.530387,On or near West Road,E01015917,Southend-on-Sea 017D,Anti-social behaviour,,
,2014-08,Essex Police,Essex Police,0.780348,51.530968,On or near Avon Way,E01015917,Southend-on-Sea 017D,Anti-social behaviour,,
,2014-08,Essex Police,Essex Police,0.780348,51.530968,On or near Avon Way,E01015917,Southend-on-Sea 017D,Anti-social behaviour,,
,2014-08,Essex Police,Essex Police,0.782655,51.532388,On or near Jena Close,E01015917,Southend-on-Sea 017D,Anti-social behaviour,,
,2014-08,Essex Police,Essex Police,0.780212,51.530387,On or near West Road,E01015917,Southend-on-Sea 017D,Anti-social behaviour,,
,2014-08,Essex Police,Essex Police,0.781690,51.530747,On or near Stour Close,E01015917,Southend-on-Sea 017D,Anti-social behaviour,,
b3eaa1d608a427e6bbee7c70c3fffb0246c2b1956f5bd920e84d9dbf5631b501,2014-08,Essex Police,Essex Police,0.780212,51.530387,On or near West Road,E01015917,Southend-on-Sea 017D,Burglary,Investigation complete; no suspect identified,
2c4981912c77c4fada9d12cb8c98d53b1902e084bfc7c2f9e7b203f2266cf32c,2014-08,Essex Police,Essex Police,0.779102,51.533714,On or near Armagh Road,E01015917,Southend-on-Sea 017D,Burglary,Under investigation,
0d66c8ceb48be00749ebcbf8ad32c47fdc0470829f2b01f8f51b013811870643,2014-08,Essex Police,Essex Police,0.780212,51.530387,On or near West Road,E01015917,Southend-on-Sea 017D,Criminal damage and arson,Awaiting court outcome,
9bf3bd630eaa42d9e8a50233a7c4ad7928fd602690037278c2ec11dc46258092,2014-08,Essex Police,Essex Police,0.780212,51.530387,On or near West Road,E01015917,Southend-on-Sea 017D,Criminal damage and arson,Awaiting court outcome,
7c3eac5c1df6620aed447bb604ce02f4152451b1765047744877667128193180,2014-08,Essex Police,Essex Police,0.775746,51.534971,On or near Longsands,E01015917,Southend-on-Sea 017D,Other theft,Investigation complete; no suspect identified,
03bd56ed701a8c2f8afafa1ea7c211074b15019d56de175cd16abd3b303366fd,2014-08,Essex Police,Essex Police,0.780212,51.530387,On or near West Road,E01015917,Southend-on-Sea 017D,Other theft,Under investigation,
cd1963340b94a30a450960131ffec302a470fc145c3b577fd35345ba0ca825d3,2014-08,Essex Police,Essex Police,0.780212,51.530387,On or near West Road,E01015917,Southend-on-Sea 017D,Public order,Awaiting court outcome,
4db1f72a1a085c89d5ab07ee76f56b4f4e434ed53d07bb5bfcc04b034803d2f3,2014-08,Essex Police,Essex Police,0.780212,51.530387,On or near West Road,E01015917,Southend-on-Sea 017D,Shoplifting,Under investigation,
71bde4e67a0d98eab8f0713ab938914e6ec3d21f0d9cb1c42b4663f156787cb8,2014-08,Essex Police,Essex Police,0.780212,51.530387,On or near West Road,E01015917,Southend-on-Sea 017D,Vehicle crime,Under investigation,
4cb40ab50f4a284158e956f15e977428569f1134fd1161061fcb2e7391b98f11,2014-08,Essex Police,Essex Police,0.782319,51.532558,On or near Maya Close,E01015917,Southend-on-Sea 017D,Violence and sexual offences,Under investigation,
8475f3ced7a754c7704c32ac4dee42776a5d1435cf0a82902b969b0f56e2c38a,2014-08,Essex Police,Essex Police,0.782417,51.533446,On or near Vincent Close,E01015917,Southend-on-Sea 017D,Violence and sexual offences,Under investigation,
c94c9ac6a391f14c841552f8d69f963afc9a697ffa513981a5d2d1215ed2291b,2014-08,Essex Police,Essex Police,0.775746,51.534971,On or near Longsands,E01015917,Southend-on-Sea 017D,Violence and sexual offences,Unable to prosecute suspect,
52a194cc04e184666511c9649ea8ee07516a327fe6ad293d8d42b2e4eed758fe,2014-08,Essex Police,Essex Police,0.780348,51.530968,On or near Avon Way,E01015917,Southend-on-Sea 017D,Violence and sexual offences,Unable to prosecute suspect,
,2014-08,Essex Police,Essex Police,0.780211,51.532041,On or near Waterloo Road,E01015918,Southend-on-Sea 017E,Anti-social behaviour,,
c975c8dacc1fac22b23bd0c5aad83248b57cbd604b964ad6dae8e769cac2663a,2014-08,Essex Police,Essex Police,0.783900,51.530569,On or near Campfield Road,E01015918,Southend-on-Sea 017E,Criminal damage and arson,Investigation complete; no suspect identified,
97a556421f8a0c7c038e996eb49b24692aac3269e5bcdfe8855fae015c07688b,2014-08,Essex Police,Essex Police,0.774326,51.532001,On or near Caulfield Road,E01015919,Southend-on-Sea 017F,Burglary,Under investigation,
87712a49f2e25b053bfe00d5107df37c7e04824e1b8ebe1749380540a3fa6bf0,2014-08,Essex Police,Essex Police,0.768892,51.529674,On or near Bunters Avenue,E01015919,Southend-on-Sea 017F,Other theft,Investigation complete; no suspect identified,
,2014-08,Essex Police,Essex Police,0.772699,51.525888,On or near Leitrim Avenue,E01015920,Southend-on-Sea 017G,Anti-social behaviour,,
5dd6ba730d6d429bc7af191334b1cf52558316fa87f7daa162584d7135ef6ca3,2014-08,Essex Police,Essex Police,0.781010,51.527867,On or near St Andrews Close,E01015920,Southend-on-Sea 017G,Burglary,Investigation complete; no suspect identified,
ac53bc52677a238cf49e1f646e33672915c19fdc279550310c1d76cf8f195389,2014-08,Essex Police,Essex Police,0.777217,51.525736,On or near Waterford Road,E01015920,Southend-on-Sea 017G,Criminal damage and arson,Investigation complete; no suspect identified,
e228f04ed6aa04c1fe775baa0fa7e65df70ed96338de3d75ad9437f953f342ad,2014-08,Essex Police,Essex Police,0.782030,51.528994,On or near Linton Road,E01015920,Southend-on-Sea 017G,Other theft,Investigation complete; no suspect identified,
d34ba3d92a3698a745fc5ed198220f1249bd00550dfb47d1bf05bfa0900b34f9,2014-08,Essex Police,Essex Police,0.781010,51.527867,On or near St Andrews Close,E01015920,Southend-on-Sea 017G,Public order,Unable to prosecute suspect,
73f86eab6b514acdac2a9c14ce6969106b3109c9d62850de468f347c2dccbd94,2014-08,Essex Police,Essex Police,0.777217,51.525736,On or near Waterford Road,E01015920,Southend-on-Sea 017G,Vehicle crime,Investigation complete; no suspect identified,
1f7db8a51810d86f7e8e8a1af9d30d03c2ee005106dc93deae204af6a6e0dbaf,2014-08,Essex Police,Essex Police,0.778362,51.528200,On or near Church Close,E01015920,Southend-on-Sea 017G,Vehicle crime,Investigation complete; no suspect identified,
f10f31c44ac88c58da852eb5e79b61a6c7cb3e3ae9fcb081379347fa9b60c4cf,2014-08,Essex Police,Essex Police,0.774726,51.524832,On or near Parking Area,E01015920,Southend-on-Sea 017G,Violence and sexual offences,Under investigation,
fe591a792f185c6138b03ca200a92fae412da5cc7a88ce02188eb3aef04b7ff0,2014-08,Essex Police,Essex Police,0.777217,51.525736,On or near Waterford Road,E01015920,Southend-on-Sea 017G,Violence and sexual offences,Under investigation,
9f79afad91dfb6d5ae8efdae25ef831eecb327654431cac51b253d71167ead7d,2014-08,Essex Police,Essex Police,0.782030,51.528994,On or near Linton Road,E01015920,Southend-on-Sea 017G,Violence and sexual offences,Under investigation,
,2014-08,Essex Police,Essex Police,1.285126,51.943971,On or near Pepys Street,E01021997,Tendring 001A,Anti-social behaviour,,
,2014-08,Essex Police,Essex Police,1.284785,51.943486,On or near Coke Street,E01021997,Tendring 001A,Anti-social behaviour,,
,2014-08,Essex Police,Essex Police,1.287088,51.945122,On or near George Street,E01021997,Tendring 001A,Anti-social behaviour,,
,2014-08,Essex Police,Essex Police,1.285585,51.943869,On or near Albemarle Street,E01021997,Tendring 001A,Anti-social behaviour,,
,2014-08,Essex Police,Essex Police,1.287117,51.947711,On or near Castlegate Street,E01021997,Tendring 001A,Anti-social behaviour,,
,2014-08,Essex Police,Essex Police,1.285585,51.943869,On or near Albemarle Street,E01021997,Tendring 001A,Anti-social behaviour,,
,2014-08,Essex Police,Essex Police,1.284774,51.942938,On or near Maria Street,E01021997,Tendring 001A,Anti-social behaviour,,
,2014-08,Essex Police,Essex Police,1.287334,51.946887,On or near King'S Head Street,E01021997,Tendring 001A,Anti-social behaviour,,
,2014-08,Essex Police,Essex Police,1.287436,51.947289,On or near St Austin'S Lane,E01021997,Tendring 001A,Anti-social behaviour,,
,2014-08,Essex Police,Essex Police,1.285700,51.947040,On or near Little Church Street,E01021997,Tendring 001A,Anti-social behaviour,,
d563356ae0ada0f5fb3465fd8490b9d9ffac6934c9d98200b4222342d70d2dd1,2014-08,Essex Police,Essex Police,1.285585,51.943869,On or near Albemarle Street,E01021997,Tendring 001A,Criminal damage and arson,Investigation complete; no suspect identified,
471206478d2b0bbadbe6d0e67dbc70796ee05180736b4baa9209127cf7c927da,2014-08,Essex Police,Essex Police,1.287436,51.947289,On or near St Austin'S Lane,E01021997,Tendring 001A,Criminal damage and arson,Investigation complete; no suspect identified,
8a80d0cba673a6a7d3812f2d0dc5c279d763b217ed02a1cdab254022fb08d194,2014-08,Essex Police,Essex Police,1.284774,51.942938,On or near Maria Street,E01021997,Tendring 001A,Criminal damage and arson,Under investigation,
618b218b14d754d53de5c5399bdc2f8508f3b09a30f5e10bfd47320911952f21,2014-08,Essex Police,Essex Police,1.285585,51.943869,On or near Albemarle Street,E01021997,Tendring 001A,Criminal damage and arson,Unable to prosecute suspect,
ef5970e53f443d7dfdf47be27e2bc70f313eae5fb948263c1ee1fc2829ff9c1d,2014-08,Essex Police,Essex Police,1.285585,51.943869,On or near Albemarle Street,E01021997,Tendring 001A,Criminal damage and arson,Investigation complete; no suspect identified,
26ccd551e08f4bb2f6dfc734a0b51cc6b3d344d57d238fec22e372847c45ea18,2014-08,Essex Police,Essex Police,1.287117,51.947711,On or near Castlegate Street,E01021997,Tendring 001A,Other theft,Under investigation,
009e3791f485723623b9d8818021142b446a23b880a0dc3c2e41ed8a3f633f15,2014-08,Essex Police,Essex Police,1.289701,51.946821,On or near Angelgate,E01021997,Tendring 001A,Other theft,Investigation complete; no suspect identified,
f5f8975f989d5e4efe7df9f2abb160694410d8cdac43ffec5d0950f61931a4be,2014-08,Essex Police,Essex Police,1.284117,51.943496,On or near Stour Road,E01021997,Tendring 001A,Other theft,Investigation complete; no suspect identified,
4a9d3222627e41b71e91b81ea17010436303f67783e37412306e18a1ebb694ba,2014-08,Essex Police,Essex Police,1.286649,51.946087,On or near West Street,E01021997,Tendring 001A,Other theft,Under investigation,
0e73d3cf6aaca2a56164bb83d509a3d4e82144f92e7886df0a0e2889eda53d2d,2014-08,Essex Police,Essex Police,1.289701,51.946821,On or near Angelgate,E01021997,Tendring 001A,Vehicle crime,Investigation complete; no suspect identified,
371f5f39deeeb1d6da0030896343a4e6ab67c6d6f7eae445611f335b4bdd26ca,2014-08,Essex Police,Essex Police,1.284785,51.943486,On or near Coke Street,E01021997,Tendring 001A,Violence and sexual offences,Unable to prosecute suspect,
450292fd70d7629e977648eed8a6b0f6cff55099c8b05b3974874d885d7eb4e1,2014-08,Essex Police,Essex Police,1.287314,51.946420,On or near Church Street,E01021997,Tendring 001A,Violence and sexual offences,Unable to prosecute suspect,
dac3a4ffe4b20a2be786473190a2581759919011904011a3f332c6963c7282bc,2014-08,Essex Police,Essex Police,1.287314,51.946420,On or near Church Street,E01021997,Tendring 001A,Violence and sexual offences,Under investigation,
9f15c3a8c6d5cbb0a42cd1356f7e1493530a3ae61a804daba936f17e8f1004ef,2014-08,Essex Police,Essex Police,1.287314,51.946420,On or near Church Street,E01021997,Tendring 001A,Violence and sexual offences,Under investigation,
3aa5aacc48ebda48cce203bf6de54300e88417c44c9500b43529060552c49cd5,2014-08,Essex Police,Essex Police,1.286649,51.946087,On or near West Street,E01021997,Tendring 001A,Violence and sexual offences,Offender given a caution,
d3be27a9337d99445fae2143de8aad6682c98ea2dd6ee9aca15dedf104c23af3,2014-08,Essex Police,Essex Police,1.287117,51.947711,On or near Castlegate Street,E01021997,Tendring 001A,Violence and sexual offences,Awaiting court outcome,
5d829567a120d10d5c3cc36139b1af452fd76c096c9701392a4da3066c90161d,2014-08,Essex Police,Essex Police,1.286655,51.943776,On or near Bus/Coach Station,E01021997,Tendring 001A,Violence and sexual offences,Awaiting court outcome,
d8059d4b52b044b4acea01098578b31ebf178ec147af0dde888b5ad58ac55566,2014-08,Essex Police,Essex Police,1.284785,51.943486,On or near Coke Street,E01021997,Tendring 001A,Other crime,Under investigation,
,2014-08,Essex Police,Essex Police,1.287585,51.945144,On or near Golden Lion Lane,E01021998,Tendring 001B,Anti-social behaviour,,
,2014-08,Essex Police,Essex Police,1.284301,51.939047,On or near Park Road,E01021998,Tendring 001B,Anti-social behaviour,,
,2014-08,Essex Police,Essex Police,1.282893,51.940886,On or near Talbot Street,E01021998,Tendring 001B,Anti-social behaviour,,
,2014-08,Essex Police,Essex Police,1.285837,51.941352,On or near Fernlea Road,E01021998,Tendring 001B,Anti-social behaviour,,
,2014-08,Essex Police,Essex Police,1.282893,51.940886,On or near Talbot Street,E01021998,Tendring 001B,Anti-social behaviour,,
,2014-08,Essex Police,Essex Police,1.286667,51.942543,On or near Ferndale Road,E01021998,Tendring 001B,Anti-social behaviour,,
fd5273b71a142ce5c02a85cf13a6e9254bdcc9662d29db04b7d641aec8ca86ff,2014-08,Essex Police,Essex Police,1.284301,51.939047,On or near Park Road,E01021998,Tendring 001B,Burglary,Unable to prosecute suspect,
d436cf2238fef1f32d0c2e4c77fb60d815ba2ad1848c234a41421fb9d0d4f667,2014-08,Essex Police,Essex Police,1.285837,51.941352,On or near Fernlea Road,E01021998,Tendring 001B,Burglary,Under investigation,
f59826edc75fa7b10ecaaed458da5975b9802aa3e47723b1f31cfabae440972f,2014-08,Essex Police,Essex Police,1.284301,51.939047,On or near Park Road,E01021998,Tendring 001B,Criminal damage and arson,Investigation complete; no suspect identified,
79062d636449c5657b4bd43d5b49a61f5859c56f218bae98239db6c9933a7076,2014-08,Essex Police,Essex Police,1.283408,51.938776,On or near Gwynne Road,E01021998,Tendring 001B,Criminal damage and arson,Under investigation,
a03e0f6d94956e564c0df5236be4ce44aa4784208e2b39d3bc2bedee04209c3b,2014-08,Essex Police,Essex Police,1.289363,51.945382,On or near Kings Quay Street,E01021998,Tendring 001B,Criminal damage and arson,Investigation complete; no suspect identified,
4275e8a33f4b145b63fdccba015d3c298133756e8eb2ee84d166f0dcbbd8dcb8,2014-08,Essex Police,Essex Police,1.284066,51.942013,On or near Canning Street,E01021998,Tendring 001B,Criminal damage and arson,Investigation complete; no suspect identified,
66f9b1c2bbb6a492ca9f556b2eca1d5a317b7bf873516747ca8e27f6d2b77d25,2014-08,Essex Police,Essex Police,1.284301,51.939047,On or near Park Road,E01021998,Tendring 001B,Criminal damage and arson,Investigation complete; no suspect identified,
0f23e00dfae84dbcde40f8fa6971f60e64f39b715ca9d46bde13b402e9ca193c,2014-08,Essex Police,Essex Police,1.284301,51.939047,On or near Park Road,E01021998,Tendring 001B,Criminal damage and arson,Investigation complete; no suspect identified,
59b1d2b7082ad2c147d1ca825756931c3e5dbba699903ae27c78db388eaf4b6f,2014-08,Essex Police,Essex Police,1.284054,51.941438,On or near Alexandra Street,E01021998,Tendring 001B,Criminal damage and arson,Investigation complete; no suspect identified,
f96126a95a180175620c7758c91700b1ca44e551f81777cf08cdc860c2963eca,2014-08,Essex Police,Essex Police,1.287585,51.945144,On or near Golden Lion Lane,E01021998,Tendring 001B,Criminal damage and arson,Under investigation,
a8268b759dd9b6e997cf4b8f3f0de85a3a2e68c5d661d532f5d1123e4a374bb9,2014-08,Essex Police,Essex Police,1.286667,51.942543,On or near Ferndale Road,E01021998,Tendring 001B,Criminal damage and arson,Awaiting court outcome,
bb3ce48dced13b575496c274a62667e1a9929d2d9a7f2070014e9e442d56f615,2014-08,Essex Police,Essex Police,1.284870,51.942063,On or near Albert Street,E01021998,Tendring 001B,Criminal damage and arson,Investigation complete; no suspect identified,
903070dcda73e6232486272ddde9a91dee51bf8714feb058beaac0d878e3a65e,2014-08,Essex Police,Essex Police,1.286667,51.942543,On or near Ferndale Road,E01021998,Tendring 001B,Criminal damage and arson,Investigation complete; no suspect identified,
699ecd21eb18b0725cdcc7e741c8bd0ede21ea55f6e5ccab8d05e4fd8928b7ce,2014-08,Essex Police,Essex Police,1.284301,51.939047,On or near Park Road,E01021998,Tendring 001B,Criminal damage and arson,Investigation complete; no suspect identified,
b10e093f6b71603a9f1bcc8fbdc0ae02f4f888a25d509761dd0d2c0e8a7e0e37,2014-08,Essex Police,Essex Police,1.284301,51.939047,On or near Park Road,E01021998,Tendring 001B,Criminal damage and arson,Investigation complete; no suspect identified,
34b440432bd31e51328359d1c38339023f7551240784814402be7a16327526d1,2014-08,Essex Police,Essex Police,1.287585,51.945144,On or near Golden Lion Lane,E01021998,Tendring 001B,Criminal damage and arson,Under investigation,
51db2fa6d1fba7ef788c046ac03eb0a4bbc9f660ced5088448d8b56f44134898,2014-08,Essex Police,Essex Police,1.283408,51.938776,On or near Gwynne Road,E01021998,Tendring 001B,Criminal damage and arson,Under investigation,
3d201d1453de02a66a161dec5cb2eac74f002fc5e37557437876700682c56c80,2014-08,Essex Police,Essex Police,1.288413,51.940947,On or near Mayflower Avenue,E01021998,Tendring 001B,Other theft,Investigation complete; no suspect identified,
86e9f2e62f6122f400b27234ebcfe242f42b7204ab61fa6914ed6f41aac9c9ea,2014-08,Essex Police,Essex Police,1.287585,51.945144,On or near Golden Lion Lane,E01021998,Tendring 001B,Other theft,Investigation complete; no suspect identified,
5778cfed0d2b15c0ca560316868b718301cd3b080309f3c7c75b9e887f7a68a5,2014-08,Essex Police,Essex Police,1.284066,51.942013,On or near Canning Street,E01021998,Tendring 001B,Other theft,Investigation complete; no suspect identified,
0440f11d711359b431ae27d18e3847626d48ba8d091ff2721f49a4a307400208,2014-08,Essex Police,Essex Police,1.287981,51.939826,On or near Barrack Lane,E01021998,Tendring 001B,Other theft,Under investigation,
b145461848c80e8dc76e5676e288ebca7cde883b74578af0a1def8757841885a,2014-08,Essex Police,Essex Police,1.285837,51.941352,On or near Fernlea Road,E01021998,Tendring 001B,Robbery,Under investigation,
48d0d9c57f34db2225a939f36873bb8873eaade021f43f1b85d813740a5cb99a,2014-08,Essex Police,Essex Police,1.289363,51.945382,On or near Kings Quay Street,E01021998,Tendring 001B,Vehicle crime,Investigation complete; no suspect identified,
964ca2773f36b8108c95b063dab6476cdf045e42ba6523d986096d7e54fab749,2014-08,Essex Police,Essex Police,1.288552,51.944640,On or near West Street,E01021998,Tendring 001B,Violence and sexual offences,Under investigation,
006d287a2f6b02da86978087098f647a8e070f233f5ff9e3e046830035c9b9ad,2014-08,Essex Police,Essex Police,1.284066,51.942013,On or near Canning Street,E01021998,Tendring 001B,Violence and sexual offences,Under investigation,
63c5b8461b68c70fdd5d4a761c41d04ea7d8e69c2bfd09cd36997221ffac39ee,2014-08,Essex Police,Essex Police,1.284054,51.941438,On or near Alexandra Street,E01021998,Tendring 001B,Violence and sexual offences,Under investigation,
e0c81ef341ac4e4ec88cda9245dfc48387d14d818d5eb660fb1a2b1982b074ef,2014-08,Essex Police,Essex Police,1.288552,51.944640,On or near West Street,E01021998,Tendring 001B,Violence and sexual offences,Under investigation,
b1ee841c785325451e0e7042176b5b224736f49056009eefa52f1777aa9ca627,2014-08,Essex Police,Essex Police,1.283776,51.939638,On or near Grafton Road,E01021998,Tendring 001B,Violence and sexual offences,Under investigation,
,2014-08,Essex Police,Essex Police,1.274188,51.934068,On or near Langley Close,E01021999,Tendring 001C,Anti-social behaviour,,
,2014-08,Essex Police,Essex Police,1.275214,51.935172,On or near Portland Crescent,E01021999,Tendring 001C,Anti-social behaviour,,
,2014-08,Essex Police,Essex Police,1.275568,51.933238,On or near Second Avenue,E01021999,Tendring 001C,Anti-social behaviour,,
,2014-08,Essex Police,Essex Police,1.275997,51.934935,On or near Portland Avenue,E01021999,Tendring 001C,Anti-social behaviour,,
,2014-08,Essex Police,Essex Police,1.275963,51.933865,On or near Lee Road,E01021999,Tendring 001C,Anti-social behaviour,,
34477f49c37f7487f9d7d413f40f36ef8d25b82298938f605e1789239a892ad4,2014-08,Essex Police,Essex Police,1.272586,51.931243,On or near Fronk'S Avenue,E01021999,Tendring 001C,Bicycle theft,Investigation complete; no suspect identified,
5ed10d638acb7e51ee08c455aeaa6699e62b20539312ffd5c79892f5cc084665,2014-08,Essex Police,Essex Police,1.268742,51.933814,On or near Lime Avenue,E01021999,Tendring 001C,Burglary,Investigation complete; no suspect identified,
7cc1ddf30f45bbf2025f57a8920d6900932b9b7277473849c7546cef033f3cf9,2014-08,Essex Police,Essex Police,1.271676,51.930738,On or near St Michael'S Road,E01021999,Tendring 001C,Burglary,Investigation complete; no suspect identified,
25e0d02f690546965e9860662e6b41e2e1de79e1e18ba661d4621fb0aabd523c,2014-08,Essex Police,Essex Police,1.270468,51.933937,On or near Rowan Close,E01021999,Tendring 001C,Burglary,Investigation complete; no suspect identified,
684e065035d2c57e83ec8c9f8ef74b95eb31cb1313a2a34e660cdcd4fe5633e0,2014-08,Essex Police,Essex Police,1.273440,51.934988,On or near Sports/Recreation Area,E01021999,Tendring 001C,Burglary,Investigation complete; no suspect identified,
3fa61e061c6fe50a20dd2eb85215899cdc002a1100c478accf20b9d8ab3962bf,2014-08,Essex Police,Essex Police,1.274188,51.934068,On or near Langley Close,E01021999,Tendring 001C,Burglary,Under investigation,
f9571a4c864a26e20e8ad8fd2fa4fb3f6a4aeafc7a598080957ff8f652bbdca1,2014-08,Essex Police,Essex Police,1.274889,51.930307,On or near Lower Marine Parade,E01021999,Tendring 001C,Criminal damage and arson,Investigation complete; no suspect identified,
17a6bb91fd5ff46a3c80d4ba8f72c96e8ba3dd4691dd236655ce1956b603e112,2014-08,Essex Police,Essex Police,1.269737,51.934281,On or near Birch Avenue,E01021999,Tendring 001C,Vehicle crime,Under investigation,
e91bf007caf58fd1dd8c88e58ae49d2a76c6b028d836321d120b7f5d54066dd2,2014-08,Essex Police,Essex Police,1.271407,51.934235,On or near Maple Close,E01021999,Tendring 001C,Vehicle crime,Investigation complete; no suspect identified,
0b9fc25f9be1cb2a99168b95acce69165e2a85bdca014976909506768d0635ff,2014-08,Essex Police,Essex Police,1.275214,51.935172,On or near Portland Crescent,E01021999,Tendring 001C,Vehicle crime,Investigation complete; no suspect identified,
3d36957a579f4e3f5313011aaeda336a917111b9552aaa4a0b314d626869e127,2014-08,Essex Police,Essex Police,1.269737,51.934281,On or near Birch Avenue,E01021999,Tendring 001C,Vehicle crime,Investigation complete; no suspect identified,
81bf8c9624a3f58b66e0f0b13d1d02fe1f29c86033ed7711d6fe1c180ff1047e,2014-08,Essex Police,Essex Police,1.275963,51.933865,On or near Lee Road,E01021999,Tendring 001C,Violence and sexual offences,Offender given community sentence,
0f47145f2cf78e58b5fd93e0ceeec2b538602723d92f81986d3200e283050a52,2014-08,Essex Police,Essex Police,1.274626,51.933084,On or near Third Avenue,E01021999,Tendring 001C,Violence and sexual offences,Unable to prosecute suspect,
,2014-08,Essex Police,Essex Police,1.281605,51.938205,On or near Crown Lane,E01022001,Tendring 001D,Anti-social behaviour,,
,2014-08,Essex Police,Essex Police,1.279495,51.938201,On or near Nelson Road,E01022001,Tendring 001D,Anti-social behaviour,,
,2014-08,Essex Police,Essex Police,1.282074,51.938651,On or near East Street,E01022001,Tendring 001D,Anti-social behaviour,,
,2014-08,Essex Police,Essex Police,1.281610,51.937468,On or near High Street,E01022001,Tendring 001D,Anti-social behaviour,,
,2014-08,Essex Police,Essex Police,1.280710,51.935109,On or near Pedestrian Subway,E01022001,Tendring 001D,Anti-social behaviour,,
,2014-08,Essex Police,Essex Police,1.280609,51.936911,On or near Kingsway,E01022001,Tendring 001D,Anti-social behaviour,,
,2014-08,Essex Police,Essex Police,1.281605,51.938205,On or near Crown Lane,E01022001,Tendring 001D,Anti-social behaviour,,
,2014-08,Essex Police,Essex Police,1.283255,51.937278,On or near Orwell Road,E01022001,Tendring 001D,Anti-social behaviour,,
,2014-08,Essex Police,Essex Police,1.282074,51.938651,On or near East Street,E01022001,Tendring 001D,Anti-social behaviour,,
,2014-08,Essex Police,Essex Police,1.280609,51.936911,On or near Kingsway,E01022001,Tendring 001D,Anti-social behaviour,,
,2014-08,Essex Police,Essex Police,1.281605,51.938205,On or near Crown Lane,E01022001,Tendring 001D,Anti-social behaviour,,
,2014-08,Essex Police,Essex Police,1.282074,51.938651,On or near East Street,E01022001,Tendring 001D,Anti-social behaviour,,
c6e485dad3c6f256b8139819df42c8e43d814e7323dd86913c57a6cbe52c876b,2014-08,Essex Police,Essex Police,1.276851,51.937267,On or near Paddock Close,E01022001,Tendring 001D,Burglary,Under investigation,
c2c98a0338e368953d96606b256ce607d86787112e83de53d971b3d8fb057058,2014-08,Essex Police,Essex Police,1.282074,51.938651,On or near East Street,E01022001,Tendring 001D,Criminal damage and arson,Investigation complete; no suspect identified,
d71f1039724348684c53c941b198a540aee881a4a13a692f39d5cad3a34caab8,2014-08,Essex Police,Essex Police,1.281389,51.937042,On or near Bagshaw Road,E01022001,Tendring 001D,Criminal damage and arson,Investigation complete; no suspect identified,
7e4ac1b64d57dd52b1bc4b0f4ccc6cd57793396ea740423a89968eb6c23a5617,2014-08,Essex Police,Essex Police,1.279812,51.934568,On or near Marine Parade,E01022001,Tendring 001D,Criminal damage and arson,Investigation complete; no suspect identified,
0fea5ce8126100ff80c52025c640663b0acba07dfc1c5ebe7f4a6f7f11d25ec1,2014-08,Essex Police,Essex Police,1.278080,51.938358,On or near Station Lane,E01022001,Tendring 001D,Criminal damage and arson,Under investigation,
e6995d38d4c5312caeabe3e6d550840fb8151443209be3ca070f58b3f5e32aef,2014-08,Essex Police,Essex Police,1.279168,51.935710,On or near Cliff Road,E01022001,Tendring 001D,Other theft,Unable to prosecute suspect,
3c08e7c8dce3601cfe66c3aab7880a1f72eba3e1c3703b9efed71bc23271b8aa,2014-08,Essex Police,Essex Police,1.280873,51.936948,On or near Supermarket,E01022001,Tendring 001D,Shoplifting,Under investigation,
41f4b284d46f3ff9614bd2826e14aa817a6495cae26a735a3759a86c6b60e982,2014-08,Essex Police,Essex Police,1.281389,51.937042,On or near Bagshaw Road,E01022001,Tendring 001D,Vehicle crime,Investigation complete; no suspect identified,
cf73683080969053eb2c0bfd2d6e6159a868ecadf3b2a0fef25651e9ed7733b0,2014-08,Essex Police,Essex Police,1.276862,51.935216,On or near Oakland Road,E01022001,Tendring 001D,Vehicle crime,Investigation complete; no suspect identified,
9e5f513c4d4342730b385de3a6b0c87e6531cb22c5b77f90da6526bcdd96b6dc,2014-08,Essex Police,Essex Police,1.279168,51.935710,On or near Cliff Road,E01022001,Tendring 001D,Vehicle crime,Investigation complete; no suspect identified,
d4418ca4030e23f76073a7a0c2568dbdd871239a189cfc365a04061c41587353,2014-08,Essex Police,Essex Police,1.283255,51.937278,On or near Orwell Road,E01022001,Tendring 001D,Vehicle crime,Under investigation,
55771568705c570fae9285d81cb3565bccf68a03e02f8485e32fb20ccb5fb7cd,2014-08,Essex Police,Essex Police,1.276862,51.935216,On or near Oakland Road,E01022001,Tendring 001D,Vehicle crime,Investigation complete; no suspect identified,
bf755ccb8a2f627343ad42eb3b80cfee8b910843e19d8793882441a870657859,2014-08,Essex Police,Essex Police,1.277738,51.935858,On or near Hillcrest Court,E01022001,Tendring 001D,Vehicle crime,Investigation complete; no suspect identified,
6f0b93aeec97222f76f9c3c3fd99c6d88963592d2a508ee7794038e9c67c8166,2014-08,Essex Police,Essex Police,1.276862,51.935216,On or near Oakland Road,E01022001,Tendring 001D,Violence and sexual offences,Unable to prosecute suspect,
ee62f99919433703a57cdf304be770ca3837bb5ef6ab074dcba52c6e2d1ed33f,2014-08,Essex Police,Essex Police,1.277738,51.935858,On or near Hillcrest Court,E01022001,Tendring 001D,Violence and sexual offences,Investigation complete; no suspect identified,
e4cc17992e23ace8a3811abb35b6169c94f610be9aaabafb4d8c1b8887441e4e,2014-08,Essex Police,Essex Police,1.283255,51.937278,On or near Orwell Road,E01022001,Tendring 001D,Violence and sexual offences,Unable to prosecute suspect,
d89aa372857c5150320edf146fe39867815aae5a2da416a4cfce53bbffd02e21,2014-08,Essex Police,Essex Police,1.276862,51.935216,On or near Oakland Road,E01022001,Tendring 001D,Violence and sexual offences,Under investigation,
,2014-08,Essex Police,Essex Police,1.263606,51.937420,On or near Easterling Close,E01022000,Tendring 002A,Anti-social behaviour,,
0f8e1e92c83ac56f77dd771329ff3099aa537eee8327a75490e855b2af302ea4,2014-08,Essex Police,Essex Police,1.263606,51.937420,On or near Easterling Close,E01022000,Tendring 002A,Burglary,Investigation complete; no suspect identified,
e0282c2d85a4e6a41d2a91386b206534cfb91a6b3dd6855ffcf5c5655caee542,2014-08,Essex Police,Essex Police,1.263606,51.937420,On or near Easterling Close,E01022000,Tendring 002A,Burglary,Investigation complete; no suspect identified,
e81e124ff344d308f6349db4346cb2d2afb06d3d19527bc34bf8c31cb401f34e,2014-08,Essex Police,Essex Police,1.266048,51.934987,On or near Main Road,E01022000,Tendring 002A,Burglary,Investigation complete; no suspect identified,
c93fd8c842416b0dd5d07a2540ed8187911dd1ad60e69b0cb36c8170ce7c2a6e,2014-08,Essex Police,Essex Police,1.268269,51.937111,On or near Shaftesbury Avenue,E01022000,Tendring 002A,Burglary,Under investigation,
9dfb506033380e9ec0d85c4b1678f5ad9f647edd9eaf96f557aba33ceb536152,2014-08,Essex Police,Essex Police,1.263691,51.937184,On or near Deepdale Road,E01022000,Tendring 002A,Criminal damage and arson,Investigation complete; no suspect identified,
ea07fa8ff8b920d36229efafaa8d7838178390577acf2d322ea2fa086a8106b2,2014-08,Essex Police,Essex Police,1.263064,51.936365,On or near Ray Avenue,E01022000,Tendring 002A,Criminal damage and arson,Investigation complete; no suspect identified,
203f8c246742d3c4b17d5aafa61da6cb16c45d3798fff1b863c4edeefc22f675,2014-08,Essex Police,Essex Police,1.265097,51.935310,On or near Princes Road,E01022000,Tendring 002A,Criminal damage and arson,Under investigation,
8c66a5ba6116ae97a0ccccc4a7ae46e065c6fd74e7fce840eaa596408a41892b,2014-08,Essex Police,Essex Police,1.273035,51.936411,On or near Supermarket,E01022000,Tendring 002A,Shoplifting,Offender sent to prison,
206224d92fd1a3230f29fa775738dbaef1cda5d4a6ef1daf71a3759c33771824,2014-08,Essex Police,Essex Police,1.273035,51.936411,On or near Supermarket,E01022000,Tendring 002A,Shoplifting,Under investigation,
8defef533557d5d018eee5c0b71d20218a4fe82959c56f0f12a2c553815116f6,2014-08,Essex Police,Essex Police,1.273035,51.936411,On or near Supermarket,E01022000,Tendring 002A,Shoplifting,Under investigation,
e484fd6bbe010be596a4019c1b240bb8452be5552bf8acfc5358ec54eaa03103,2014-08,Essex Police,Essex Police,1.273035,51.936411,On or near Supermarket,E01022000,Tendring 002A,Shoplifting,Offender given penalty notice,
16b329dd05c89a417a8fb25cdcb376a5d2679c9d4f27ac5a1332bb1f65495525,2014-08,Essex Police,Essex Police,1.273035,51.936411,On or near Supermarket,E01022000,Tendring 002A,Shoplifting,Under investigation,
a6bbc9b6819cf3930b88a61a8d6660ec6fec85eff41fd3ff8f459bad0106ee01,2014-08,Essex Police,Essex Police,1.265653,51.935753,On or near Ashley Road,E01022000,Tendring 002A,Vehicle crime,Investigation complete; no suspect identified,
8eceae69ef7a660d5d181dea95c1a9df0c6b00f8dadcacd0439b75a5fb3702f6,2014-08,Essex Police,Essex Police,1.273035,51.936411,On or near Supermarket,E01022000,Tendring 002A,Vehicle crime,Under investigation,
b0d568471f7acd827981c7eafe61574f46bebb84ac1125064ed831dc5d0c13b3,2014-08,Essex Police,Essex Police,1.267943,51.935231,On or near Petrol Station,E01022000,Tendring 002A,Violence and sexual offences,Unable to prosecute suspect,
,2014-08,Essex Police,Essex Police,1.264578,51.933570,On or near Manor Road,E01022006,Tendring 002C,Anti-social behaviour,,
,2014-08,Essex Police,Essex Police,1.264578,51.933570,On or near Manor Road,E01022006,Tendring 002C,Anti-social behaviour,,
,2014-08,Essex Police,Essex Police,1.260704,51.932527,On or near Grange Road,E01022006,Tendring 002C,Anti-social behaviour,,
,2014-08,Essex Police,Essex Police,1.258210,51.932038,On or near Deanes Court,E01022006,Tendring 002C,Anti-social behaviour,,
,2014-08,Essex Police,Essex Police,1.261481,51.934205,On or near Main Road,E01022006,Tendring 002C,Anti-social behaviour,,
,2014-08,Essex Police,Essex Police,1.260704,51.932527,On or near Grange Road,E01022006,Tendring 002C,Anti-social behaviour,,
,2014-08,Essex Police,Essex Police,1.260704,51.932527,On or near Grange Road,E01022006,Tendring 002C,Anti-social behaviour,,
,2014-08,Essex Police,Essex Police,1.255998,51.932234,On or near Blacksmith'S Lane,E01022006,Tendring 002C,Anti-social behaviour,,
,2014-08,Essex Police,Essex Police,1.261481,51.934205,On or near Main Road,E01022006,Tendring 002C,Anti-social behaviour,,
,2014-08,Essex Police,Essex Police,1.263256,51.932600,On or near Elizabeth Road,E01022006,Tendring 002C,Anti-social behaviour,,
,2014-08,Essex Police,Essex Police,1.264578,51.933570,On or near Manor Road,E01022006,Tendring 002C,Anti-social behaviour,,
47acac3ece78c97a2627966dd94575d437f8186f57f7b118be4158e52cab1a6c,2014-08,Essex Police,Essex Police,1.260704,51.932527,On or near Grange Road,E01022006,Tendring 002C,Burglary,Investigation complete; no suspect identified,
8dd055599f3eccfc80b0e677027420b37b5fcae65c06b27ad38551dc6c474686,2014-08,Essex Police,Essex Police,1.257644,51.932063,On or near Deane'S Close,E01022006,Tendring 002C,Burglary,Investigation complete; no suspect identified,
6f2ba58021c2465e921c874218ece65e6ce0337239ec81202f3b2e4c5891f7a5,2014-08,Essex Police,Essex Police,1.257644,51.932063,On or near Deane'S Close,E01022006,Tendring 002C,Burglary,Under investigation,
c8c6a1508fbb08ac043e668e7efc949cde7ce4879d0a39854d707d86056c30a1,2014-08,Essex Police,Essex Police,1.254906,51.932022,On or near Laurel Avenue,E01022006,Tendring 002C,Criminal damage and arson,Investigation complete; no suspect identified,
1ebeef9706cfe99aca8390463208c9cd209d0a4d412999359c27afc1b9904f6e,2014-08,Essex Police,Essex Police,1.260704,51.932527,On or near Grange Road,E01022006,Tendring 002C,Other theft,Under investigation,
612ffd0fa438aeed74d5a7f4864ee3fbfaf3202eee6e7a0baa2cc89160096bdc,2014-08,Essex Police,Essex Police,1.261481,51.934205,On or near Main Road,E01022006,Tendring 002C,Public order,Under investigation,
d0d971689a3ca845f4cfa7d543a929c6f2b6ca00eb8847b4fe957d049955316a,2014-08,Essex Police,Essex Police,1.257469,51.930251,On or near Washington Road,E01022006,Tendring 002C,Vehicle crime,Awaiting court outcome,
68c776f110bdee849d86d6799e9ea07317c73ece1815c75f334b24b5c40874bc,2014-08,Essex Police,Essex Police,1.257809,51.933128,On or near Supermarket,E01022006,Tendring 002C,Violence and sexual offences,Unable to prosecute suspect,
e021fe92ed435a9d49612b306465b34012aa101e64f0aa4ed4d51d950ace0bdb,2014-08,Essex Police,Essex Police,1.255425,51.932151,On or near Blackthorn Road,E01022006,Tendring 002C,Violence and sexual offences,Awaiting court outcome,
e8bc94037185313db7bd696492462a49f1841d4c4271cc80f4c935c1c6caf8a7,2014-08,Essex Police,Essex Police,1.261481,51.934205,On or near Main Road,E01022006,Tendring 002C,Violence and sexual offences,Under investigation,
cada8dccedfb2e83566181803c61ade3c1cab6de9b1a6f370f7f990d59809601,2014-08,Essex Police,Essex Police,1.255425,51.932151,On or near Blackthorn Road,E01022006,Tendring 002C,Violence and sexual offences,Unable to prosecute suspect,
2286f9569da57430385b78bee8f4c7bfab9e1569e2f4abe3b0ca8a613f3c529c,2014-08,Essex Police,Essex Police,1.254082,51.931289,On or near Willow Way,E01022006,Tendring 002C,Violence and sexual offences,Under investigation,
8de5090aa121706805ca579cd7df358a6c587eb01f4024f4dd0837950e97391e,2014-08,Essex Police,Essex Police,1.261481,51.934205,On or near Main Road,E01022006,Tendring 002C,Violence and sexual offences,Under investigation,
,2014-08,Essex Police,Essex Police,1.260534,51.935391,On or near Rosebank,E01022007,Tendring 002D,Anti-social behaviour,,
,2014-08,Essex Police,Essex Police,1.255638,51.935491,On or near Clarke'S Road,E01022007,Tendring 002D,Anti-social behaviour,,
,2014-08,Essex Police,Essex Police,1.260163,51.937695,On or near Harcourt Avenue,E01022007,Tendring 002D,Anti-social behaviour,,
,2014-08,Essex Police,Essex Police,1.258434,51.936934,On or near Parkeston Road,E01022007,Tendring 002D,Anti-social behaviour,,
,2014-08,Essex Police,Essex Police,1.254968,51.934691,On or near Oulton Close,E01022007,Tendring 002D,Anti-social behaviour,,
,2014-08,Essex Police,Essex Police,1.260163,51.937695,On or near Harcourt Avenue,E01022007,Tendring 002D,Anti-social behaviour,,
,2014-08,Essex Police,Essex Police,1.260163,51.937695,On or near Harcourt Avenue,E01022007,Tendring 002D,Anti-social behaviour,,
,2014-08,Essex Police,Essex Police,1.260163,51.937695,On or near Harcourt Avenue,E01022007,Tendring 002D,Anti-social behaviour,,
,2014-08,Essex Police,Essex Police,1.258434,51.936934,On or near Parkeston Road,E01022007,Tendring 002D,Anti-social behaviour,,
,2014-08,Essex Police,Essex Police,1.258434,51.936934,On or near Parkeston Road,E01022007,Tendring 002D,Anti-social behaviour,,
90e96cdf739157a611c706c83989f8944700673c8ab46f1d03b924f776b39bb5,2014-08,Essex Police,Essex Police,1.260163,51.937695,On or near Harcourt Avenue,E01022007,Tendring 002D,Criminal damage and arson,Investigation complete; no suspect identified,
5c50cfd968b02888b0443597304f13cece60dca8b748d94d76a7ab75504ead3a,2014-08,Essex Police,Essex Police,1.260356,51.940955,On or near Petrol Station,E01022007,Tendring 002D,Shoplifting,Under investigation,
3877464bab6daa3ef08e7a090b25fa2905af52faa3e374e5276968a392ca454e,2014-08,Essex Police,Essex Police,1.260356,51.940955,On or near Petrol Station,E01022007,Tendring 002D,Shoplifting,Under investigation,
,2014-08,Essex Police,Essex Police,1.252621,51.942869,On or near Adelaide Street,E01033051,Tendring 002F,Anti-social behaviour,,
,2014-08,Essex Police,Essex Police,1.249452,51.943919,On or near Foster Road,E01033051,Tendring 002F,Anti-social behaviour,,
,2014-08,Essex Police,Essex Police,1.252000,51.929053,On or near Arderne Close,E01033051,Tendring 002F,Anti-social behaviour,,
,2014-08,Essex Police,Essex Police,1.252621,51.942869,On or near Adelaide Street,E01033051,Tendring 002F,Anti-social behaviour,,
,2014-08,Essex Police,Essex Police,1.254999,51.942947,On or near Garland Road,E01033051,Tendring 002F,Anti-social behaviour,,
,2014-08,Essex Police,Essex Police,1.254999,51.942947,On or near Garland Road,E01033051,Tendring 002F,Anti-social behaviour,,
,2014-08,Essex Police,Essex Police,1.247783,51.930698,On or near Rowland'S Yard,E01033051,Tendring 002F,Anti-social behaviour,,
,2014-08,Essex Police,Essex Police,1.247783,51.930698,On or near Rowland'S Yard,E01033051,Tendring 002F,Anti-social behaviour,,
,2014-08,Essex Police,Essex Police,1.249452,51.943919,On or near Foster Road,E01033051,Tendring 002F,Anti-social behaviour,,
,2014-08,Essex Police,Essex Police,1.252000,51.929053,On or near Arderne Close,E01033051,Tendring 002F,Anti-social behaviour,,
7b931ba545aac25b5d48289ba4234c70b0e4c5e893e44481463c01e8b7837cf5,2014-08,Essex Police,Essex Police,1.252621,51.942869,On or near Adelaide Street,E01033051,Tendring 002F,Bicycle theft,Investigation complete; no suspect identified,
916bf551c64852d144bf93e9d19b4374a44bb7b1f3125256e7f6658d1a299214,2014-08,Essex Police,Essex Police,1.245402,51.930566,On or near Chase Court,E01033051,Tendring 002F,Burglary,Investigation complete; no suspect identified,
017c2d42d14a475d282dbeef53563a12b554ecf379c9391e1f6e3b384c570f81,2014-08,Essex Police,Essex Police,1.250910,51.930882,On or near Holyrood,E01033051,Tendring 002F,Burglary,Investigation complete; no suspect identified,
393379b6510deb719cbb785cc99d95f6a7db270dc26eb99f2184f06ce70e9bfc,2014-08,Essex Police,Essex Police,1.247783,51.930698,On or near Rowland'S Yard,E01033051,Tendring 002F,Burglary,Investigation complete; no suspect identified,
7e6200a4771c3ecc88afce1955d6d0465f7117561110932506f49edb4a3a3145,2014-08,Essex Police,Essex Police,1.250910,51.930882,On or near Holyrood,E01033051,Tendring 002F,Burglary,Unable to prosecute suspect,
7c26d7374020f1afdb7c43b899eaa823ef8ff8d90308f5f82e933ea76c58fcf3,2014-08,Essex Police,Essex Police,1.256571,51.943551,On or near Parkeston Road,E01033051,Tendring 002F,Criminal damage and arson,Under investigation,
6660add0ea777fecb97f436c2b7f771acaab483aa5c24be7b54b45df8f9cc673,2014-08,Essex Police,Essex Police,1.252275,51.929846,On or near Long Meadows,E01033051,Tendring 002F,Criminal damage and arson,Investigation complete; no suspect identified,
c16487e6c439aa95e1c2a4a7812b9a9fe51e7d54c5bae2c27416415963e52798,2014-08,Essex Police,Essex Police,1.253501,51.925468,On or near Frobisher Road,E01033051,Tendring 002F,Criminal damage and arson,Unable to prosecute suspect,
2c450685eee9e3f0d8d585bb4dd98bc0ca5f5e281fe99377a11d090f6c3a3189,2014-08,Essex Police,Essex Police,1.250981,51.941925,On or near Una Road,E01033051,Tendring 002F,Criminal damage and arson,Under investigation,
9cc0808b85377c1946e1933fae69c70aea35dbb45ea015653b31399154ffa65d,2014-08,Essex Police,Essex Police,1.252621,51.942869,On or near Adelaide Street,E01033051,Tendring 002F,Drugs,Local resolution,
3a73983aa066133aeb9b857581175e7de49e9d5bba8711e29fc9cf496fff660b,2014-08,Essex Police,Essex Police,1.253201,51.927356,On or near Minerva Close,E01033051,Tendring 002F,Drugs,Awaiting court outcome,
f6dfd87a33ff95bd54985db60e6e480e468f78c4a2d5e8b4a7f09f98ef69bafe,2014-08,Essex Police,Essex Police,1.249860,51.942325,On or near Edward Street,E01033051,Tendring 002F,Possession of weapons,Awaiting court outcome,
a773942c58468c76548383130bee54435276e2bfbf64fba61767fc20966c482f,2014-08,Essex Police,Essex Police,1.255188,51.928686,On or near Pelham Close,E01033051,Tendring 002F,Vehicle crime,Investigation complete; no suspect identified,
4413f19b136c8c8f053f98073660de2db5675674383b6df525ca57fb8cef7a7b,2014-08,Essex Police,Essex Police,1.256571,51.943551,On or near Parkeston Road,E01033051,Tendring 002F,Violence and sexual offences,Under investigation,
f3d5ba504b91e6afb1a34bd59b6d6729c1fc18b9b5a31e8008720140705c826c,2014-08,Essex Police,Essex Police,1.254999,51.942947,On or near Garland Road,E01033051,Tendring 002F,Violence and sexual offences,Under investigation,
8d3fb7983a2a9021e8f1711f2721ddfad2b6e9b64fdf6308a1cadd4fff91e10c,2014-08,Essex Police,Essex Police,1.256571,51.943551,On or near Parkeston Road,E01033051,Tendring 002F,Violence and sexual offences,Awaiting court outcome,
076e86e879e8ce0f532c91dfc6c9159bf45cb30a8be9887f364bb4f347babbf3,2014-08,Essex Police,Essex Police,1.252621,51.942869,On or near Adelaide Street,E01033051,Tendring 002F,Violence and sexual offences,Under investigation,
5a4d6190fd86be02180709ad40ba6dc113158603415d95f0bae976b0c9a7b2c0,2014-08,Essex Police,Essex Police,1.249452,51.943919,On or near Foster Road,E01033051,Tendring 002F,Violence and sexual offences,Under investigation,
1962184678359f1ca2a75cd65f313bbaa4db2d23719fc880393a97c201fcf057,2014-08,Essex Police,Essex Police,1.253815,51.929812,On or near Balton Way,E01033051,Tendring 002F,Violence and sexual offences,Awaiting court outcome,
0cbb8d5b77eb1eacf13357067b1288ef2a809426e52f8a06471d16f5dee2ef21,2014-08,Essex Police,Essex Police,1.250910,51.930882,On or near Holyrood,E01033051,Tendring 002F,Violence and sexual offences,Unable to prosecute suspect,
,2014-08,Essex Police,Essex Police,1.117336,51.933832,On or near Station Road,E01021978,Tendring 003A,Anti-social behaviour,,
,2014-08,Essex Police,Essex Police,1.137361,51.911184,On or near Swedish Estate,E01021978,Tendring 003A,Anti-social behaviour,,
,2014-08,Essex Police,Essex Police,1.151206,51.939001,On or near Wheatsheaf Close,E01021978,Tendring 003A,Anti-social behaviour,,
,2014-08,Essex Police,Essex Police,1.171455,51.939311,On or near Parking Area,E01021978,Tendring 003A,Anti-social behaviour,,
,2014-08,Essex Police,Essex Police,1.116619,51.931045,On or near The Street,E01021978,Tendring 003A,Anti-social behaviour,,
2475a2470d8eb225444966d3ccc6d6b5c764724e716b44617845fe0b47f51316,2014-08,Essex Police,Essex Police,1.105416,51.924524,On or near Barrack Street,E01021978,Tendring 003A,Criminal damage and arson,Investigation complete; no suspect identified,
30c2ec7e37cfdfc17fa4d8a1d83b37e547f4f4ac33b4884f0107a9ece2ca5b62,2014-08,Essex Police,Essex Police,1.168766,51.939150,On or near Station Road,E01021978,Tendring 003A,Criminal damage and arson,Investigation complete; no suspect identified,
04d857952eabec511bfe5c696b5cfdcbada298c68bdda6619041c25f354abb4b,2014-08,Essex Police,Essex Police,1.143565,51.913797,On or near Wix By-Pass,E01021978,Tendring 003A,Criminal damage and arson,Awaiting court outcome,
bda5ab2ebd7128666fd1474d525d68f232c7725bcba2d10fb04c2f89f1d9bc43,2014-08,Essex Police,Essex Police,1.148542,51.912810,On or near Harwich Road,E01021978,Tendring 003A,Other theft,Investigation complete; no suspect identified,
5cccdd1619a4564ee3c98875ce4120a09b6f89ccfe5df3409a11e091e1813e50,2014-08,Essex Police,Essex Police,1.148542,51.912810,On or near Harwich Road,E01021978,Tendring 003A,Other theft,Investigation complete; no suspect identified,
5e10e978a18eddb0761fefca4fb7da1b7d5e8bdc44f6a9c79e40cd11def8a7cb,2014-08,Essex Police,Essex Police,1.143565,51.913797,On or near Wix By-Pass,E01021978,Tendring 003A,Public order,Awaiting court outcome,
,2014-08,Essex Police,Essex Police,1.048890,51.947498,On or near Nash Close,E01022013,Tendring 003B,Anti-social behaviour,,
,2014-08,Essex Police,Essex Police,1.037433,51.939277,On or near Wignall Street,E01022013,Tendring 003B,Anti-social behaviour,,
3d9ebd58e59e1cf2cf2a8f0dcbba2b26cbe17519327f4eb5f7b04af2a37fafbf,2014-08,Essex Police,Essex Police,1.007245,51.935889,On or near Sports/Recreation Area,E01022013,Tendring 003B,Burglary,Investigation complete; no suspect identified,
dd01b7be89b7cf657910356791bd97abc24c4ce1da08c49e447701aff7e79f94,2014-08,Essex Police,Essex Police,1.045081,51.938540,On or near Long Road,E01022013,Tendring 003B,Criminal damage and arson,Investigation complete; no suspect identified,
464d8bff6f4b33c8e83c59d4778442ec23c7fc28ad63c122f0930b4362040b59,2014-08,Essex Police,Essex Police,1.048890,51.947498,On or near Nash Close,E01022013,Tendring 003B,Criminal damage and arson,Under investigation,
9220bcb3faf3084e4a9c72c011c9cdbdf8dac65793423b42aa5e6c00a0a43a80,2014-08,Essex Police,Essex Police,1.045095,51.938108,On or near Petrol Station,E01022013,Tendring 003B,Other theft,Under investigation,
ae3530d52b541642bc3edff3cb158ae09ce31992ca602d3e31b11614d2cbcf9e,2014-08,Essex Police,Essex Police,1.007245,51.935889,On or near Sports/Recreation Area,E01022013,Tendring 003B,Other theft,Under investigation,
33f4c4167c65c4315ea3c8ac5ee432c2ae2294ec779ca26e3bc4c70bbc103f68,2014-08,Essex Police,Essex Police,1.045081,51.938540,On or near Long Road,E01022013,Tendring 003B,Violence and sexual offences,Under investigation,
,2014-08,Essex Police,Essex Police,1.053873,51.940300,On or near Merivale Close,E01022014,Tendring 003C,Anti-social behaviour,,
,2014-08,Essex Police,Essex Police,1.057766,51.942771,On or near Riverview,E01022014,Tendring 003C,Anti-social behaviour,,
,2014-08,Essex Police,Essex Police,1.048486,51.928676,On or near Bromley Road,E01022014,Tendring 003C,Anti-social behaviour,,
009e0342d70cd06654950e3184f3d282ded906be9d912349b319a9c1d8591a9f,2014-08,Essex Police,Essex Police,1.053245,51.939839,On or near Merivale Road,E01022014,Tendring 003C,Burglary,Investigation complete; no suspect identified,
02921ad30014a48208a42bc561ea0abef2b9f810f064902b95dbd5482291dfec,2014-08,Essex Police,Essex Police,1.057766,51.942771,On or near Riverview,E01022014,Tendring 003C,Criminal damage and arson,Investigation complete; no suspect identified,
88f09111ebee9d7e5dbdc365b791bbcacc7996fa01b02f327436be1dea30672f,2014-08,Essex Police,Essex Police,1.053245,51.939839,On or near Merivale Road,E01022014,Tendring 003C,Violence and sexual offences,Unable to prosecute suspect,
650d0a444929b6c5863e0a79dae514f1bedd64eb60b6e4ecc0f1805adc36bfa1,2014-08,Essex Police,Essex Police,1.053245,51.939839,On or near Merivale Road,E01022014,Tendring 003C,Violence and sexual offences,Under investigation,
,2014-08,Essex Police,Essex Police,1.051200,51.945730,On or near Blake Close,E01022015,Tendring 003D,Anti-social behaviour,,
,2014-08,Essex Police,Essex Police,1.057943,51.946445,On or near Victoria Crescent,E01022015,Tendring 003D,Anti-social behaviour,,
,2014-08,Essex Police,Essex Police,1.052386,51.947336,On or near Turner Avenue,E01022015,Tendring 003D,Anti-social behaviour,,
,2014-08,Essex Police,Essex Police,1.053090,51.945051,On or near Barker Close,E01022015,Tendring 003D,Anti-social behaviour,,
21e33d250138ce80518314c9fd8bc4b5bcf830b37b03bc6a42971b0009d619f7,2014-08,Essex Police,Essex Police,1.052386,51.947336,On or near Turner Avenue,E01022015,Tendring 003D,Vehicle crime,Investigation complete; no suspect identified,
c6af1b9b91065daa013c374b7a42921722fb40e7b5b4a1665452974d2d44b004,2014-08,Essex Police,Essex Police,1.057245,51.947524,On or near Jubilee End,E01022015,Tendring 003D,Vehicle crime,Investigation complete; no suspect identified,
583fd7a007cb126f6dc0c5386a61484d7fe48f264038b4bb9b7f356e213ed99a,2014-08,Essex Police,Essex Police,1.051960,51.945341,On or near Gainsborough Drive,E01022015,Tendring 003D,Violence and sexual offences,Under investigation,
25f690dc7a714214ebbe011893e90ff7f6f0f802ebd8755ccf1bd09be9e63fec,2014-08,Essex Police,Essex Police,1.114585,51.874806,On or near The Street,E01022019,Tendring 003E,Burglary,Under investigation,
a56fdbc844f0fefd0989067cf953ca6c3f9489718a077a4ecf73cf5e0a5c73ee,2014-08,Essex Police,Essex Police,1.116500,51.874755,On or near Hollyview Close,E01022019,Tendring 003E,Criminal damage and arson,Investigation complete; no suspect identified,
6498a828ff3288bff608a43127b44e543679ed11c849411a0e8028a7a21db268,2014-08,Essex Police,Essex Police,1.060550,51.888546,On or near Park Road,E01022019,Tendring 003E,Criminal damage and arson,Under investigation,
29bc13aacb2f46743382a9e9a0843900a2f4bcc17ebe49c8426d947192ede7d8,2014-08,Essex Police,Essex Police,1.109169,51.889591,On or near Heath Road,E01022019,Tendring 003E,Other theft,Investigation complete; no suspect identified,
8d16a405b3b30f78c59f88e7ca425fb8e386c8cce53c7d4e161ce93bdfcbb785,2014-08,Essex Police,Essex Police,1.093192,51.896326,On or near B1035,E01022019,Tendring 003E,Violence and sexual offences,Under investigation,
69badad35108a9e2cd8d50f657e4215ae55252aa48d6279ebfbf3a9c0accd078,2014-08,Essex Police,Essex Police,1.093192,51.896326,On or near B1035,E01022019,Tendring 003E,Violence and sexual offences,Under investigation,
ac3630848e486d420f6dae6595d31a4c5c19cc5d191c6967396fb511fa4fd199,2014-08,Essex Police,Essex Police,1.102571,51.887913,On or near Pilcox Hall Lane,E01022019,Tendring 003E,Violence and sexual offences,Under investigation,
af874f07fb7268521d4433a24733ddad1df3e3f33d4e9eb98becd0cb69f3b9ec,2014-08,Essex Police,Essex Police,1.093192,51.896326,On or near B1035,E01022019,Tendring 003E,Violence and sexual offences,Under investigation,
,2014-08,Essex Police,Essex Police,1.060724,51.944529,On or near Colchester Road,E01022020,Tendring 003F,Anti-social behaviour,,
,2014-08,Essex Police,Essex Police,1.064033,51.945036,On or near Stour Street,E01022020,Tendring 003F,Anti-social behaviour,,
,2014-08,Essex Police,Essex Police,1.066906,51.945771,On or near The Walls,E01022020,Tendring 003F,Anti-social behaviour,,
,2014-08,Essex Police,Essex Police,1.078139,51.944893,On or near The Lane,E01022020,Tendring 003F,Anti-social behaviour,,
,2014-08,Essex Police,Essex Police,1.082260,51.942590,On or near School Lane,E01022020,Tendring 003F,Anti-social behaviour,,
d28c20943004ed97f380c29b92288d50a28d2e2b6d5713b09d0e0c6a59c9feb6,2014-08,Essex Police,Essex Police,1.066906,51.945771,On or near The Walls,E01022020,Tendring 003F,Criminal damage and arson,Investigation complete; no suspect identified,
503100bde0cd253d4774aeab8a8ba461adcefbd3e620804a91a7f0ade05a4893,2014-08,Essex Police,Essex Police,1.062805,51.945815,On or near North Street,E01022020,Tendring 003F,Other theft,Investigation complete; no suspect identified,
2913de9f1a8b3f58bf213febe9562583eb09862a88d468c56605cff61110ad4d,2014-08,Essex Police,Essex Police,1.064033,51.945036,On or near Stour Street,E01022020,Tendring 003F,Public order,Under investigation,
8ce6be3d4ecc38efe8a6691eb8d42c7b091bced495de0f3a5ec31acb2cd4bf0a,2014-08,Essex Police,Essex Police,1.060285,51.945575,On or near Station Road,E01022020,Tendring 003F,Shoplifting,Under investigation,
93099356895d0c6ea135e20b2dfd14ada1e1c3ab0d6b14d29022b89632af9e76,2014-08,Essex Police,Essex Police,1.060285,51.945575,On or near Station Road,E01022020,Tendring 003F,Shoplifting,Under investigation,
37568b89d32d53710dca1386fd9336b372283591494202933129edc2f3996069,2014-08,Essex Police,Essex Police,1.060285,51.945575,On or near Station Road,E01022020,Tendring 003F,Shoplifting,Awaiting court outcome,
dda3f16840a004d63569cb1940f756ba4bb46904f7974bd9e974fcfc3e848db4,2014-08,Essex Police,Essex Police,1.060285,51.945575,On or near Station Road,E01022020,Tendring 003F,Shoplifting,Under investigation,
4e7651c24b23239de573ef89802b12acc6ec8dc05bc7ba1317afe68dfb89a17e,2014-08,Essex Police,Essex Police,1.060285,51.945575,On or near Station Road,E01022020,Tendring 003F,Shoplifting,Under investigation,
add7045158641b28b77054d6b294c90cd760f848b319822295f044ad86df3d9b,2014-08,Essex Police,Essex Police,1.060285,51.945575,On or near Station Road,E01022020,Tendring 003F,Other crime,Under investigation,
,2014-08,Essex Police,Essex Police,1.083311,51.942419,On or near Barley Close,E01022021,Tendring 003G,Anti-social behaviour,,
,2014-08,Essex Police,Essex Police,1.085155,51.942362,On or near California Road,E01022021,Tendring 003G,Anti-social behaviour,,
,2014-08,Essex Police,Essex Police,1.091917,51.941860,On or near Stourview Close,E01022021,Tendring 003G,Anti-social behaviour,,
4c23ca5b6199317428fec6c9803bf89b7cb5caef8c7b8b013e637544c5230465,2014-08,Essex Police,Essex Police,1.084703,51.940863,On or near Shrubland Road,E01022021,Tendring 003G,Criminal damage and arson,Under investigation,
8057b8a367ee2407c52dc2b1fd836f2ba8f1abd34181a4a6e15a0f8491425c08,2014-08,Essex Police,Essex Police,1.089022,51.941667,On or near Remercie Road,E01022021,Tendring 003G,Violence and sexual offences,Under investigation,
84dc2bca148e70c05f270fffa7023e0845c2eb3f736ef166de58ead3cddadf9c,2014-08,Essex Police,Essex Police,1.085881,51.941488,On or near Brunswick House Cut,E01022021,Tendring 003G,Violence and sexual offences,Under investigation,
9c1edc5754a78e4bf9b68316bf252c9dafc5943c3ef3727978dd7c8d88aeb218,2014-08,Essex Police,Essex Police,1.184647,51.902259,On or near School Road,E01021991,Tendring 004A,Bicycle theft,Investigation complete; no suspect identified,
,2014-08,Essex Police,Essex Police,1.229514,51.917602,On or near Seaview Avenue,E01021992,Tendring 004B,Anti-social behaviour,,
,2014-08,Essex Police,Essex Police,1.229514,51.917602,On or near Seaview Avenue,E01021992,Tendring 004B,Anti-social behaviour,,
,2014-08,Essex Police,Essex Police,1.229514,51.917602,On or near Seaview Avenue,E01021992,Tendring 004B,Anti-social behaviour,,
5b96ad324555e35b721a21753a9bdeaa6ebd1a7bbaeef426fff62f63fceac2d2,2014-08,Essex Police,Essex Police,1.229425,51.920618,On or near Sports/Recreation Area,E01021992,Tendring 004B,Other theft,Investigation complete; no suspect identified,
569c7c776b7f021d0cd72808946a5c5c8d1de4a6617db65d4825d96d84e30055,2014-08,Essex Police,Essex Police,1.230330,51.922077,On or near Harwich Road,E01021992,Tendring 004B,Vehicle crime,Investigation complete; no suspect identified,
,2014-08,Essex Police,Essex Police,1.240400,51.930812,On or near Valley Road,E01022002,Tendring 004C,Anti-social behaviour,,
,2014-08,Essex Police,Essex Police,1.239670,51.927549,On or near Bramble Tye,E01022002,Tendring 004C,Anti-social behaviour,,
,2014-08,Essex Police,Essex Police,1.243049,51.928203,On or near Oakley Road,E01022002,Tendring 004C,Anti-social behaviour,,
,2014-08,Essex Police,Essex Police,1.240070,51.928851,On or near Dove Crescent,E01022002,Tendring 004C,Anti-social behaviour,,
,2014-08,Essex Police,Essex Police,1.240070,51.928851,On or near Dove Crescent,E01022002,Tendring 004C,Anti-social behaviour,,
,2014-08,Essex Police,Essex Police,1.234993,51.928254,On or near Artillery Drive,E01022002,Tendring 004C,Anti-social behaviour,,
49e23c6c63cd330c346ac5be1f56d8deffcfdedfb66c0df5e48c76c04af0d6c3,2014-08,Essex Police,Essex Police,1.232480,51.928305,On or near Military Way,E01022002,Tendring 004C,Burglary,Under investigation,
68f66f1e800436f97dacca71e70071097e3dffcb53cc5b2834d3808e3287daaf,2014-08,Essex Police,Essex Police,1.241801,51.928858,On or near Devon Way,E01022002,Tendring 004C,Burglary,Investigation complete; no suspect identified,
a0b16a328a7c51b90e269080ae7d6318adc3c8c5f3a96c22913f3d6081fc0431,2014-08,Essex Police,Essex Police,1.239198,51.929676,On or near Ramsey Road,E01022002,Tendring 004C,Criminal damage and arson,Investigation complete; no suspect identified,
f3a5bd3dc97982d334b220d2a64ca9fadf146013050a2eef5737da25466eaf9b,2014-08,Essex Police,Essex Police,1.239670,51.927549,On or near Bramble Tye,E01022002,Tendring 004C,Criminal damage and arson,Under investigation,
72f9cba824bcb06436e5ba2cbc37e065e94052e1fb065a03b1f37ab158a3f4de,2014-08,Essex Police,Essex Police,1.241379,51.927646,On or near Oakley Road,E01022002,Tendring 004C,Vehicle crime,Investigation complete; no suspect identified,
fc393cf6919512a9d98744722515151ff9f904f7ade32c5b04f6c501a630ac11,2014-08,Essex Police,Essex Police,1.236660,51.929188,On or near Ramsey Road,E01022002,Tendring 004C,Vehicle crime,Under investigation,
edbbba550788bfeee7b0304cc2f6e94de373b8bd08de9bf43530b659ddefa3c6,2014-08,Essex Police,Essex Police,1.234855,51.926738,On or near Hankin Avenue,E01022002,Tendring 004C,Violence and sexual offences,Under investigation,
,2014-08,Essex Police,Essex Police,1.256591,51.928368,On or near Abbott Road,E01022004,Tendring 004D,Anti-social behaviour,,
,2014-08,Essex Police,Essex Police,1.256497,51.927471,On or near Acorn Close,E01022004,Tendring 004D,Anti-social behaviour,,
,2014-08,Essex Police,Essex Police,1.248576,51.926971,On or near Magpie Close,E01022004,Tendring 004D,Anti-social behaviour,,
,2014-08,Essex Police,Essex Police,1.254999,51.926874,On or near Freshfields,E01022004,Tendring 004D,Anti-social behaviour,,
,2014-08,Essex Police,Essex Police,1.248766,51.930006,On or near Litchfield,E01022004,Tendring 004D,Anti-social behaviour,,
,2014-08,Essex Police,Essex Police,1.256591,51.928368,On or near Abbott Road,E01022004,Tendring 004D,Anti-social behaviour,,
,2014-08,Essex Police,Essex Police,1.257820,51.928055,On or near Rebow Road,E01022004,Tendring 004D,Anti-social behaviour,,
,2014-08,Essex Police,Essex Police,1.258708,51.924856,On or near Sports/Recreation Area,E01022004,Tendring 004D,Anti-social behaviour,,
,2014-08,Essex Police,Essex Police,1.246699,51.926978,On or near Kingfisher Drive,E01022004,Tendring 004D,Anti-social behaviour,,
6cf8bb2bf24b391c6ce7f7b383140419a3798ca2b7b062037de7232f16f2b068,2014-08,Essex Police,Essex Police,1.258708,51.924856,On or near Sports/Recreation Area,E01022004,Tendring 004D,Bicycle theft,Awaiting court outcome,
01429b26f09fd511af972e67e69254b32bdba0fd442fec1d44f8a9ca29327257,2014-08,Essex Police,Essex Police,1.258708,51.924856,On or near Sports/Recreation Area,E01022004,Tendring 004D,Bicycle theft,Investigation complete; no suspect identified,
87567d820f12a0a34d9c59a8732b2ea3eedd71239ef636a9feb85aed53a2d3fc,2014-08,Essex Police,Essex Police,1.258708,51.924856,On or near Sports/Recreation Area,E01022004,Tendring 004D,Bicycle theft,Investigation complete; no suspect identified,
171bc67c534c0adbbfba3979dc33dc87ee88245ac33dd78bfdefca8452068abd,2014-08,Essex Police,Essex Police,1.258708,51.924856,On or near Sports/Recreation Area,E01022004,Tendring 004D,Burglary,Under investigation,
4039a4c51770af595803ed640f668c71c79706b35edb47d78852e9075c8becee,2014-08,Essex Police,Essex Police,1.247943,51.925459,On or near Bullfinch Close,E01022004,Tendring 004D,Criminal damage and arson,Under investigation,
aa01890298653e7587c174730ddf6c1e4a4cf437bb258da53bd6517fe71bb006,2014-08,Essex Police,Essex Police,1.257257,51.929726,On or near Allfields,E01022004,Tendring 004D,Criminal damage and arson,Investigation complete; no suspect identified,
38618bd87d4d178644fd40f02317e3b48d349c24363a0842dc19d7341559e036,2014-08,Essex Police,Essex Police,1.249972,51.928974,On or near Goodlake Close,E01022004,Tendring 004D,Criminal damage and arson,Under investigation,
8d09ca58a619175a3b1f24fd1c483cfed257042c2a29c4cc109ea49aaa3fcc37,2014-08,Essex Police,Essex Police,1.256591,51.928368,On or near Abbott Road,E01022004,Tendring 004D,Criminal damage and arson,Investigation complete; no suspect identified,
b89ea0e1821d9e38407fac17a3b327cc4abde55a0cb73ab4079ac0f134b30468,2014-08,Essex Police,Essex Police,1.256591,51.928368,On or near Abbott Road,E01022004,Tendring 004D,Criminal damage and arson,Investigation complete; no suspect identified,
fb62eff0876a7c24d5baaee7b23739589c7180f6305fb3315d0473dbdf92911f,2014-08,Essex Police,Essex Police,1.257257,51.929726,On or near Allfields,E01022004,Tendring 004D,Criminal damage and arson,Investigation complete; no suspect identified,
c05ffaa60cc5048fe3fac9bf1fa050a3748593cbd01d4b8094ebb14d3e2e2f2e,2014-08,Essex Police,Essex Police,1.247497,51.927342,On or near Swallow Close,E01022004,Tendring 004D,Other theft,Under investigation,
b21960bc7081326292ed364a65338389324560a3893b3f014afdfc3f2de5a950,2014-08,Essex Police,Essex Police,1.256591,51.928368,On or near Abbott Road,E01022004,Tendring 004D,Public order,Unable to prosecute suspect,
e37609d49f559eb43041e9d02c867f764999dfb97aa44da3e907197d82fe01a9,2014-08,Essex Police,Essex Police,1.256591,51.928368,On or near Abbott Road,E01022004,Tendring 004D,Public order,Unable to prosecute suspect,
8166518482ddc5d79d105fb3ec3a32f997228280edc94c02efade3d1975e2474,2014-08,Essex Police,Essex Police,1.249972,51.928974,On or near Goodlake Close,E01022004,Tendring 004D,Vehicle crime,Investigation complete; no suspect identified,
16810b8d9098ff52af50081ea315ba669fa58e27d469959ce9bfc238c1477912,2014-08,Essex Police,Essex Police,1.248504,51.928187,On or near Jubilee Close,E01022004,Tendring 004D,Violence and sexual offences,Unable to prosecute suspect,
94ec8823f18297ee672070df988e9cebd3751c343639ad6c05adb947afe1ad21,2014-08,Essex Police,Essex Police,1.257820,51.928055,On or near Rebow Road,E01022004,Tendring 004D,Violence and sexual offences,Under investigation,
0b187e2c3cdb1f96f93f5afdef7094342a27e71d19bb9aaf32021633057d77ab,2014-08,Essex Police,Essex Police,1.248504,51.928187,On or near Jubilee Close,E01022004,Tendring 004D,Violence and sexual offences,Under investigation,
aedbc1dc9da13a97bd74de694ca14f47e02f212d9ebb4ca44dc2509d3582cccc,2014-08,Essex Police,Essex Police,1.256591,51.928368,On or near Abbott Road,E01022004,Tendring 004D,Violence and sexual offences,Under investigation,
836a069e7140c2e8440c02ce07dac71229fe581132d13cac4caa2f9296302197,2014-08,Essex Police,Essex Police,1.256591,51.928368,On or near Abbott Road,E01022004,Tendring 004D,Violence and sexual offences,Unable to prosecute suspect,
,2014-08,Essex Police,Essex Police,1.268786,51.928812,On or near Kreswell Grove,E01022005,Tendring 004E,Anti-social behaviour,,
,2014-08,Essex Police,Essex Police,1.271384,51.927535,On or near Park/Open Space,E01022005,Tendring 004E,Anti-social behaviour,,
,2014-08,Essex Police,Essex Police,1.267194,51.933327,On or near Highfield Avenue,E01022005,Tendring 004E,Anti-social behaviour,,
31c3974628155acaf15e39a2fd98a2a29725abbc36e27191689e78495ad9bde2,2014-08,Essex Police,Essex Police,1.264216,51.931988,On or near Manor Lane,E01022005,Tendring 004E,Bicycle theft,Investigation complete; no suspect identified,
5ae8f3157c555734d0a8a69d2e441d15c1a7f5866b389562924a206fb8af39b8,2014-08,Essex Police,Essex Police,1.271211,51.925957,On or near Promenade,E01022005,Tendring 004E,Bicycle theft,Under investigation,
14b26ffc800646aada5c5ab30e107f7ae401ce1845b1a415546aa63f3b5484ba,2014-08,Essex Police,Essex Police,1.269294,51.930003,On or near The Drive,E01022005,Tendring 004E,Burglary,Investigation complete; no suspect identified,
9d5588626ecb56a02c81453076af7331d218773ed3ca72632c1b8a5459791af2,2014-08,Essex Police,Essex Police,1.267194,51.933327,On or near Highfield Avenue,E01022005,Tendring 004E,Burglary,Under investigation,
340da0aeea4488cee1b07d9c7c12a727e07c11425542ab768e90ec8a257dbe7e,2014-08,Essex Police,Essex Police,1.264037,51.925922,On or near Brussels Close,E01022005,Tendring 004E,Burglary,Investigation complete; no suspect identified,
4dd33c7f8992fab42d4aeb1eeb3710d9547f7c3820a8ddee4abdf3d8a8fed955,2014-08,Essex Police,Essex Police,1.264216,51.931988,On or near Manor Lane,E01022005,Tendring 004E,Criminal damage and arson,Investigation complete; no suspect identified,
82e1083d70b4ce4f644c7d5089b77c12e70abd8be5b458c0bb377a154190f8fc,2014-08,Essex Police,Essex Police,1.271384,51.927535,On or near Park/Open Space,E01022005,Tendring 004E,Other theft,Investigation complete; no suspect identified,
,2014-08,Essex Police,Essex Police,1.194370,51.935156,On or near Wrabness Road,E01022028,Tendring 004F,Anti-social behaviour,,
,2014-08,Essex Police,Essex Police,1.184799,51.924533,On or near Parking Area,E01022028,Tendring 004F,Anti-social behaviour,,
,2014-08,Essex Police,Essex Police,1.228170,51.926229,On or near Mayes Lane,E01022028,Tendring 004F,Anti-social behaviour,,
adbe87630cabdd5aa75dc41858a7b4c18d25b939aeacd55510ccf80c777a5110,2014-08,Essex Police,Essex Police,1.221675,51.927360,On or near Church Hill,E01022028,Tendring 004F,Burglary,Awaiting court outcome,
653ab3205ee38ac80a9d27363a6f6636def5a6fd47cb5ca2b26af75859c82f32,2014-08,Essex Police,Essex Police,1.233363,51.930070,On or near Clayton Road,E01022028,Tendring 004F,Criminal damage and arson,Investigation complete; no suspect identified,
28a0a6939690b5c04870e844494451d1a6e83079cee8e667daadc1b30506fe1c,2014-08,Essex Police,Essex Police,1.215309,51.928254,On or near The Street,E01022028,Tendring 004F,Violence and sexual offences,Under investigation,
ffa21f771f5966584282dccfa8aa0c456203ba09b91c39ecd2e6edc448d9f704,2014-08,Essex Police,Essex Police,1.233101,51.930671,On or near Chevy Court,E01022028,Tendring 004F,Violence and sexual offences,Unable to prosecute suspect,
9ae306a56ac49f6a27d75510ad9ac5837d234b581da9657783a2dbb6713dd301,2014-08,Essex Police,Essex Police,1.233363,51.930070,On or near Clayton Road,E01022028,Tendring 004F,Violence and sexual offences,Under investigation,
4a055f3255214ece9e3c4605c671eae8a0eaaf9a97c126c496a72e0d4a910953,2014-08,Essex Police,Essex Police,1.233363,51.930070,On or near Clayton Road,E01022028,Tendring 004F,Violence and sexual offences,Under investigation,
,2014-08,Essex Police,Essex Police,0.985315,51.927076,On or near The Street,E01021971,Tendring 005A,Anti-social behaviour,,
96937b30bedc10b12c8e4f91c3933f05154dd0a84acb19ca58f3b30cdf8744ef,2014-08,Essex Police,Essex Police,0.946975,51.922296,On or near Crown Lane North,E01021971,Tendring 005A,Burglary,Investigation complete; no suspect identified,
adac30df4f0d31e20bc8362b59ef3dcc0acc25b471fab3b4a5508d62bbb38173,2014-08,Essex Police,Essex Police,0.946975,51.922296,On or near Crown Lane North,E01021971,Tendring 005A,Drugs,Awaiting court outcome,
5fa30c5e2cb8f85ae69f5bb39adf9fdb01f3d588be6e98075cf62f403642f8c7,2014-08,Essex Police,Essex Police,0.972231,51.921930,On or near Petrol Station,E01021971,Tendring 005A,Other theft,Investigation complete; no suspect identified,
032b3d77ca53fb5e12c78dc1d01110fd690a2af440321557d338a16965c8cbe5,2014-08,Essex Police,Essex Police,0.976727,51.932267,On or near Fen Lane,E01021971,Tendring 005A,Violence and sexual offences,Under investigation,
,2014-08,Essex Police,Essex Police,1.012113,51.925152,On or near Hungerdown Lane,E01021972,Tendring 005B,Anti-social behaviour,,
,2014-08,Essex Police,Essex Police,0.984749,51.925121,On or near Forge Court,E01021972,Tendring 005B,Anti-social behaviour,,
e4091f311cd52091d5c5b92be0f34fcd763dacf645f6130f2ff1aba35af5ea78,2014-08,Essex Police,Essex Police,0.980163,51.925075,On or near Aveline Road,E01021972,Tendring 005B,Burglary,Under investigation,
522e6084c5ab28ba20f4c68d5b0989cafa52e590d03966d6cd3c245ecdcb9c70,2014-08,Essex Police,Essex Police,1.046882,51.910595,On or near Church Road,E01021972,Tendring 005B,Criminal damage and arson,Under investigation,
1d66b3104b82defd350c319b2e4197eb41147b5f8b5844f008418eb5fd107e0b,2014-08,Essex Police,Essex Police,0.982031,51.926251,On or near Ingram'S Piece,E01021972,Tendring 005B,Criminal damage and arson,Investigation complete; no suspect identified,
b4d1e7aefa3ada84203a2373e40492807e614d98c9c224adacbfb8e971d2445f,2014-08,Essex Police,Essex Police,0.980163,51.925075,On or near Aveline Road,E01021972,Tendring 005B,Criminal damage and arson,Investigation complete; no suspect identified,
4a7bd8d4e61475e2ab95535a2965ff3027684a511f5d8e961e4ed7759ecd29b7,2014-08,Essex Police,Essex Police,1.047109,51.915877,On or near Shop Road,E01021972,Tendring 005B,Other theft,Investigation complete; no suspect identified,
4c9e53f72564d1a3a6a90050b6142c96cedab312fd34c91a00c6069a3f7be313,2014-08,Essex Police,Essex Police,0.969822,51.903509,On or near Bromley Road,E01021972,Tendring 005B,Other theft,Under investigation,
d426f7bf57ba082353d2e2127715829792153b4ad7a0a6859a9c848d6aa11648,2014-08,Essex Police,Essex Police,0.979451,51.912133,On or near Park/Open Space,E01021972,Tendring 005B,Vehicle crime,Investigation complete; no suspect identified,
b7c61914cb51e314b3b030e1b8375ee21bc5ce45d76cff0b796919d9d100f37f,2014-08,Essex Police,Essex Police,0.985415,51.925949,On or near Harwich Road,E01021972,Tendring 005B,Vehicle crime,Under investigation,
6457e9cab22215af7cb1322781a108b2ce8e4563bb471c435257a56f10f7880c,2014-08,Essex Police,Essex Police,0.987566,51.926147,On or near The Limes,E01021972,Tendring 005B,Violence and sexual offences,Under investigation,
36462be01e9f809a409ef05d968fc7e1340c34438b9336b20973a74863186e08,2014-08,Essex Police,Essex Police,1.046882,51.910595,On or near Church Road,E01021972,Tendring 005B,Violence and sexual offences,Awaiting court outcome,
0f91659316b324df5030b072f4abce0867844e072fe3a8705a3a0102fb1d2df9,2014-08,Essex Police,Essex Police,1.046882,51.910595,On or near Church Road,E01021972,Tendring 005B,Violence and sexual offences,Awaiting court outcome,
732351c39859fae789a84ed58d9275f9e8fc7dfd2d4e71907cf4852c650a1970,2014-08,Essex Police,Essex Police,0.985469,51.921955,On or near Station Road,E01021972,Tendring 005B,Violence and sexual offences,Unable to prosecute suspect,
,2014-08,Essex Police,Essex Police,1.043091,51.883351,On or near Sports/Recreation Area,E01022051,Tendring 005C,Anti-social behaviour,,
,2014-08,Essex Police,Essex Police,1.041945,51.884667,On or near Fairfield Close,E01022051,Tendring 005C,Anti-social behaviour,,
,2014-08,Essex Police,Essex Police,1.043718,51.883812,On or near Mary Lane South,E01022051,Tendring 005C,Anti-social behaviour,,
,2014-08,Essex Police,Essex Police,1.039063,51.876206,On or near Furze Lane,E01022051,Tendring 005C,Anti-social behaviour,,
e0f72cbb00bd28a50f34953011e7ff7dabf129a5ba765bc8e521e7f7cf569ff2,2014-08,Essex Police,Essex Police,1.006272,51.876726,On or near Clacton Road,E01022051,Tendring 005C,Criminal damage and arson,Under investigation,
ad1e8c0e46bc27463b96c7569f246c88ce9b99fe7eba2b9de2de9817d96ee7a1,2014-08,Essex Police,Essex Police,1.043718,51.883812,On or near Mary Lane South,E01022051,Tendring 005C,Criminal damage and arson,Awaiting court outcome,
df3bd6532278ebcd183676347fea6b4d167adc1a7505e6419504f9582b2a56ea,2014-08,Essex Police,Essex Police,1.006272,51.876726,On or near Clacton Road,E01022051,Tendring 005C,Criminal damage and arson,Under investigation,
562fd2c7f1c5ba5b804ba78fe5bb1b3b37c903530e94f62483ce14120611c68d,2014-08,Essex Police,Essex Police,1.032853,51.886278,On or near Back Lane West,E01022051,Tendring 005C,Violence and sexual offences,Under investigation,
,2014-08,Essex Police,Essex Police,0.996437,51.881132,On or near Chapel Lane,E01022052,Tendring 005D,Anti-social behaviour,,
,2014-08,Essex Police,Essex Police,0.994754,51.884880,On or near Sports/Recreation Area,E01022052,Tendring 005D,Anti-social behaviour,,
,2014-08,Essex Police,Essex Police,0.997700,51.881981,On or near Old School Lane,E01022052,Tendring 005D,Anti-social behaviour,,
,2014-08,Essex Police,Essex Police,0.996680,51.882376,On or near Johnson'S Drive,E01022052,Tendring 005D,Anti-social behaviour,,
,2014-08,Essex Police,Essex Police,0.998583,51.881923,On or near Hatchcroft Gardens,E01022052,Tendring 005D,Anti-social behaviour,,
,2014-08,Essex Police,Essex Police,0.996437,51.881132,On or near Chapel Lane,E01022052,Tendring 005D,Anti-social behaviour,,
,2014-08,Essex Police,Essex Police,0.992052,51.884688,On or near Elmcroft,E01022052,Tendring 005D,Anti-social behaviour,,
dc48e8ad17947a5ab0335abb71879217345f4305e8e25f432fc79260ef1e15ed,2014-08,Essex Police,Essex Police,0.994754,51.884880,On or near Sports/Recreation Area,E01022052,Tendring 005D,Other theft,Under investigation,
63ef80b81a7bea550df55875d2f482e80ec9aecb17269280efda6f18cf8d98cb,2014-08,Essex Police,Essex Police,0.993422,51.881892,On or near Petrol Station,E01022052,Tendring 005D,Shoplifting,Under investigation,
eb4913d90eab301c99fe6fd14b581b53a18dc79b69514c55674389549c0f04fa,2014-08,Essex Police,Essex Police,0.993422,51.881892,On or near Petrol Station,E01022052,Tendring 005D,Shoplifting,Under investigation,
45cfd89b1a329cd670c0c35762fcce0878edcb22006a9fee0bb29fbe145a9722,2014-08,Essex Police,Essex Police,0.993422,51.881892,On or near Petrol Station,E01022052,Tendring 005D,Violence and sexual offences,Under investigation,
96a696d8475b505127305783de9994d1a86aa62a2165aefcd11e45c0db3cb487,2014-08,Essex Police,Essex Police,0.998448,51.879462,On or near Parking Area,E01022052,Tendring 005D,Violence and sexual offences,Unable to prosecute suspect,
1c6842b6943905554a54884d4adc360509f50832be9be6315d7553f5b4cf9d07,2014-08,Essex Police,Essex Police,1.244775,51.837583,On or near B1033,E01021985,Tendring 006A,Burglary,Investigation complete; no suspect identified,
eecdcc726150d90ede521af75b42c9f6f73a6243028895b0ef407a82d24813f2,2014-08,Essex Police,Essex Police,1.251026,51.837491,On or near Peacehaven,E01021985,Tendring 006A,Vehicle crime,Investigation complete; no suspect identified,
2339fe3d648fee69ce9947d5727986ad2393de52227ad85363fca8fc5c802768,2014-08,Essex Police,Essex Police,1.243280,51.837588,On or near Parking Area,E01021985,Tendring 006A,Violence and sexual offences,Under investigation,
,2014-08,Essex Police,Essex Police,1.241736,51.829032,On or near Holland Road,E01021986,Tendring 006B,Anti-social behaviour,,
,2014-08,Essex Police,Essex Police,1.245127,51.832995,On or near Connaught Avenue,E01021986,Tendring 006B,Anti-social behaviour,,
66052e88d442b4ef2d664f26fd11b08b5de05cbbba651945eb38a90cdae548eb,2014-08,Essex Police,Essex Police,1.241736,51.829032,On or near Holland Road,E01021986,Tendring 006B,Other theft,Investigation complete; no suspect identified,
4421a3721120a470b692c5860aee129b5c155b73d5efe4c1a183cf85abe3f626,2014-08,Essex Police,Essex Police,1.245127,51.832995,On or near Connaught Avenue,E01021986,Tendring 006B,Shoplifting,Investigation complete; no suspect identified,
31d38dcafdd19a02c1b68ef956d5b20c692cee21a0dd9caa04ae21d9157f7c0f,2014-08,Essex Police,Essex Police,1.241736,51.829032,On or near Holland Road,E01021986,Tendring 006B,Violence and sexual offences,Investigation complete; no suspect identified,
,2014-08,Essex Police,Essex Police,1.282768,51.857466,On or near Cliff Parade,E01022054,Tendring 006C,Anti-social behaviour,,
,2014-08,Essex Police,Essex Police,1.278647,51.856529,On or near Percival Road,E01022054,Tendring 006C,Anti-social behaviour,,
,2014-08,Essex Police,Essex Police,1.279162,51.853834,On or near East Terrace,E01022054,Tendring 006C,Anti-social behaviour,,
,2014-08,Essex Police,Essex Police,1.278647,51.856529,On or near Percival Road,E01022054,Tendring 006C,Anti-social behaviour,,
,2014-08,Essex Police,Essex Police,1.279162,51.853834,On or near East Terrace,E01022054,Tendring 006C,Anti-social behaviour,,
,2014-08,Essex Police,Essex Police,1.279162,51.853834,On or near East Terrace,E01022054,Tendring 006C,Anti-social behaviour,,
03ce58cd244c5e44ecc0e6f52b677593f64fba561d3a0c7b2ff8ce0e00f0675c,2014-08,Essex Police,Essex Police,1.278647,51.856529,On or near Percival Road,E01022054,Tendring 006C,Criminal damage and arson,Investigation complete; no suspect identified,
d4a859b9c7001a36bb991ae6abe363bd9f1e0faa8e71d8666ce1e5aaf7392634,2014-08,Essex Police,Essex Police,1.278647,51.856529,On or near Percival Road,E01022054,Tendring 006C,Other theft,Under investigation,
d917949b1cc7c934c5d68fa4e2342916637c791ea0334a18642c71b9352d9578,2014-08,Essex Police,Essex Police,1.278647,51.856529,On or near Percival Road,E01022054,Tendring 006C,Violence and sexual offences,Awaiting court outcome,
02d56db7512004074be148d9387b5baa672315ef4c3691048f3f7193fd280a72,2014-08,Essex Police,Essex Police,1.280700,51.860186,On or near First Avenue,E01022054,Tendring 006C,Violence and sexual offences,Offender given a caution,
138f63779a65658547b3840fcf6274d81c174a22c9da94e439d1a620b7e0d6c5,2014-08,Essex Police,Essex Police,1.278647,51.856529,On or near Percival Road,E01022054,Tendring 006C,Violence and sexual offences,Unable to prosecute suspect,
839bafc17bad070c1a116314835b42e27cbc3f1cb5adf0757c16591c953244ca,2014-08,Essex Police,Essex Police,1.281739,51.860292,On or near Second Avenue,E01022054,Tendring 006C,Violence and sexual offences,Unable to prosecute suspect,
,2014-08,Essex Police,Essex Police,1.265936,51.850695,On or near Martello Holiday Park,E01022055,Tendring 006D,Anti-social behaviour,,
,2014-08,Essex Police,Essex Police,1.259997,51.849717,On or near Elliots Drive,E01022055,Tendring 006D,Anti-social behaviour,,
,2014-08,Essex Police,Essex Police,1.258154,51.849535,On or near Kirby Road,E01022055,Tendring 006D,Anti-social behaviour,,
f7bcf1bf6d911abaa83cacf83fd54fae8381270ab20efe28fa4e6a3978377f04,2014-08,Essex Police,Essex Police,1.265936,51.850695,On or near Martello Holiday Park,E01022055,Tendring 006D,Bicycle theft,Local resolution,
246ab7a593e04233b824d1b3f07be5b690b096956e67cf5303060a0d4accffbf,2014-08,Essex Police,Essex Police,1.265936,51.850695,On or near Martello Holiday Park,E01022055,Tendring 006D,Burglary,Investigation complete; no suspect identified,
0fcf8dd6325b2675315cab2f7478f62379cdf9d3f9f205c61121b0cc658c2508,2014-08,Essex Police,Essex Police,1.265936,51.850695,On or near Martello Holiday Park,E01022055,Tendring 006D,Burglary,Investigation complete; no suspect identified,
1b8713e5b4839265186878f700d83f63c3b8ec7d747240ca895e51d9eb70f52d,2014-08,Essex Police,Essex Police,1.265936,51.850695,On or near Martello Holiday Park,E01022055,Tendring 006D,Other theft,Local resolution,
6abe3ec82cf70c170c01670b749904a66dc610b9af62912ee496a67d0b0ef2c2,2014-08,Essex Police,Essex Police,1.265300,51.848743,On or near Cartbridge Close,E01022055,Tendring 006D,Vehicle crime,Investigation complete; no suspect identified,
3d436330477e54b8e84eaa0b2ce9bac8d575a4490ace01d7fe429b489cbea505,2014-08,Essex Police,Essex Police,1.266389,51.846131,On or near Parking Area,E01022055,Tendring 006D,Violence and sexual offences,Unable to prosecute suspect,
,2014-08,Essex Police,Essex Police,1.275791,51.851410,On or near Prince'S Esplanade,E01022056,Tendring 006E,Anti-social behaviour,,
,2014-08,Essex Police,Essex Police,1.275791,51.851410,On or near Prince'S Esplanade,E01022056,Tendring 006E,Anti-social behaviour,,
,2014-08,Essex Police,Essex Police,1.272071,51.846387,On or near Theme/Adventure Park,E01022056,Tendring 006E,Anti-social behaviour,,
,2014-08,Essex Police,Essex Police,1.275791,51.851410,On or near Prince'S Esplanade,E01022056,Tendring 006E,Anti-social behaviour,,
,2014-08,Essex Police,Essex Police,1.275791,51.851410,On or near Prince'S Esplanade,E01022056,Tendring 006E,Anti-social behaviour,,
,2014-08,Essex Police,Essex Police,1.275791,51.851410,On or near Prince'S Esplanade,E01022056,Tendring 006E,Anti-social behaviour,,
,2014-08,Essex Police,Essex Police,1.273918,51.851624,On or near Eagle Avenue,E01022056,Tendring 006E,Anti-social behaviour,,
,2014-08,Essex Police,Essex Police,1.269007,51.847983,On or near Martello Road,E01022056,Tendring 006E,Anti-social behaviour,,
,2014-08,Essex Police,Essex Police,1.272818,51.851277,On or near Saville Street,E01022056,Tendring 006E,Anti-social behaviour,,
,2014-08,Essex Police,Essex Police,1.267947,51.847383,On or near Church Road,E01022056,Tendring 006E,Anti-social behaviour,,
,2014-08,Essex Police,Essex Police,1.271070,51.848996,On or near High Street,E01022056,Tendring 006E,Anti-social behaviour,,
,2014-08,Essex Police,Essex Police,1.268668,51.845717,On or near Southcliff,E01022056,Tendring 006E,Anti-social behaviour,,
,2014-08,Essex Police,Essex Police,1.275791,51.851410,On or near Prince'S Esplanade,E01022056,Tendring 006E,Anti-social behaviour,,
e6326830854472e70ff3f812ff99a61c2700253bfab223a48bd9abc141fd6cfd,2014-08,Essex Police,Essex Police,1.275252,51.852387,On or near Parking Area,E01022056,Tendring 006E,Criminal damage and arson,Investigation complete; no suspect identified,
1a5ffa5d825a1192b4ffd4be16ecd1df46a60c90e64635377102212f5326d9b2,2014-08,Essex Police,Essex Police,1.275791,51.851410,On or near Prince'S Esplanade,E01022056,Tendring 006E,Criminal damage and arson,Investigation complete; no suspect identified,
e5b551cf74c664b8860b13e5836ef599125fe14ed2ee85754ebcf616cfcdeddb,2014-08,Essex Police,Essex Police,1.272818,51.851277,On or near Saville Street,E01022056,Tendring 006E,Criminal damage and arson,Offender given a caution,
0db85f3536a9b9b57cb547a8b872875c66ab48edc112d9dac8e727ea554ccc60,2014-08,Essex Police,Essex Police,1.271070,51.848996,On or near High Street,E01022056,Tendring 006E,Drugs,Under investigation,
2563e49edf8c3ef35e38684f907a99ff8edd0882d59ac880918bfa35bbc607a5,2014-08,Essex Police,Essex Police,1.275252,51.852387,On or near Parking Area,E01022056,Tendring 006E,Drugs,Awaiting court outcome,
c7096780c08e99b70f2ace77bd9a4605712c73022e6d448ee3fcd0abede4c8cb,2014-08,Essex Police,Essex Police,1.271580,51.848028,On or near Newgate Street,E01022056,Tendring 006E,Other theft,Investigation complete; no suspect identified,
53e0b2f903b15214e7a0f120e4dceb55dd358a321729ba26b3757242e624fbac,2014-08,Essex Police,Essex Police,1.271070,51.848996,On or near High Street,E01022056,Tendring 006E,Public order,Under investigation,
018f88001a757de3d26a1a892a448e24930ff59978ae8326ea9c8cb9d65309ed,2014-08,Essex Police,Essex Police,1.270864,51.847760,On or near New Pier Street,E01022056,Tendring 006E,Theft from the person,Investigation complete; no suspect identified,
5d1385127691697964a1ea7270835e2d47e72b840803fba423d282e6a04f6f33,2014-08,Essex Police,Essex Police,1.271580,51.848028,On or near Newgate Street,E01022056,Tendring 006E,Vehicle crime,Investigation complete; no suspect identified,
0cdaa834f97f761d275c9e6cfa0a07c770de5a0851162293289579a8b9aa963a,2014-08,Essex Police,Essex Police,1.271580,51.848028,On or near Newgate Street,E01022056,Tendring 006E,Violence and sexual offences,Unable to prosecute suspect,
3d69c56ee085a523cc9eadf8cc5740bcd108e24b078670d3c3e85aa0cd39b22d,2014-08,Essex Police,Essex Police,1.272639,51.850607,On or near Stratford Place,E01022056,Tendring 006E,Violence and sexual offences,Unable to prosecute suspect,
a368d8468d6c2e40250c444c66e0d7a581bf537900e51b1f01d2f3e3d6fdbafd,2014-08,Essex Police,Essex Police,1.270834,51.849551,On or near Alfred Terrace,E01022056,Tendring 006E,Violence and sexual offences,Under investigation,
832ff103bfd7814604dddf59ddd0076a72304aa7fab42991b3f6e5bc3c00c057,2014-08,Essex Police,Essex Police,1.275252,51.852387,On or near Parking Area,E01022056,Tendring 006E,Violence and sexual offences,Awaiting court outcome,
,2014-08,Essex Police,Essex Police,1.147298,51.868205,On or near Tendring Road,E01021973,Tendring 007A,Anti-social behaviour,,
37d29f20f1756eb7aa064832a721f4b0631c0cd7ef50df667c4ce3dcb2fad012,2014-08,Essex Police,Essex Police,1.167634,51.858026,On or near Abbey Crescent,E01021973,Tendring 007A,Criminal damage and arson,Under investigation,
ae9af0672bb0e78c0923c089c6e49e03ce1186c4ac2a8007751a2f0a10fdb1fc,2014-08,Essex Police,Essex Police,1.170701,51.858672,On or near Rolph Close,E01021973,Tendring 007A,Other crime,Under investigation,
,2014-08,Essex Police,Essex Police,1.169523,51.884661,On or near Park/Open Space,E01021974,Tendring 007B,Anti-social behaviour,,
,2014-08,Essex Police,Essex Police,1.175985,51.855534,On or near Byng Crescent,E01021974,Tendring 007B,Anti-social behaviour,,
,2014-08,Essex Police,Essex Police,1.165905,51.854709,On or near Sports/Recreation Area,E01021974,Tendring 007B,Anti-social behaviour,,
04225c38c9d62a052db7db7c19417dfe9917064cf45dee1ae1cfe196dfd42521,2014-08,Essex Police,Essex Police,1.171397,51.853491,On or near Hall Lane,E01021974,Tendring 007B,Other theft,Investigation complete; no suspect identified,
1e1ebaff1027ff60f9fb796cded08042ab0a33c04c6e600595db5c8d9aafb926,2014-08,Essex Police,Essex Police,1.171397,51.853491,On or near Hall Lane,E01021974,Tendring 007B,Other theft,Under investigation,
6ede4b98c10edfa7139539d061b55ef9f36eece3977885fef55aa9153e3e2143,2014-08,Essex Police,Essex Police,1.160852,51.858254,On or near High Street,E01021974,Tendring 007B,Violence and sexual offences,Under investigation,
d0bbb582fa6052ccb42c153f211da2ad975fb49fef21349b23f8751102a12ef5,2014-08,Essex Police,Essex Police,1.141823,51.822805,On or near London Road,E01022016,Tendring 007C,Bicycle theft,Investigation complete; no suspect identified,
6c35ce5df2eb7d48fd963099f4ec17fc6082e53c85f69f640742985a479c7605,2014-08,Essex Police,Essex Police,1.142837,51.821114,On or near Stonehall Drive,E01022016,Tendring 007C,Burglary,Investigation complete; no suspect identified,
f6fcd7d1b05cd65a3ef94cc7fa871d6474e9a8856a64696074e5eaaa3b329c49,2014-08,Essex Police,Essex Police,1.142837,51.821114,On or near Stonehall Drive,E01022016,Tendring 007C,Burglary,Under investigation,
343608af3fc185cf44d74fc4398d7cd56872237baca2966185ccef67e8f939f9,2014-08,Essex Police,Essex Police,1.141823,51.822805,On or near London Road,E01022016,Tendring 007C,Other theft,Investigation complete; no suspect identified,
b197ce8a5cc438e906afd011aebf25d3ec5c1ec504f86a27cc382339904beb12,2014-08,Essex Police,Essex Police,1.141386,51.827575,On or near The Street,E01022016,Tendring 007C,Shoplifting,Under investigation,
,2014-08,Essex Police,Essex Police,1.126224,51.842343,On or near Mill Lane Close,E01022017,Tendring 007D,Anti-social behaviour,,
,2014-08,Essex Police,Essex Police,1.150786,51.840797,On or near Harwich Road,E01022017,Tendring 007D,Anti-social behaviour,,
04039d665cf31eef9728f037a16fc65a45bcc033eae8cf0648d80a96a6830223,2014-08,Essex Police,Essex Police,1.126224,51.842343,On or near Mill Lane Close,E01022017,Tendring 007D,Burglary,Investigation complete; no suspect identified,
04d7fe39aa24172bf5346fd3f9179958d7ae2a4ee526a9cfc91a43581f2208e7,2014-08,Essex Police,Essex Police,1.143414,51.839600,On or near Betts Green Road,E01022017,Tendring 007D,Violence and sexual offences,Under investigation,
4e25ba89fb16e77cd09d2901127290d747c45b1370576f6b46a6594a818aa685,2014-08,Essex Police,Essex Police,1.143414,51.839600,On or near Betts Green Road,E01022017,Tendring 007D,Violence and sexual offences,Awaiting court outcome,
c86e55d510bdb2528a401c577166cc7c49fd75ff4715ff4ca12b3a32c4521f4e,2014-08,Essex Police,Essex Police,1.142595,51.834720,On or near Feverills Road,E01022017,Tendring 007D,Violence and sexual offences,Unable to prosecute suspect,
,2014-08,Essex Police,Essex Police,1.102960,51.859400,On or near Petrol Station,E01022018,Tendring 007E,Anti-social behaviour,,
,2014-08,Essex Police,Essex Police,1.102960,51.859400,On or near Petrol Station,E01022018,Tendring 007E,Anti-social behaviour,,
,2014-08,Essex Police,Essex Police,1.116654,51.855773,On or near First Avenue,E01022018,Tendring 007E,Anti-social behaviour,,
,2014-08,Essex Police,Essex Police,1.112944,51.857985,On or near Hilltop Rise,E01022018,Tendring 007E,Anti-social behaviour,,
,2014-08,Essex Police,Essex Police,1.112944,51.857985,On or near Hilltop Rise,E01022018,Tendring 007E,Anti-social behaviour,,
,2014-08,Essex Police,Essex Police,1.117827,51.854456,On or near Second Avenue,E01022018,Tendring 007E,Anti-social behaviour,,
,2014-08,Essex Police,Essex Police,1.113674,51.858470,On or near Woodlands Rise,E01022018,Tendring 007E,Anti-social behaviour,,
8f11156d06406e5bff737f3b099b43dcc254a1b5c50861e7289af644b72a7960,2014-08,Essex Police,Essex Police,1.112944,51.857985,On or near Hilltop Rise,E01022018,Tendring 007E,Criminal damage and arson,Under investigation,
9d29bdada83b3441df6245ddd795be770ef596a4491d5b6c4d105294d28a7aa0,2014-08,Essex Police,Essex Police,1.116654,51.855773,On or near First Avenue,E01022018,Tendring 007E,Criminal damage and arson,Under investigation,
a773121bf66e74f510b3cae055211d293429b12132ff46a404efdc25e3f4f793,2014-08,Essex Police,Essex Police,1.102960,51.859400,On or near Petrol Station,E01022018,Tendring 007E,Drugs,Under investigation,
e09b1a86e6ec6ad20c23c36564eea54f7573a53163170f99c466f691ae8f5fe9,2014-08,Essex Police,Essex Police,1.118137,51.845715,On or near Fields Close,E01022018,Tendring 007E,Drugs,Offender given conditional discharge,
2fe20ec032e91903ac41620511e86cd8ffe6aa9633c7257fb0d94400f84ef46f,2014-08,Essex Police,Essex Police,1.118137,51.845715,On or near Fields Close,E01022018,Tendring 007E,Other theft,Investigation complete; no suspect identified,
656968a6cb4b39be44d44d574c0b7ada5397ba01317b97dc2d39b65708a83710,2014-08,Essex Police,Essex Police,1.102960,51.859400,On or near Petrol Station,E01022018,Tendring 007E,Other theft,Investigation complete; no suspect identified,
fdf2fb5242054f8e57289ca4fca1e8600aadcb47d425bbdef4ca7cae472ccb30,2014-08,Essex Police,Essex Police,1.116654,51.855773,On or near First Avenue,E01022018,Tendring 007E,Other theft,Under investigation,
e1de7f4d31224ba2dc58b811228025b289058c51e1cd0794ace2a7c97b054b88,2014-08,Essex Police,Essex Police,1.102960,51.859400,On or near Petrol Station,E01022018,Tendring 007E,Violence and sexual offences,Awaiting court outcome,
e51fc28faef5933dd627a03bba98f2af261dde97979324b51cfba3419458269d,2014-08,Essex Police,Essex Police,1.116654,51.855773,On or near First Avenue,E01022018,Tendring 007E,Violence and sexual offences,Under investigation,
c9a96d60bf50a1241090b6bd565171eff0f561663530ed2255666f1f6898a5b2,2014-08,Essex Police,Essex Police,1.102960,51.859400,On or near Petrol Station,E01022018,Tendring 007E,Violence and sexual offences,Under investigation,
87e792eb661606539a981bdedf0d36f445ec09e1035a4ad5669052a66f8ba808,2014-08,Essex Police,Essex Police,1.118134,51.856382,On or near St Andrew'S Road,E01022018,Tendring 007E,Violence and sexual offences,Unable to prosecute suspect,
,2014-08,Essex Police,Essex Police,1.244040,51.831595,On or near Old Road,E01021987,Tendring 008A,Anti-social behaviour,,
,2014-08,Essex Police,Essex Police,1.244040,51.831595,On or near Old Road,E01021987,Tendring 008A,Anti-social behaviour,,
b363015c9cd4d4e2a448da6a4e82830f77df0bd51ff31e1f6a01a4ce9ecdf958,2014-08,Essex Police,Essex Police,1.239860,51.833437,On or near Second Avenue,E01021987,Tendring 008A,Burglary,Investigation complete; no suspect identified,
3de5b1ac6f2e69aecca6807b585cb94feff1b25623591aba076df508f6c981b1,2014-08,Essex Police,Essex Police,1.244040,51.831595,On or near Old Road,E01021987,Tendring 008A,Criminal damage and arson,Investigation complete; no suspect identified,
,2014-08,Essex Police,Essex Police,1.251613,51.838779,On or near Walden Way,E01021994,Tendring 008B,Anti-social behaviour,,
721917a307aea9e73edd25c85e4cacf98c927a454e2d1a7ed9e29af6b0cf8166,2014-08,Essex Police,Essex Police,1.242541,51.839020,On or near Slaters Close,E01021994,Tendring 008B,Burglary,Investigation complete; no suspect identified,
1a4eed13e831042c1329afb0e86652da4cf7a387614f6517dc97a3199ae5aee7,2014-08,Essex Police,Essex Police,1.249168,51.842930,On or near Stewards Close,E01021994,Tendring 008B,Criminal damage and arson,Unable to prosecute suspect,
cecccfcc5be88921bddc3635dfd56402967da792b11eb5b878bf61c3a5e8fa33,2014-08,Essex Police,Essex Police,1.254615,51.842959,On or near Cedar Close,E01021994,Tendring 008B,Other theft,Investigation complete; no suspect identified,
d7493f738c899e83e304683f36ad4107d63ba5237c12d1eee6d295ddceb2d823,2014-08,Essex Police,Essex Police,1.251613,51.838779,On or near Walden Way,E01021994,Tendring 008B,Vehicle crime,Investigation complete; no suspect identified,
c380437e47a5c78b8177d6480af0f8cbbe7b0e67962d2025c915fa7f5f041756,2014-08,Essex Police,Essex Police,1.249988,51.844238,On or near Shopping Area,E01021994,Tendring 008B,Vehicle crime,Investigation complete; no suspect identified,
107211fcd6c9ddfcd551e68476730e9473d69be3a5876452b080cc97d5364425,2014-08,Essex Police,Essex Police,1.231675,51.839347,On or near Sycamore Way,E01021995,Tendring 008C,Public order,Under investigation,
70a55036d58bb3c6e95bcfd1e1a2ff79fcef013e1e4316de269e4c0adf2901fc,2014-08,Essex Police,Essex Police,1.244710,51.842531,On or near Charnock Close,E01021996,Tendring 008D,Burglary,Investigation complete; no suspect identified,
e4804b0a08b5cf3a9807bc83912e7af274394156a4646f089fd16e6236745cc4,2014-08,Essex Police,Essex Police,1.244710,51.842531,On or near Charnock Close,E01021996,Tendring 008D,Burglary,Investigation complete; no suspect identified,
41201c7a221d044fc985fec7746c7661e43903a0aebfc4a75670a633aa4f995e,2014-08,Essex Police,Essex Police,1.244105,51.843609,On or near Brent Close,E01021996,Tendring 008D,Other theft,Unable to prosecute suspect,
ae4acde878a109c9ebc2735fd88ef2c657d9af94cb1b1fbe7abc0fffcf460715,2014-08,Essex Police,Essex Police,1.244587,51.845863,On or near Honywood Way,E01021996,Tendring 008D,Possession of weapons,Unable to prosecute suspect,
46851bb772bed8736ef3ab61eb26b22d5abc7772bfab2e0cffe59a8ec813b7cd,2014-08,Essex Police,Essex Police,1.241108,51.844340,On or near Larkway,E01021996,Tendring 008D,Violence and sexual offences,Under investigation,
7de3edc783b74e414443cc8404b8554ed8d103afb48d7f4583838b20625ce907,2014-08,Essex Police,Essex Police,1.244587,51.845863,On or near Honywood Way,E01021996,Tendring 008D,Violence and sexual offences,Unable to prosecute suspect,
d848435b3151bbfade4be8b4b0463a672c85aa34b7af439d0d59aef8ff2b4880,2014-08,Essex Police,Essex Police,1.241108,51.844340,On or near Larkway,E01021996,Tendring 008D,Violence and sexual offences,Under investigation,
,2014-08,Essex Police,Essex Police,1.223076,51.853317,On or near The Street,E01022009,Tendring 008E,Anti-social behaviour,,
f55efee0955408f1c44154a17aedc1987d16af8ccc22a1f10425440f6ee0d93d,2014-08,Essex Police,Essex Police,1.220038,51.853895,On or near The Street,E01022009,Tendring 008E,Criminal damage and arson,Investigation complete; no suspect identified,
146d771a6828c3201facd932f1c57e4b34724787105936fba88a7c60392adeb0,2014-08,Essex Police,Essex Police,1.232197,51.850881,On or near Victoria Avenue,E01022009,Tendring 008E,Other theft,Under investigation,
5bece069b4dfad7b3780f10e3737087d9408c3e0e092d0b9fb242b115455ac3a,2014-08,Essex Police,Essex Police,1.228220,51.851125,On or near Pyesand,E01022009,Tendring 008E,Violence and sexual offences,Under investigation,
791e92dd86f39f217d34ffc1fc7f029594921baef3df65217f944332e6a1459d,2014-08,Essex Police,Essex Police,1.223076,51.853317,On or near The Street,E01022009,Tendring 008E,Violence and sexual offences,Under investigation,
0bab23f57a73eb582041ae926e4251d0d2a49f3156e0f7ba86eeaffbcb9d2790,2014-08,Essex Police,Essex Police,1.223076,51.853317,On or near The Street,E01022009,Tendring 008E,Violence and sexual offences,Under investigation,
,2014-08,Essex Police,Essex Police,1.213660,51.842053,On or near Oxborrow Close,E01022010,Tendring 008F,Anti-social behaviour,,
,2014-08,Essex Police,Essex Police,1.209138,51.843193,On or near Chapel Lane,E01022011,Tendring 008G,Anti-social behaviour,,
,2014-08,Essex Police,Essex Police,1.209170,51.834054,On or near Orchard Drive,E01022011,Tendring 008G,Anti-social behaviour,,
,2014-08,Essex Police,Essex Police,1.220397,51.841230,On or near Crossfield Way,E01022011,Tendring 008G,Anti-social behaviour,,
,2014-08,Essex Police,Essex Police,1.209138,51.843193,On or near Chapel Lane,E01022011,Tendring 008G,Anti-social behaviour,,
,2014-08,Essex Police,Essex Police,1.211771,51.829594,On or near Rectory Road,E01022011,Tendring 008G,Anti-social behaviour,,
,2014-08,Essex Police,Essex Police,1.224257,51.840998,On or near Bemerton Gardens,E01022011,Tendring 008G,Anti-social behaviour,,
,2014-08,Essex Police,Essex Police,1.211288,51.842388,On or near Tildesley Close,E01022011,Tendring 008G,Anti-social behaviour,,
3fce7f3eda85750555cf52c0c2f3c5030f1771801641d88ba634b0028dc6cf1b,2014-08,Essex Police,Essex Police,1.220397,51.841230,On or near Crossfield Way,E01022011,Tendring 008G,Shoplifting,Offender given a caution,
b02b03114bd114886a2bbed3ea077c5b2094e1fb86f1bc419bd8d8988eef7b51,2014-08,Essex Police,Essex Police,1.220397,51.841230,On or near Crossfield Way,E01022011,Tendring 008G,Shoplifting,Under investigation,
54b3651b32dc503e7e291144c38d215c3b23676cf7332d044c29344233359db4,2014-08,Essex Police,Essex Police,1.214021,51.837546,On or near Addison Road,E01022011,Tendring 008G,Violence and sexual offences,Under investigation,
5360a2e97a9de47faf15de5b262faf223c2c84ece26191be86a6e0b6a834f221,2014-08,Essex Police,Essex Police,1.214021,51.837546,On or near Addison Road,E01022011,Tendring 008G,Violence and sexual offences,Under investigation,
,2014-08,Essex Police,Essex Police,1.257933,51.846276,On or near Modlen Road,E01022012,Tendring 008H,Anti-social behaviour,,
,2014-08,Essex Police,Essex Police,1.251120,51.848866,On or near Audries Estate,E01022012,Tendring 008H,Anti-social behaviour,,
,2014-08,Essex Police,Essex Police,1.249570,51.846291,On or near Gatefield Close,E01022012,Tendring 008H,Anti-social behaviour,,
59b1146230fb27127bae1831ed03b43c992948d79d70b95f5517a1c0684d0668,2014-08,Essex Police,Essex Police,1.249570,51.846291,On or near Gatefield Close,E01022012,Tendring 008H,Criminal damage and arson,Investigation complete; no suspect identified,
85c3cb18e4d59752857650094c7055cdec26f3a14840c82dda42483fe6855e1e,2014-08,Essex Police,Essex Police,1.254322,51.846538,On or near Great Harrods,E01022012,Tendring 008H,Other theft,Under investigation,
e35ae7bdc15131a981bb1552a1f374ded01089bf9b9c6848974a01f0fa3481b8,2014-08,Essex Police,Essex Police,1.249570,51.846291,On or near Gatefield Close,E01022012,Tendring 008H,Violence and sexual offences,Awaiting court outcome,
,2014-08,Essex Police,Essex Police,0.999591,51.852334,On or near De Staunton Close,E01021967,Tendring 009A,Anti-social behaviour,,
,2014-08,Essex Police,Essex Police,1.000381,51.853510,On or near Poplars Close,E01021967,Tendring 009A,Anti-social behaviour,,
5c7c4c74cd5c582efa917379c709cfa07d177da04518f6f2a77fe6e70fc927d8,2014-08,Essex Police,Essex Police,0.998007,51.851880,On or near Church Road,E01021967,Tendring 009A,Drugs,Offender given a drugs possession warning,
ab0040e630ba94bd8a8d85f5c093c1e91b8d0d7040f75b7f8d27ee483cd83784,2014-08,Essex Police,Essex Police,1.001066,51.851136,On or near St Andrews Close,E01021967,Tendring 009A,Public order,Under investigation,
,2014-08,Essex Police,Essex Police,1.018325,51.821509,On or near Deal Way,E01021983,Tendring 009B,Anti-social behaviour,,
,2014-08,Essex Police,Essex Police,1.019702,51.818659,On or near Tudor Close,E01021983,Tendring 009B,Anti-social behaviour,,
,2014-08,Essex Police,Essex Police,1.019702,51.818659,On or near Tudor Close,E01021983,Tendring 009B,Anti-social behaviour,,
,2014-08,Essex Police,Essex Police,1.023833,51.820109,On or near Samsons Close,E01021983,Tendring 009B,Anti-social behaviour,,
,2014-08,Essex Police,Essex Police,1.023833,51.820109,On or near Samsons Close,E01021983,Tendring 009B,Anti-social behaviour,,
5f6f8aab5d8bab98b952984c66d41ace22003e10ed44b3fa54e7cd1cb3f8d1bf,2014-08,Essex Police,Essex Police,1.024169,51.821863,On or near Supermarket,E01021983,Tendring 009B,Other theft,Under investigation,
f9b7e2e40156731f19e82f906d70ea8f9098838feda5b10b2effdf3ee02ff3e3,2014-08,Essex Police,Essex Police,1.024169,51.821863,On or near Supermarket,E01021983,Tendring 009B,Shoplifting,Under investigation,
,2014-08,Essex Police,Essex Police,1.069803,51.854344,On or near Laburnum Close,E01021993,Tendring 009C,Anti-social behaviour,,
,2014-08,Essex Police,Essex Police,1.070574,51.841148,On or near The Paddocks,E01021993,Tendring 009C,Anti-social behaviour,,
da0d90c6e0a974cb7793c71e0290b9dfc54535df2b0d4c5685f888d3653c23f2,2014-08,Essex Police,Essex Police,1.064736,51.852453,On or near New Cut,E01021993,Tendring 009C,Bicycle theft,Investigation complete; no suspect identified,
4588db6855f9f8a25662e11b39cf5d495d9dcca3ac415c700d37da8c0061e23e,2014-08,Essex Police,Essex Police,1.061405,51.870132,On or near Colchester Road,E01021993,Tendring 009C,Other theft,Investigation complete; no suspect identified,
8be9df5ab202be1f826768359e641222cb96580782b8afcbe5f150b5d8dd6be7,2014-08,Essex Police,Essex Police,1.061099,51.855578,On or near Cherrywoods,E01021993,Tendring 009C,Vehicle crime,Investigation complete; no suspect identified,
d80ee0b98b2d097a0e51bd74315bcb9adf601db9a9624bfd051789759ba6c295,2014-08,Essex Police,Essex Police,1.065329,51.852626,On or near Station Road,E01021993,Tendring 009C,Vehicle crime,Under investigation,
0f3dd23a55e90b211ea9e805e7fcaaab88ae6ab36c704a8ae5a8cee6cd3c80d0,2014-08,Essex Police,Essex Police,1.059633,51.856867,On or near Sturrick Lane,E01021993,Tendring 009C,Vehicle crime,Investigation complete; no suspect identified,
0ba8f5c64d7d0c564099f6fa78ece17056a678941f6d19ade02cbfe542a8e39e,2014-08,Essex Police,Essex Police,1.066817,51.824967,On or near B1027,E01021993,Tendring 009C,Violence and sexual offences,Unable to prosecute suspect,
408b16e96ccfce04fae58c9ccec98cef32eeca4a7a67c7a091fa28673e1d775f,2014-08,Essex Police,Essex Police,1.068768,51.853652,On or near Sycamore Place,E01021993,Tendring 009C,Violence and sexual offences,Under investigation,
,2014-08,Essex Police,Essex Police,1.015620,51.869192,On or near Frating Hill,E01022053,Tendring 009D,Anti-social behaviour,,
,2014-08,Essex Police,Essex Police,1.015620,51.869192,On or near Frating Hill,E01022053,Tendring 009D,Anti-social behaviour,,
31260e87af39e7330721f324844036dd9b6e127262f1aa3692b9dcb5748c7c26,2014-08,Essex Police,Essex Police,1.023183,51.844202,On or near Tenpenny Hill,E01022053,Tendring 009D,Criminal damage and arson,Investigation complete; no suspect identified,
0085855e27b9cbe9a7f5b35bc5c8995fcdf58fc7eb0502fb69eb74b07e88ce2b,2014-08,Essex Police,Essex Police,1.025227,51.835272,On or near Brightlingsea Road,E01022053,Tendring 009D,Violence and sexual offences,Under investigation,
531789f72d00a12bb48a3c4fe6e3e3b2b9d747dd51a76ebeb8bd556ddf118b68,2014-08,Essex Police,Essex Police,1.025227,51.835272,On or near Brightlingsea Road,E01022053,Tendring 009D,Violence and sexual offences,Under investigation,
,2014-08,Essex Police,Essex Police,1.172993,51.812398,On or near Heather Close,E01021984,Tendring 010A,Anti-social behaviour,,
,2014-08,Essex Police,Essex Police,1.168518,51.815829,On or near Gorse Lane,E01021984,Tendring 010A,Anti-social behaviour,,
,2014-08,Essex Police,Essex Police,1.170068,51.809797,On or near The Crescent,E01021984,Tendring 010A,Anti-social behaviour,,
,2014-08,Essex Police,Essex Police,1.170212,51.808345,On or near Pauline Close,E01021984,Tendring 010A,Anti-social behaviour,,
,2014-08,Essex Police,Essex Police,1.169201,51.812123,On or near Inglenook,E01021984,Tendring 010A,Anti-social behaviour,,
,2014-08,Essex Police,Essex Police,1.171551,51.813561,On or near Keith Close,E01021984,Tendring 010A,Anti-social behaviour,,
a29c89c60beecbd51f3dcc252d5ac122913755da77f53ba82c29ca71ddb65e9e,2014-08,Essex Police,Essex Police,1.163876,51.817932,On or near Faraday Close,E01021984,Tendring 010A,Burglary,Under investigation,
1f8db7a4fffcaf0874aa4bd42343ea0f69b77429bde4152e975056bc47c3ce3f,2014-08,Essex Police,Essex Police,1.163876,51.817932,On or near Faraday Close,E01021984,Tendring 010A,Burglary,Under investigation,
980ac437d6b50d464ec4418bac818a46a5e91fee36fc30844d841b94780ad588,2014-08,Essex Police,Essex Police,1.174141,51.817170,On or near Brindley Road,E01021984,Tendring 010A,Drugs,Under investigation,
30eeda188c0b8aa97d5c2fb4e893ab7246562cc43dd42b5152b5a2c53904bfe6,2014-08,Essex Police,Essex Police,1.163876,51.817932,On or near Faraday Close,E01021984,Tendring 010A,Other theft,Investigation complete; no suspect identified,
353a79856d21964ae2d96b70df1461f02779a5fd30b5cc4dc9f9b48f6755cf1f,2014-08,Essex Police,Essex Police,1.164916,51.817859,On or near Jessop Close,E01021984,Tendring 010A,Other theft,Under investigation,
0af33550c32b323ca1a76dbf5e28dcda9d9724b3c9b523c543e0a6add156cdb7,2014-08,Essex Police,Essex Police,1.167645,51.819108,On or near Shopping Area,E01021984,Tendring 010A,Other theft,Under investigation,
7e76cb10cf1d748be149656259b091dc0e054996c43c53f596a29d6feb1aa241,2014-08,Essex Police,Essex Police,1.173667,51.813729,On or near Wilson Court,E01021984,Tendring 010A,Public order,Under investigation,
baed450d0465e00ba1fb6836254ed109b49a3e72264d206adaa8b1141fd6e7d1,2014-08,Essex Police,Essex Police,1.167030,51.813242,On or near Carisbrooke Avenue,E01021984,Tendring 010A,Vehicle crime,Under investigation,
408d28e820b32ec9e8af174323df7929f051160f1f6b0420a2a43126994c0853,2014-08,Essex Police,Essex Police,1.164916,51.817859,On or near Jessop Close,E01021984,Tendring 010A,Violence and sexual offences,Under investigation,
2aa9dac604a577dd372f07c70fe24ec1e5a62367735a037057c014bf1f8da4d8,2014-08,Essex Police,Essex Police,1.174141,51.817170,On or near Brindley Road,E01021984,Tendring 010A,Violence and sexual offences,Under investigation,
,2014-08,Essex Police,Essex Police,1.150049,51.812161,On or near Supermarket,E01022039,Tendring 010B,Anti-social behaviour,,
,2014-08,Essex Police,Essex Police,1.155004,51.813089,On or near Ferndale Close,E01022039,Tendring 010B,Anti-social behaviour,,
,2014-08,Essex Police,Essex Police,1.151360,51.814311,On or near Highfield Holiday Park,E01022039,Tendring 010B,Anti-social behaviour,,
,2014-08,Essex Police,Essex Police,1.150049,51.812161,On or near Supermarket,E01022039,Tendring 010B,Anti-social behaviour,,
,2014-08,Essex Police,Essex Police,1.151360,51.814311,On or near Highfield Holiday Park,E01022039,Tendring 010B,Anti-social behaviour,,
9240700fbb3d695af2e7dfa4f0e4b63c405b192ed5a78d0b376ed72400882b44,2014-08,Essex Police,Essex Police,1.151428,51.819229,On or near Supermarket,E01022039,Tendring 010B,Other theft,Under investigation,
4abf0be138b6fe838054f3d74c352eb617e1126971bcb01bf1dc364da6ec8634,2014-08,Essex Police,Essex Police,1.151428,51.819229,On or near Supermarket,E01022039,Tendring 010B,Other theft,Under investigation,
2b18735f3b2bd25575413b458fc59286b7c9886de815e7abb38bf9a7ed310db6,2014-08,Essex Police,Essex Police,1.143590,51.812757,On or near A133,E01022039,Tendring 010B,Possession of weapons,Awaiting court outcome,
c5807bf685e598712f8edca9114e547164347994fa23adfa5f36daf34f88a08c,2014-08,Essex Police,Essex Police,1.150049,51.812161,On or near Supermarket,E01022039,Tendring 010B,Shoplifting,Offender given a caution,
17cd048548ea67e0974686d164136c7824461949ad7ac64cc3bc2c72c8f4184c,2014-08,Essex Police,Essex Police,1.150049,51.812161,On or near Supermarket,E01022039,Tendring 010B,Shoplifting,Under investigation,
6fd1938204ca7c3ae53ba0f90ef61ebc146d26cbb83a83d40ed952f4de31a695,2014-08,Essex Police,Essex Police,1.150049,51.812161,On or near Supermarket,E01022039,Tendring 010B,Shoplifting,Under investigation,
a30126b8fe0ec68aa1d6c5175ca45d944b2e05174a5ea872eb4c2f9f3aec91a8,2014-08,Essex Police,Essex Police,1.150049,51.812161,On or near Supermarket,E01022039,Tendring 010B,Shoplifting,Under investigation,
ff4f0eb7ec295be43755624ebdaf7d740eed9c6f7bd6df6b47cc56a13ed18b21,2014-08,Essex Police,Essex Police,1.150049,51.812161,On or near Supermarket,E01022039,Tendring 010B,Shoplifting,Investigation complete; no suspect identified,
bfc8265e92e68ad49fd5b6d585d94a71843b8affa762b073406ebd8fd938e2cb,2014-08,Essex Police,Essex Police,1.150049,51.812161,On or near Supermarket,E01022039,Tendring 010B,Shoplifting,Awaiting court outcome,
1b59ca9648470adce1e709a9ca170a7669c6193184ab28396b312c2b60b4d393,2014-08,Essex Police,Essex Police,1.150049,51.812161,On or near Supermarket,E01022039,Tendring 010B,Shoplifting,Under investigation,
656e7bd8532863bc08c7b8be96ebda1349dbf14c87b7aff1ff598cd9d8aa973b,2014-08,Essex Police,Essex Police,1.150049,51.812161,On or near Supermarket,E01022039,Tendring 010B,Shoplifting,Under investigation,
e6dea0e3ef65f42cfbd019fbe7b667fde7c5e419b7e765c9d3e5d75803428086,2014-08,Essex Police,Essex Police,1.150049,51.812161,On or near Supermarket,E01022039,Tendring 010B,Shoplifting,Offender given penalty notice,
069694451ac05cac68b4f4956b6458bd1e295f9542e790c93d5b0242f8cb92d0,2014-08,Essex Police,Essex Police,1.150049,51.812161,On or near Supermarket,E01022039,Tendring 010B,Shoplifting,Under investigation,
5452523be997cb3233f8a213d61e327d7dac817ef7b339ce2190fe53fda9319f,2014-08,Essex Police,Essex Police,1.150049,51.812161,On or near Supermarket,E01022039,Tendring 010B,Shoplifting,Under investigation,
5fd54c74ed6ff9c04ef6ea96a400360f28c205c0bc69a3ced74ef4366a7702f0,2014-08,Essex Police,Essex Police,1.150049,51.812161,On or near Supermarket,E01022039,Tendring 010B,Shoplifting,Offender given penalty notice,
7e260909c28dc1eefb0afadac71b6da0b853fe01124f85da97bd3b92e91fb364,2014-08,Essex Police,Essex Police,1.150049,51.812161,On or near Supermarket,E01022039,Tendring 010B,Shoplifting,Offender given suspended prison sentence,
104517ae37f6a45416a2bd2b66d1f0a162e59cdcf8843e3c12f322419309175f,2014-08,Essex Police,Essex Police,1.150049,51.812161,On or near Supermarket,E01022039,Tendring 010B,Shoplifting,Offender given a caution,
80d72a19a2f745193699354780fde718cb74d7540e490c6af3dd434f820afba1,2014-08,Essex Police,Essex Police,1.151360,51.814311,On or near Highfield Holiday Park,E01022039,Tendring 010B,Theft from the person,Investigation complete; no suspect identified,
3d29a203df022f82c54bbd9ad01348b0abf47e65f25e803f35c4cf24f59b4784,2014-08,Essex Police,Essex Police,1.151428,51.819229,On or near Supermarket,E01022039,Tendring 010B,Violence and sexual offences,Under investigation,
ff46e4f2b5e42b2dbc0453cca06b5d0de82d2f5f85de21faf6d78f0788e374f4,2014-08,Essex Police,Essex Police,1.151360,51.814311,On or near Highfield Holiday Park,E01022039,Tendring 010B,Violence and sexual offences,Investigation complete; no suspect identified,
d24cbda2c0f43e47910f9175ba634853e3e150d1c9046f96c57f95975c920efe,2014-08,Essex Police,Essex Police,1.155194,51.812275,On or near Forest Park Avenue,E01022039,Tendring 010B,Violence and sexual offences,Investigation complete; no suspect identified,
9761b948dcbd83d79f5c11a55fc611c41d3ddc442de9b0fb0112c9562779770c,2014-08,Essex Police,Essex Police,1.151360,51.814311,On or near Highfield Holiday Park,E01022039,Tendring 010B,Violence and sexual offences,Unable to prosecute suspect,
bf7194ceb4807cbedfe5e1f4fd17ee617963d54feb1a38d99aec9f53f2c78e2e,2014-08,Essex Police,Essex Police,1.150049,51.812161,On or near Supermarket,E01022039,Tendring 010B,Other crime,Under investigation,
eadd15d604ea340de2f44482d58288670111ad57bbd81f663ae92a9b737bd430,2014-08,Essex Police,Essex Police,1.160500,51.817178,On or near St Clair Close,E01022040,Tendring 010C,Criminal damage and arson,Under investigation,
a99d183f34a8df99aca1b66c0a1cc101e019dd10a5fdb20eaeb05a5922899160,2014-08,Essex Police,Essex Police,1.162195,51.811745,On or near Highlands Park,E01022040,Tendring 010C,Other theft,Investigation complete; no suspect identified,
4a04ae5352b5ca464208bbad38c53739ee6d3129afc051568c89a732d6324610,2014-08,Essex Police,Essex Police,1.158886,51.810907,On or near Credon Drive,E01022040,Tendring 010C,Other theft,Under investigation,
44c02fe74ce64ed9ac62e47ef2356db237973d14f0279edbe308a474271076d3,2014-08,Essex Police,Essex Police,1.160500,51.817178,On or near St Clair Close,E01022040,Tendring 010C,Public order,Under investigation,
bba06d6a67c7abaede9c19c61fb88fb4cae53fc0f9bbe98732ae4ac547ce52de,2014-08,Essex Police,Essex Police,1.160500,51.817178,On or near St Clair Close,E01022040,Tendring 010C,Theft from the person,Investigation complete; no suspect identified,
aa8b3cc3279d56a62494783099dc8c271b42957df15a23d3392866b92018aae1,2014-08,Essex Police,Essex Police,1.160500,51.817178,On or near St Clair Close,E01022040,Tendring 010C,Vehicle crime,Under investigation,
5c51c42b62ef56e4bb6643a4edda4632464ccc57a9863751c61133ccfe1728b3,2014-08,Essex Police,Essex Police,1.159058,51.817100,On or near Woodford Close,E01022040,Tendring 010C,Violence and sexual offences,Under investigation,
6f60528d1765eee91be6671e1ea099cccbc9f457cf38e5a9471d796ec6e36990,2014-08,Essex Police,Essex Police,1.159058,51.817100,On or near Woodford Close,E01022040,Tendring 010C,Violence and sexual offences,Under investigation,
,2014-08,Essex Police,Essex Police,1.156375,51.806954,On or near Hawkesway,E01022041,Tendring 010D,Anti-social behaviour,,
,2014-08,Essex Police,Essex Police,1.161070,51.805839,On or near Hillcrest,E01022041,Tendring 010D,Anti-social behaviour,,
,2014-08,Essex Police,Essex Police,1.031103,51.816638,On or near Bellfield Avenue,E01021979,Tendring 011A,Anti-social behaviour,,
,2014-08,Essex Police,Essex Police,1.027381,51.817400,On or near Dover Road,E01021979,Tendring 011A,Anti-social behaviour,,
,2014-08,Essex Police,Essex Police,1.029802,51.817796,On or near Regent Close,E01021979,Tendring 011A,Anti-social behaviour,,
,2014-08,Essex Police,Essex Police,1.029802,51.817796,On or near Regent Close,E01021979,Tendring 011A,Anti-social behaviour,,
,2014-08,Essex Police,Essex Police,1.025495,51.814373,On or near North Road,E01021979,Tendring 011A,Anti-social behaviour,,
12aae4d338febce93c6810b021c49e3605f4ec12b7a2b335424f44cb123b6061,2014-08,Essex Police,Essex Police,1.028254,51.819590,On or near Campernell Close,E01021979,Tendring 011A,Other theft,Investigation complete; no suspect identified,
42b8fac97d8b6e291dbde9cc4d36b3634e8efd141f49737235135bd84c2ab6b9,2014-08,Essex Police,Essex Police,1.028254,51.819590,On or near Campernell Close,E01021979,Tendring 011A,Other theft,Under investigation,
57c4efe643cc865c77430c9ba384b216a6cc643b20465a0e9c76eeaaeeff13ff,2014-08,Essex Police,Essex Police,1.024656,51.816571,On or near Seaview Road,E01021979,Tendring 011A,Other theft,Under investigation,
4a8b1315b3d65b971d941cf937f8020ea1677573693cfe2c68677eca3181e8f9,2014-08,Essex Police,Essex Police,1.031103,51.816638,On or near Bellfield Avenue,E01021979,Tendring 011A,Public order,Under investigation,
33a60de04dd38ecf93e2a7ec2e5f6bab4f15fcde38af7aa2c192afb9c1cfbd50,2014-08,Essex Police,Essex Police,1.025495,51.814373,On or near North Road,E01021979,Tendring 011A,Violence and sexual offences,Unable to prosecute suspect,
431b7183b3ee697d76d81bbd950f630c4590fb90708020112d5cdce3fb28c9f1,2014-08,Essex Police,Essex Police,1.025495,51.814373,On or near North Road,E01021979,Tendring 011A,Violence and sexual offences,Unable to prosecute suspect,
,2014-08,Essex Police,Essex Police,1.018474,51.814625,On or near Park Drive Parade,E01021980,Tendring 011B,Anti-social behaviour,,
,2014-08,Essex Police,Essex Police,1.022331,51.817611,On or near Lodge Road,E01021980,Tendring 011B,Anti-social behaviour,,
,2014-08,Essex Police,Essex Police,1.018474,51.814625,On or near Park Drive Parade,E01021980,Tendring 011B,Anti-social behaviour,,
,2014-08,Essex Police,Essex Police,1.018474,51.814625,On or near Park Drive Parade,E01021980,Tendring 011B,Anti-social behaviour,,
d1ec4b39c9da6eb6256b39748bdf0316dbce2b4db8fe28f00a823362f13b7917,2014-08,Essex Police,Essex Police,1.023473,51.813219,On or near Ladysmith Avenue,E01021980,Tendring 011B,Criminal damage and arson,Investigation complete; no suspect identified,
5517d254bd58100d82257f7e6c26e1e676ee87ae33a93a402a926d78cd5f660f,2014-08,Essex Police,Essex Police,1.023194,51.812732,On or near Ladysmith Avenue,E01021980,Tendring 011B,Criminal damage and arson,Investigation complete; no suspect identified,
fa975caa397c8365099306baec17f42582b199150e9b19ce513f5f9b33d5ae66,2014-08,Essex Police,Essex Police,1.021188,51.815491,On or near Upper Park Road,E01021980,Tendring 011B,Violence and sexual offences,Under investigation,
,2014-08,Essex Police,Essex Police,1.034335,51.813974,On or near Granville Way,E01021981,Tendring 011C,Anti-social behaviour,,
,2014-08,Essex Police,Essex Police,1.034335,51.813974,On or near Granville Way,E01021981,Tendring 011C,Anti-social behaviour,,
,2014-08,Essex Police,Essex Police,1.034335,51.813974,On or near Granville Way,E01021981,Tendring 011C,Anti-social behaviour,,
ab84c4ed394014655f6f343fc3700f258340b69fc8fa3e52c3f75e36aa154f5e,2014-08,Essex Police,Essex Police,1.032311,51.813226,On or near Hill House Court,E01021981,Tendring 011C,Other theft,Under investigation,
00b2139332670ab6442a370c58e173de15cd0839dc62f5bb83a9203d349db2d4,2014-08,Essex Police,Essex Police,1.026271,51.810359,On or near Thomas Street,E01021981,Tendring 011C,Violence and sexual offences,Under investigation,
1f7fd33d8e40e45f7a8e6020926b1ef71472169c61dfccb8bad4aec55f17e3eb,2014-08,Essex Police,Essex Police,1.026271,51.810359,On or near Thomas Street,E01021981,Tendring 011C,Violence and sexual offences,Under investigation,
,2014-08,Essex Police,Essex Police,1.023071,51.806556,On or near Waterside,E01021982,Tendring 011D,Anti-social behaviour,,
,2014-08,Essex Police,Essex Police,1.023697,51.806162,On or near Waterside,E01021982,Tendring 011D,Anti-social behaviour,,
,2014-08,Essex Police,Essex Police,1.021879,51.808260,On or near Colne Road,E01021982,Tendring 011D,Anti-social behaviour,,
,2014-08,Essex Police,Essex Police,1.023909,51.805851,On or near Copperas Road,E01021982,Tendring 011D,Anti-social behaviour,,
,2014-08,Essex Police,Essex Police,1.021723,51.806582,On or near Fieldgate Dock,E01021982,Tendring 011D,Anti-social behaviour,,
,2014-08,Essex Police,Essex Police,1.022655,51.805767,On or near Ferry Terminal,E01021982,Tendring 011D,Anti-social behaviour,,
,2014-08,Essex Police,Essex Police,1.021756,51.809459,On or near Supermarket,E01021982,Tendring 011D,Anti-social behaviour,,
,2014-08,Essex Police,Essex Police,1.021273,51.809391,On or near Police Station,E01021982,Tendring 011D,Anti-social behaviour,,
979306691983404c5723d55a682f8c348e505b2bd6d12f971c3c7900515a0b65,2014-08,Essex Police,Essex Police,1.024547,51.806069,On or near Parking Area,E01021982,Tendring 011D,Bicycle theft,Investigation complete; no suspect identified,
4bbc5fbda2c024d6cc44f6cc0aa026b96426e239dd57944a6d52ac71331f9fc6,2014-08,Essex Police,Essex Police,1.026887,51.805909,On or near Copperas Road,E01021982,Tendring 011D,Burglary,Under investigation,
6a8c3ebc9cb5fdebbf68b2b42a751237b82f57294e9aeafaaddf209240ed9077,2014-08,Essex Police,Essex Police,1.024547,51.806069,On or near Parking Area,E01021982,Tendring 011D,Criminal damage and arson,Investigation complete; no suspect identified,
30c1bce6c3c9f01578a5dd735837f006e3d734d5d054bdd48b09531dc069942d,2014-08,Essex Police,Essex Police,1.025472,51.809481,On or near James Street,E01021982,Tendring 011D,Drugs,Under investigation,
a9252e6b80527a81c5ab9ac3576005ffae79df415fd2e943aa7e52af6922cfad,2014-08,Essex Police,Essex Police,1.023697,51.806162,On or near Waterside,E01021982,Tendring 011D,Other theft,Investigation complete; no suspect identified,
d992d91b1c5b9d56d4d9071d16749bd78639b4d7b6f58c28f335bf7fa3c36f7b,2014-08,Essex Police,Essex Police,1.021273,51.809391,On or near Police Station,E01021982,Tendring 011D,Public order,Under investigation,
,2014-08,Essex Police,Essex Police,1.029426,51.797264,On or near Cruce Way,E01022046,Tendring 011E,Anti-social behaviour,,
,2014-08,Essex Police,Essex Police,1.049322,51.794609,On or near Point Clear Road,E01022046,Tendring 011E,Anti-social behaviour,,
,2014-08,Essex Police,Essex Police,1.025338,51.799258,On or near Colne Way,E01022046,Tendring 011E,Anti-social behaviour,,
,2014-08,Essex Police,Essex Police,1.025338,51.799258,On or near Colne Way,E01022046,Tendring 011E,Anti-social behaviour,,
262536a77d5489ea8d5a5152bcb4ee278a322910f70a036806f5937c1f410638,2014-08,Essex Police,Essex Police,1.025338,51.799258,On or near Colne Way,E01022046,Tendring 011E,Burglary,Investigation complete; no suspect identified,
ab06ef004ed8b9e5b3eda3019d03c5a73e540cd0cfa10ade20adb67b0a659191,2014-08,Essex Police,Essex Police,1.025338,51.799258,On or near Colne Way,E01022046,Tendring 011E,Burglary,Under investigation,
29298029fe7640aad2257985193afd3a6af6f246c21554d192534ce6b9ba6e45,2014-08,Essex Police,Essex Police,1.029738,51.798245,On or near North Wall,E01022046,Tendring 011E,Burglary,Investigation complete; no suspect identified,
42b71babb8d08508759e4e5aa7314daf32e3075b23679bd7dea9ae49cc5a9d1b,2014-08,Essex Police,Essex Police,1.041421,51.792934,On or near Beacon Way,E01022046,Tendring 011E,Criminal damage and arson,Under investigation,
597fce4c213eea41370347aa355959cc581f25ef76e52b7289a33a87d75ae47b,2014-08,Essex Police,Essex Police,1.025338,51.799258,On or near Colne Way,E01022046,Tendring 011E,Criminal damage and arson,Awaiting court outcome,
bbee8333c5424e49334b7540c518e4fc71917db7d2220de5daa84af9f15974b0,2014-08,Essex Police,Essex Police,1.034374,51.794267,On or near Lydia Drive,E01022046,Tendring 011E,Criminal damage and arson,Investigation complete; no suspect identified,
465b044df8bb70013caede3e312d9b264085ae98e89d127ec5c69c6f8dfcae63,2014-08,Essex Police,Essex Police,1.025338,51.799258,On or near Colne Way,E01022046,Tendring 011E,Criminal damage and arson,Investigation complete; no suspect identified,
4c8704c9dfe7fe022d47ed6132f33a6a2fe296e0d2ce41d72110124508d3cd80,2014-08,Essex Police,Essex Police,1.028235,51.797672,On or near Norman Way,E01022046,Tendring 011E,Other theft,Investigation complete; no suspect identified,
c0bd6801669cbee4159204321a5da4f47ac4e95528d17afd844a0abee53d6240,2014-08,Essex Police,Essex Police,1.025338,51.799258,On or near Colne Way,E01022046,Tendring 011E,Shoplifting,Under investigation,
ff08cd0e354c1a5c564486cceae84b64e8349276891869e5ac6f59cb2d8c8f11,2014-08,Essex Police,Essex Police,1.025338,51.799258,On or near Colne Way,E01022046,Tendring 011E,Violence and sexual offences,Awaiting court outcome,
fe5fc395dbebd37393728ef3b31c4c19d87acc0996544be7bd805089c1b692c8,2014-08,Essex Police,Essex Police,1.025338,51.799258,On or near Colne Way,E01022046,Tendring 011E,Violence and sexual offences,Under investigation,
f0f129fd32f35843e048541ef55f0f49fb468bb6da1fc313f2444613ad8b16c3,2014-08,Essex Police,Essex Police,1.041421,51.792934,On or near Beacon Way,E01022046,Tendring 011E,Violence and sexual offences,Offender given conditional discharge,
d3f7872a8f48ea1ecc35bd3ca626421ffc8b68335d6adfe0a515ae23becb25c0,2014-08,Essex Police,Essex Police,1.025338,51.799258,On or near Colne Way,E01022046,Tendring 011E,Violence and sexual offences,Under investigation,
99665660321e7edf351c4fc9d34e051f7e45141264a61a84a0a515be367e47c4,2014-08,Essex Police,Essex Police,1.025338,51.799258,On or near Colne Way,E01022046,Tendring 011E,Violence and sexual offences,Under investigation,
846828bd622448145606cbb1e923feb2286a7449c25b741e6a80233123e24e03,2014-08,Essex Police,Essex Police,1.025338,51.799258,On or near Colne Way,E01022046,Tendring 011E,Violence and sexual offences,Under investigation,
4b966f0b635e224f720c4740a0cb80e75f38a584aab7d3fb158063533d39025f,2014-08,Essex Police,Essex Police,1.033370,51.794869,On or near Allen Way,E01022046,Tendring 011E,Violence and sexual offences,Under investigation,
fd26fa25d1cdbb0aad94bf2c1d088b8fc6649a53dc71a5dae380c3101ea1ca0d,2014-08,Essex Police,Essex Police,1.025338,51.799258,On or near Colne Way,E01022046,Tendring 011E,Violence and sexual offences,Under investigation,
7bae41dcd246af0b6b954fb67911afc72893421f95b0b03591f363d356fd82fb,2014-08,Essex Police,Essex Police,1.041421,51.792934,On or near Beacon Way,E01022046,Tendring 011E,Violence and sexual offences,Under investigation,
,2014-08,Essex Police,Essex Police,1.194783,51.810278,On or near Pickers Way,E01022008,Tendring 012A,Anti-social behaviour,,
,2014-08,Essex Police,Essex Police,1.196769,51.807580,On or near Park Boulevard,E01022008,Tendring 012A,Anti-social behaviour,,
,2014-08,Essex Police,Essex Police,1.196559,51.806255,On or near Frinton Road,E01022008,Tendring 012A,Anti-social behaviour,,
,2014-08,Essex Police,Essex Police,1.195470,51.809531,On or near Fleetwood Avenue,E01022008,Tendring 012A,Anti-social behaviour,,
,2014-08,Essex Police,Essex Police,1.199225,51.804356,On or near Brighton Road,E01022008,Tendring 012A,Anti-social behaviour,,
,2014-08,Essex Police,Essex Police,1.192388,51.806980,On or near Sussex Gardens,E01022008,Tendring 012A,Anti-social behaviour,,
,2014-08,Essex Police,Essex Police,1.199225,51.804356,On or near Brighton Road,E01022008,Tendring 012A,Anti-social behaviour,,
580c1f46c2f2e65f0caee34630c7631fd6d32ffc8a5d26379317bfb777b9455d,2014-08,Essex Police,Essex Police,1.205630,51.805477,On or near Haven Avenue,E01022008,Tendring 012A,Burglary,Under investigation,
5807e59440c993f45228859967ad89021e90dce233b0cae25737460f6d690035,2014-08,Essex Police,Essex Police,1.202347,51.806034,On or near Grendel Way,E01022008,Tendring 012A,Burglary,Investigation complete; no suspect identified,
8eda1ea257310ba33e28a5cd008403588a1582a2bcf0c3d17cbc1ce9ab959586,2014-08,Essex Police,Essex Police,1.199225,51.804356,On or near Brighton Road,E01022008,Tendring 012A,Burglary,Investigation complete; no suspect identified,
dab6a80010191e26035626b65041877b75b39e940e6b08ba9dd844cddff53682,2014-08,Essex Police,Essex Police,1.196999,51.805100,On or near Edison Road,E01022008,Tendring 012A,Vehicle crime,Investigation complete; no suspect identified,
78f3f287a61185f76fd391cf86ca27b3625eb835fab03ceaf4060a1d5cee514b,2014-08,Essex Police,Essex Police,1.208731,51.806445,On or near The Gap,E01022008,Tendring 012A,Vehicle crime,Investigation complete; no suspect identified,
e99a476a267cca032ebfa35741a3cd6b37d2d6fb162c5dd2ee45f703a87ccece,2014-08,Essex Police,Essex Police,1.195534,51.803261,On or near The Chase,E01022008,Tendring 012A,Violence and sexual offences,Awaiting court outcome,
760dbc1c21bf6e2e2f9ea0fcdfa90a53dc453fe193fc39f3fa01d26567af72e5,2014-08,Essex Police,Essex Police,1.195470,51.809531,On or near Fleetwood Avenue,E01022008,Tendring 012A,Violence and sexual offences,Unable to prosecute suspect,
6cda8396be53d7ec9b86a6356c920e95cc6289e68d03e1336666d94ff87ae6ba,2014-08,Essex Police,Essex Police,1.199649,51.805631,On or near Saxon Way,E01022008,Tendring 012A,Violence and sexual offences,Awaiting court outcome,
,2014-08,Essex Police,Essex Police,1.183636,51.805283,On or near Ipswich Road,E01022033,Tendring 012B,Anti-social behaviour,,
,2014-08,Essex Police,Essex Police,1.177795,51.806404,On or near Derwent Gardens,E01022033,Tendring 012B,Anti-social behaviour,,
,2014-08,Essex Police,Essex Police,1.191422,51.807069,On or near Pembroke Gardens,E01022033,Tendring 012B,Anti-social behaviour,,
,2014-08,Essex Police,Essex Police,1.190273,51.809493,On or near Fleetwood Close,E01022033,Tendring 012B,Anti-social behaviour,,
,2014-08,Essex Police,Essex Police,1.190273,51.809493,On or near Fleetwood Close,E01022033,Tendring 012B,Anti-social behaviour,,
8d6b1262dc8ec7c8a93c137989d291d5d15b8e22812d13e37e91789561740fbd,2014-08,Essex Police,Essex Police,1.177769,51.806648,On or near Keswick Avenue,E01022033,Tendring 012B,Public order,Investigation complete; no suspect identified,
,2014-08,Essex Police,Essex Police,1.179745,51.800100,On or near Turpins Avenue,E01022034,Tendring 012C,Anti-social behaviour,,
030274efdba04d59045ae53c1f9573266e68e6e0e1edc5e020f26e34ac917fc7,2014-08,Essex Police,Essex Police,1.180507,51.804118,On or near Windermere Road,E01022034,Tendring 012C,Criminal damage and arson,Investigation complete; no suspect identified,
54cb75e9a33c06b1f3eb233113e765db97b622d58f4452d023ce6397fe7e670e,2014-08,Essex Police,Essex Police,1.179408,51.796557,On or near Marine Parade East,E01022034,Tendring 012C,Other theft,Investigation complete; no suspect identified,
,2014-08,Essex Police,Essex Police,1.185299,51.804177,On or near Frinton Road,E01022035,Tendring 012D,Anti-social behaviour,,
c47620cd19e581708ecd88b9ccc09ddf95eb79091d0998728390e97aebfce649,2014-08,Essex Police,Essex Police,1.190690,51.800811,On or near Parking Area,E01022035,Tendring 012D,Bicycle theft,Investigation complete; no suspect identified,
a9b4927ec056299cb2a4677b64659f15d3eb7e1861fc5fca7219fbe0e20578f4,2014-08,Essex Police,Essex Police,1.190690,51.800811,On or near Parking Area,E01022035,Tendring 012D,Burglary,Investigation complete; no suspect identified,
b4a69e53b37d088c1e32ced77bdeb8ce8d61d0d06333de34bd287f7225e3c2d0,2014-08,Essex Police,Essex Police,1.184084,51.801764,On or near Bedford Road,E01022035,Tendring 012D,Burglary,Investigation complete; no suspect identified,
6c5700faf7941a31ee32ff4f5c2b67953c12b9f6f62b9b06f38b3111b998955c,2014-08,Essex Police,Essex Police,1.192821,51.805097,On or near Manchester Road,E01022035,Tendring 012D,Burglary,Investigation complete; no suspect identified,
93754cce5f93f16abb9b64dbf5ec3b673b40cb6fa517b56805af4b026f52897b,2014-08,Essex Police,Essex Police,1.190600,51.804474,On or near Kenilworth Road,E01022035,Tendring 012D,Other theft,Under investigation,
24af62a4de1beec3b30b35853382eb7f3e68c26585e6035cce42f540ab7fe013,2014-08,Essex Police,Essex Police,1.190600,51.804474,On or near Kenilworth Road,E01022035,Tendring 012D,Theft from the person,Investigation complete; no suspect identified,
f5c5b0df9b85edf1bbde7d9a2af6d9d001a6187d81d5e1b5607363fab8307e02,2014-08,Essex Police,Essex Police,1.128032,51.817318,On or near St Osyth Road,E01021975,Tendring 013A,Bicycle theft,Investigation complete; no suspect identified,
1d0192921d9e7c94731493ecbc996b273a436b4cddac69a3bfbee2ccdecb5575,2014-08,Essex Police,Essex Police,1.128032,51.817318,On or near St Osyth Road,E01021975,Tendring 013A,Bicycle theft,Investigation complete; no suspect identified,
62b9976d2614ea421bfc5556c37a1ac53667970a7953a7597e73dfaac0e87d40,2014-08,Essex Police,Essex Police,1.128032,51.817318,On or near St Osyth Road,E01021975,Tendring 013A,Bicycle theft,Investigation complete; no suspect identified,
dba4c1d59d8c9b1a496ed1fac30362a5ce0ab664c8d43576a7054d7565048a51,2014-08,Essex Police,Essex Police,1.143298,51.805011,On or near Romney Close,E01021975,Tendring 013A,Criminal damage and arson,Offender given a caution,
65a9a7af2ebe78de64a345b60bd198b234fd7fb163741b7e7ad2f54788389559,2014-08,Essex Police,Essex Police,1.143298,51.805011,On or near Romney Close,E01021975,Tendring 013A,Criminal damage and arson,Under investigation,
3bb1e2e90eda307b8df3c7d307fbedfb7677c29f25df4bb67fef2b8b3356b6de,2014-08,Essex Police,Essex Police,1.139695,51.805369,On or near Blake Drive,E01021975,Tendring 013A,Criminal damage and arson,Under investigation,
587c802186b5831dea745e40462c8f3406f13152dd808509c79b2ec592e19555,2014-08,Essex Police,Essex Police,1.139695,51.805369,On or near Blake Drive,E01021975,Tendring 013A,Vehicle crime,Investigation complete; no suspect identified,
9e7223a7547d324a72e809b96874e92886ebc08a3b20f2aa96d1bd2308057a27,2014-08,Essex Police,Essex Police,1.134309,51.807410,On or near Coulsdon Close,E01021975,Tendring 013A,Vehicle crime,Under investigation,
66ee4000ac0e968762a96a9c8c3eee1257c5cd467bb40fbd159595e90ae8a988,2014-08,Essex Police,Essex Police,1.145113,51.806078,On or near Westcott Close,E01021975,Tendring 013A,Violence and sexual offences,Under investigation,
,2014-08,Essex Police,Essex Police,1.130280,51.804963,On or near Bocking'S Grove,E01021976,Tendring 013B,Anti-social behaviour,,
,2014-08,Essex Police,Essex Police,1.142386,51.808382,On or near Middleton Close,E01021976,Tendring 013B,Anti-social behaviour,,
,2014-08,Essex Police,Essex Police,1.142386,51.808382,On or near Middleton Close,E01021976,Tendring 013B,Anti-social behaviour,,
,2014-08,Essex Police,Essex Police,1.136644,51.806134,On or near Dixon Avenue,E01021976,Tendring 013B,Anti-social behaviour,,
afcd9b9dd4b0727ae0c0b6630435ef9ee7eaa4f62aef1ad94e37628758cde439,2014-08,Essex Police,Essex Police,1.142790,51.807094,On or near Cotman Road,E01021976,Tendring 013B,Burglary,Under investigation,
d2626820aa3462fe34ca3dbb3e6678e7d27be197274fded5501fe28fb38bfbf1,2014-08,Essex Police,Essex Police,1.134668,51.805467,On or near Orwell Way,E01021976,Tendring 013B,Criminal damage and arson,Investigation complete; no suspect identified,
68c0035f0c57476374a5f0d759129bef4cdc51dc75305a9559174c8971bf215a,2014-08,Essex Police,Essex Police,1.133099,51.805437,On or near Cottage Grove,E01021976,Tendring 013B,Vehicle crime,Investigation complete; no suspect identified,
,2014-08,Essex Police,Essex Police,1.123268,51.801534,On or near Shelley Road,E01021977,Tendring 013C,Anti-social behaviour,,
,2014-08,Essex Police,Essex Police,1.118638,51.801091,On or near Flixton Close,E01021977,Tendring 013C,Anti-social behaviour,,
,2014-08,Essex Police,Essex Police,1.129642,51.806644,On or near Warnham Close,E01021977,Tendring 013C,Anti-social behaviour,,
,2014-08,Essex Police,Essex Police,1.119682,51.795612,On or near Jaywick Lane,E01021977,Tendring 013C,Anti-social behaviour,,
,2014-08,Essex Police,Essex Police,1.128869,51.803859,On or near St John'S Road,E01021977,Tendring 013C,Anti-social behaviour,,
,2014-08,Essex Police,Essex Police,1.129196,51.802717,On or near Waterworks Drive,E01021977,Tendring 013C,Anti-social behaviour,,
,2014-08,Essex Police,Essex Police,1.128238,51.807950,On or near Brockham Close,E01021977,Tendring 013C,Anti-social behaviour,,
,2014-08,Essex Police,Essex Police,1.129856,51.806800,On or near Mayford Way,E01021977,Tendring 013C,Anti-social behaviour,,
832c47610dfb37b10d73dd742bca9e2f74396ce0b7e675257bc75491db81321a,2014-08,Essex Police,Essex Police,1.128869,51.803859,On or near St John'S Road,E01021977,Tendring 013C,Burglary,Under investigation,
bdc87d863ececcfa7e689d5a9795e9485b83f16cf97171d9ad5c9c7be6dd51a6,2014-08,Essex Police,Essex Police,1.128869,51.803859,On or near St John'S Road,E01021977,Tendring 013C,Burglary,Investigation complete; no suspect identified,
59d208b8ea19bbe3ab9b23df34b054ac385c536ca95e2e6f3ad346e143ec60e4,2014-08,Essex Police,Essex Police,1.129196,51.802717,On or near Waterworks Drive,E01021977,Tendring 013C,Burglary,Investigation complete; no suspect identified,
74cdf3f8c1f6dd27b9a267acee78267418a66ae54c8d1a078cb4eb40ac3313c7,2014-08,Essex Police,Essex Police,1.127946,51.807076,On or near Holmwood Close,E01021977,Tendring 013C,Burglary,Under investigation,
986edbf81f6a1e587a5465a547fd40c10d21fbdb9f1898d4f45e3ffb936ffa18,2014-08,Essex Police,Essex Police,1.123858,51.800844,On or near Cavendish Drive,E01021977,Tendring 013C,Burglary,Under investigation,
1f41c8802d5108e6769adaacbff34f973e14e78ce35aa43d68af6c2eb6ecf1ca,2014-08,Essex Police,Essex Police,1.123268,51.801534,On or near Shelley Road,E01021977,Tendring 013C,Criminal damage and arson,Investigation complete; no suspect identified,
d4505a42be92d83af55c7f5e51a2e0774912d53d7a071c215303707ee7609617,2014-08,Essex Police,Essex Police,1.122534,51.801626,On or near Wordsworth Way,E01021977,Tendring 013C,Criminal damage and arson,Under investigation,
b68c80734148b0da00d3d62f63bda91c0b82497bc19949a2761d0659e00b6d4d,2014-08,Essex Police,Essex Police,1.128238,51.807950,On or near Brockham Close,E01021977,Tendring 013C,Drugs,Under investigation,
771aea5716eb13cabc3284e562c27ac9b153dcf882ec529ed3b5f011b8c3b533,2014-08,Essex Police,Essex Police,1.098696,51.800953,On or near Petrol Station,E01021977,Tendring 013C,Other theft,Investigation complete; no suspect identified,
ae3db884f65488fcb0cb8f146b9938f62647ad035eb64903553baff6c2d24477,2014-08,Essex Police,Essex Police,1.120816,51.794818,On or near Harpers Way,E01021977,Tendring 013C,Vehicle crime,Investigation complete; no suspect identified,
d5e3101efe81fc205ed2d74ca230beb22b80d83d57a37f7ebee2863e4c9cebf4,2014-08,Essex Police,Essex Police,1.098696,51.800953,On or near Petrol Station,E01021977,Tendring 013C,Vehicle crime,Investigation complete; no suspect identified,
b49087e853c996264027e5d4c08bff66ac489bd61e8b8e9b35188ba58032f744,2014-08,Essex Police,Essex Police,1.123268,51.801534,On or near Shelley Road,E01021977,Tendring 013C,Vehicle crime,Awaiting court outcome,
68a34dcbf044bca4c6aeeff581c00627bf8d2573e3e66c667b8cba9c0a77c27b,2014-08,Essex Police,Essex Police,1.119682,51.795612,On or near Jaywick Lane,E01021977,Tendring 013C,Vehicle crime,Investigation complete; no suspect identified,
56f7bda6ea72ca337cea582fe4efb3a874ad78eacb740af587d5b526c955373a,2014-08,Essex Police,Essex Police,1.098696,51.800953,On or near Petrol Station,E01021977,Tendring 013C,Violence and sexual offences,Unable to prosecute suspect,
31b60f71d81df909f3b21f84fbd48141acfdf0bff7042dc9754ca177830ff69f,2014-08,Essex Police,Essex Police,1.122534,51.801626,On or near Wordsworth Way,E01021977,Tendring 013C,Violence and sexual offences,Under investigation,
9e6b4829fcea59489c3952b64564d1c20c8c39af0cb9ebe2379fde2b11e7e2fa,2014-08,Essex Police,Essex Police,1.128869,51.803859,On or near St John'S Road,E01021977,Tendring 013C,Violence and sexual offences,Under investigation,
,2014-08,Essex Police,Essex Police,1.145014,51.799245,On or near Thomas Road,E01022022,Tendring 013D,Anti-social behaviour,,
,2014-08,Essex Police,Essex Police,1.139621,51.800748,On or near Hoxton Close,E01022022,Tendring 013D,Anti-social behaviour,,
09452d0576fab2b1b98ebaaec2671c0fa54040292e814bf6db6998e50e865ddf,2014-08,Essex Police,Essex Police,1.139621,51.800748,On or near Hoxton Close,E01022022,Tendring 013D,Criminal damage and arson,Investigation complete; no suspect identified,
718eb832120005dd058822a9405a58a39d1ee8897eaca54a8bad7095bf1bacc2,2014-08,Essex Police,Essex Police,1.140309,51.802717,On or near Totteridge Close,E01022022,Tendring 013D,Violence and sexual offences,Under investigation,
843ecfa217954b6ab48d7909934fc3695a904fb3b865f1e31feaebddd87cedf8,2014-08,Essex Police,Essex Police,1.142529,51.803134,On or near Neasden Avenue,E01022022,Tendring 013D,Violence and sexual offences,Offender given a caution,
b501c1bf7572058410850ffc9c68d201764ea24bcb08460ff93c054d3403b4a2,2014-08,Essex Police,Essex Police,1.142390,51.798641,On or near Pathfields Road,E01022022,Tendring 013D,Violence and sexual offences,Investigation complete; no suspect identified,
,2014-08,Essex Police,Essex Police,1.153536,51.806194,On or near Elm Grove,E01022044,Tendring 013E,Anti-social behaviour,,
,2014-08,Essex Police,Essex Police,1.153536,51.806194,On or near Elm Grove,E01022044,Tendring 013E,Anti-social behaviour,,
,2014-08,Essex Police,Essex Police,1.148691,51.807457,On or near Sherwood Drive,E01022044,Tendring 013E,Anti-social behaviour,,
,2014-08,Essex Police,Essex Police,1.155426,51.805424,On or near Supermarket,E01022044,Tendring 013E,Anti-social behaviour,,
,2014-08,Essex Police,Essex Police,1.148481,51.805277,On or near London Road,E01022044,Tendring 013E,Anti-social behaviour,,
d21f686db31f1dc8f718a110d8bd68a9659eca31cd363ec9b848e315db0763aa,2014-08,Essex Police,Essex Police,1.148481,51.805277,On or near London Road,E01022044,Tendring 013E,Burglary,Under investigation,
0e52c691c66dd35f6357490891039eb14513fe26b348ec77ec20ce253186de63,2014-08,Essex Police,Essex Police,1.146469,51.809927,On or near Rookwood Close,E01022044,Tendring 013E,Criminal damage and arson,Investigation complete; no suspect identified,
7df4707aaa547ca9dc897ec540a4f730fd0a1fe0fca19834c28e2ad30053e920,2014-08,Essex Police,Essex Police,1.146469,51.809927,On or near Rookwood Close,E01022044,Tendring 013E,Criminal damage and arson,Investigation complete; no suspect identified,
9a71f81a893fb0251d5d6e137f25c0866c3a6c3db76fe2c5743001330395edf6,2014-08,Essex Police,Essex Police,1.148481,51.805277,On or near London Road,E01022044,Tendring 013E,Drugs,Offender given a drugs possession warning,
6eb3dfe15847533a72b337e7a7fe3c7c465467f061a7203062d71cbf82d37d25,2014-08,Essex Police,Essex Police,1.148481,51.805277,On or near London Road,E01022044,Tendring 013E,Drugs,Offender given a drugs possession warning,
46518f7905c121c76fc23b36ec04c4ab2f97d7031d95db464923bf8366e8c816,2014-08,Essex Police,Essex Police,1.155426,51.805424,On or near Supermarket,E01022044,Tendring 013E,Shoplifting,Under investigation,
704a51e4f40ef63182fbb959db874575eff9938c0fd89ef9f8801a6c4b49344e,2014-08,Essex Police,Essex Police,1.148499,51.810323,On or near Raycliff Avenue,E01022044,Tendring 013E,Shoplifting,Under investigation,
80ab76dd181f243b472762ba4f98b675ec78bb75f22ad77eb201b4896b3e6bbc,2014-08,Essex Police,Essex Police,1.155426,51.805424,On or near Supermarket,E01022044,Tendring 013E,Shoplifting,Under investigation,
a0f77e378b8aac672bf4cfbcd17145ed5a824d7f3280b48cfcd9c20e4501a2f0,2014-08,Essex Police,Essex Police,1.148499,51.810323,On or near Raycliff Avenue,E01022044,Tendring 013E,Shoplifting,Under investigation,
94f9aabe675bd70a1f4a760762241dbc578e28de1aaa1b63256a37b0d2d0292d,2014-08,Essex Police,Essex Police,1.155426,51.805424,On or near Supermarket,E01022044,Tendring 013E,Shoplifting,Under investigation,
8aa04e0873de5fce957855d184a6cae06df10cf0fab3145f8647301adc2bec1c,2014-08,Essex Police,Essex Police,1.148481,51.805277,On or near London Road,E01022044,Tendring 013E,Vehicle crime,Investigation complete; no suspect identified,
55ebb1a27177f06ac9d76feda976382c3dd41fce2dfd94979607b0d2eed5ca13,2014-08,Essex Police,Essex Police,1.148481,51.805277,On or near London Road,E01022044,Tendring 013E,Violence and sexual offences,Under investigation,
c6fc086e8a7e1206c535cdf999103f16f561569eddb351d577dbf4315229444a,2014-08,Essex Police,Essex Police,1.153536,51.806194,On or near Elm Grove,E01022044,Tendring 013E,Violence and sexual offences,Unable to prosecute suspect,
a4fea3cfd8a23a2308f6c558e2e6fe3b779be15e9c7c8069429b27e22079a915,2014-08,Essex Police,Essex Police,1.153536,51.806194,On or near Elm Grove,E01022044,Tendring 013E,Violence and sexual offences,Under investigation,
2b35fe707cd8abf657dab5b1a0341142a467df3fc094ae98d353b9eff457506e,2014-08,Essex Police,Essex Police,1.152548,51.807624,On or near North Road,E01022044,Tendring 013E,Violence and sexual offences,Under investigation,
,2014-08,Essex Police,Essex Police,1.149997,51.804553,On or near Howard Vyse Court,E01022042,Tendring 014A,Anti-social behaviour,,
,2014-08,Essex Police,Essex Police,1.151563,51.802452,On or near Sports/Recreation Area,E01022042,Tendring 014A,Anti-social behaviour,,
,2014-08,Essex Police,Essex Police,1.151681,51.803519,On or near Elmden Court,E01022042,Tendring 014A,Anti-social behaviour,,
,2014-08,Essex Police,Essex Police,1.149822,51.802040,On or near Knox Road,E01022042,Tendring 014A,Anti-social behaviour,,
,2014-08,Essex Police,Essex Police,1.155165,51.804594,On or near St John'S Road,E01022042,Tendring 014A,Anti-social behaviour,,
,2014-08,Essex Police,Essex Police,1.151681,51.803519,On or near Elmden Court,E01022042,Tendring 014A,Anti-social behaviour,,
,2014-08,Essex Police,Essex Police,1.149822,51.802040,On or near Knox Road,E01022042,Tendring 014A,Anti-social behaviour,,
0945624cebe311650b270cb402a8541dcc226ed1f77c3c7bdec49ceb77397240,2014-08,Essex Police,Essex Police,1.153551,51.802047,On or near Old Road,E01022042,Tendring 014A,Burglary,Investigation complete; no suspect identified,
e04a4282b184847eb3b0398d1b86bf5a2dd04daaf86eceb2f263582dd01435df,2014-08,Essex Police,Essex Police,1.153772,51.805001,On or near Parking Area,E01022042,Tendring 014A,Criminal damage and arson,Investigation complete; no suspect identified,
f329c4bd834be5bf377dfdcd47695e1697d36e5caeffde700b5b95ca4b14ae1f,2014-08,Essex Police,Essex Police,1.151681,51.803519,On or near Elmden Court,E01022042,Tendring 014A,Criminal damage and arson,Unable to prosecute suspect,
a9c7b0574d4ff4fd2eb27229e1bdde58849c16fe1fc8a19bf2336636684e6bf1,2014-08,Essex Police,Essex Police,1.153551,51.802047,On or near Old Road,E01022042,Tendring 014A,Criminal damage and arson,Investigation complete; no suspect identified,
7794fe79f2280a95bc1f3df251d59dd2f5f11f22a122c40910bb181235280374,2014-08,Essex Police,Essex Police,1.155165,51.804594,On or near St John'S Road,E01022042,Tendring 014A,Other theft,Under investigation,
7df7eb63e050e601d98dc5e5459a4a4339a438dfd207c338dbad7433a1df31f3,2014-08,Essex Police,Essex Police,1.147335,51.803401,On or near Litchfield Close,E01022042,Tendring 014A,Theft from the person,Under investigation,
36e984fdf18e74900f92ed62972926a3fd2f44dd4d07986036a33ed2cef8d4b5,2014-08,Essex Police,Essex Police,1.151681,51.803519,On or near Elmden Court,E01022042,Tendring 014A,Violence and sexual offences,Under investigation,
1d5d1270029277546a132d9d91c9859633fe91a0d3f33eba1d540b81e39e8ef7,2014-08,Essex Police,Essex Police,1.147335,51.803401,On or near Litchfield Close,E01022042,Tendring 014A,Violence and sexual offences,Unable to prosecute suspect,
2086306ca7c48c9add95e7749c4c8f392d3e6d9cbd3c01c8e280d3e6d26f7724,2014-08,Essex Police,Essex Police,1.149997,51.804553,On or near Howard Vyse Court,E01022042,Tendring 014A,Violence and sexual offences,Offender given a caution,
c23c38b6cad5e55c2a1a7701e2bc035d53f9ae31cac90e5800907cbb6c1ccefe,2014-08,Essex Police,Essex Police,1.153551,51.802047,On or near Old Road,E01022042,Tendring 014A,Violence and sexual offences,Under investigation,
1f782ce9986d5c6e9329c5f54045fa42a58dfd601cde136619e4c791e3948668,2014-08,Essex Police,Essex Police,1.151681,51.803519,On or near Elmden Court,E01022042,Tendring 014A,Violence and sexual offences,Under investigation,
3037cd609f525a064b22e19288f76dc5e22076bdb38728fc547eedb5796e82c0,2014-08,Essex Police,Essex Police,1.153551,51.802047,On or near Old Road,E01022042,Tendring 014A,Violence and sexual offences,Under investigation,
,2014-08,Essex Police,Essex Police,1.157180,51.798550,On or near Oxford Road,E01022043,Tendring 014B,Anti-social behaviour,,
,2014-08,Essex Police,Essex Police,1.157180,51.798550,On or near Oxford Road,E01022043,Tendring 014B,Anti-social behaviour,,
,2014-08,Essex Police,Essex Police,1.153930,51.797297,On or near Eton Road,E01022043,Tendring 014B,Anti-social behaviour,,
,2014-08,Essex Police,Essex Police,1.154230,51.798063,On or near Oxford Crescent,E01022043,Tendring 014B,Anti-social behaviour,,
,2014-08,Essex Police,Essex Police,1.152103,51.794810,On or near Wellesley Road,E01022043,Tendring 014B,Anti-social behaviour,,
,2014-08,Essex Police,Essex Police,1.155535,51.799296,On or near Thornbury Road,E01022043,Tendring 014B,Anti-social behaviour,,
,2014-08,Essex Police,Essex Police,1.152103,51.794810,On or near Wellesley Road,E01022043,Tendring 014B,Anti-social behaviour,,
d74b5618e2769feb1703a68c7af15d918ff182fff56e62e2584d4f978aebbd98,2014-08,Essex Police,Essex Police,1.152103,51.794810,On or near Wellesley Road,E01022043,Tendring 014B,Bicycle theft,Investigation complete; no suspect identified,
6ec6a5b14693e408365783771c5916eb96764ebd3600be7bc250aebc8ec57776,2014-08,Essex Police,Essex Police,1.154230,51.798063,On or near Oxford Crescent,E01022043,Tendring 014B,Burglary,Under investigation,
875d88fc0d27faba2e583a8b02d1fa67c6dc8916aabe1b353219417e271f5171,2014-08,Essex Police,Essex Police,1.151204,51.800222,On or near Petrol Station,E01022043,Tendring 014B,Burglary,Under investigation,
74c3e4ad29108fe89bda2833a61519d2d2d2791587f31d98642218d2e51fc6b1,2014-08,Essex Police,Essex Police,1.153930,51.797297,On or near Eton Road,E01022043,Tendring 014B,Burglary,Under investigation,
15b833160b1737287cf59999281cd748cec00347d5b0362b5cb0b29b5bf382e6,2014-08,Essex Police,Essex Police,1.153930,51.797297,On or near Eton Road,E01022043,Tendring 014B,Criminal damage and arson,Investigation complete; no suspect identified,
5d08292c2e005aa1b13ae96de2fe17c5c0aeab4de7f041b461c84172ecef946e,2014-08,Essex Police,Essex Police,1.155216,51.800339,On or near Severn Road,E01022043,Tendring 014B,Criminal damage and arson,Under investigation,
a0ddc269aabaa71616f2a3db401894593079608f421ab35b2a2199f2bac572c6,2014-08,Essex Police,Essex Police,1.152103,51.794810,On or near Wellesley Road,E01022043,Tendring 014B,Drugs,Offender given a drugs possession warning,
dbd0deb3518281ba16d3f3ae0d89b8a33a4a0576daeb62c097a8ae838482c47c,2014-08,Essex Police,Essex Police,1.151204,51.800222,On or near Petrol Station,E01022043,Tendring 014B,Other theft,Investigation complete; no suspect identified,
7c6f0a284ae63ad8c4ecdce3dc6bce39d1c13f3064c2494ffb111ba17243679e,2014-08,Essex Police,Essex Police,1.153985,51.796630,On or near Harrow Road,E01022043,Tendring 014B,Other theft,Investigation complete; no suspect identified,
f81df60c252d3af274a19b82149955a63d1278bd59b56a4ebae57b89317ae5ef,2014-08,Essex Police,Essex Police,1.151204,51.800222,On or near Petrol Station,E01022043,Tendring 014B,Other theft,Under investigation,
8a6e4f14f3943f5894bbe9df19cab4c15b165f3a72a90cf18c153fcf46c0e50d,2014-08,Essex Police,Essex Police,1.151204,51.800222,On or near Petrol Station,E01022043,Tendring 014B,Other theft,Under investigation,
0a78c91a8ae4c838f14fd1c6383c4f6f25286e01113d777106233583e29d1b6e,2014-08,Essex Police,Essex Police,1.153985,51.796630,On or near Harrow Road,E01022043,Tendring 014B,Public order,Under investigation,
7ca526649b3fabada6dd777e768ab8fec9b545574c637d1fed8ffacd048d2544,2014-08,Essex Police,Essex Police,1.152103,51.794810,On or near Wellesley Road,E01022043,Tendring 014B,Violence and sexual offences,Under investigation,
c94acdd1837538c5d49705f50d866f45db2371dac617242ad6ddf3cf4aae9769,2014-08,Essex Police,Essex Police,1.153985,51.796630,On or near Harrow Road,E01022043,Tendring 014B,Violence and sexual offences,Offender fined,
4115151596033026d0c3fb0642e78c7481fd3e6b1ea024b36a928b189178f5ba,2014-08,Essex Police,Essex Police,1.153985,51.796630,On or near Harrow Road,E01022043,Tendring 014B,Violence and sexual offences,Under investigation,
388b1fa218fc7105bd81ce2b56023bf8293ee0a8b7380186690a8f45864af36a,2014-08,Essex Police,Essex Police,1.152103,51.794810,On or near Wellesley Road,E01022043,Tendring 014B,Violence and sexual offences,Under investigation,
9381127ace4c048e4b2aeccb7df11cc2a961f61784524cd4fea05bf6c33754e0,2014-08,Essex Police,Essex Police,1.153985,51.796630,On or near Harrow Road,E01022043,Tendring 014B,Violence and sexual offences,Under investigation,
cc44f73f5daac3d055b551f3b0c279c7c12c4400f142eab9c0f4e4b650f6fc5a,2014-08,Essex Police,Essex Police,1.153985,51.796630,On or near Harrow Road,E01022043,Tendring 014B,Violence and sexual offences,Under investigation,
547ca87ae7433bcec052c0988c6ed5fa220f14491760c0be6ab8dbeb41a31e70,2014-08,Essex Police,Essex Police,1.153985,51.796630,On or near Harrow Road,E01022043,Tendring 014B,Violence and sexual offences,Under investigation,
10e14c40e4af7421a74664dce77e321116eb57f1046a64d31c224677b9cbefbe,2014-08,Essex Police,Essex Police,1.155579,51.802416,On or near Windmill Park,E01022043,Tendring 014B,Violence and sexual offences,Under investigation,
51df2ab061ca409d1394a25c4ebc150dd3d32b1f504c2426a74a5bac94d6d571,2014-08,Essex Police,Essex Police,1.157180,51.798550,On or near Oxford Road,E01022043,Tendring 014B,Violence and sexual offences,Unable to prosecute suspect,
adaca9537c1b38234ed11a7f31d7ab7132ef8281f3e6e844ca379bcefab3f0d2,2014-08,Essex Police,Essex Police,1.155535,51.799296,On or near Thornbury Road,E01022043,Tendring 014B,Other crime,Awaiting court outcome,
,2014-08,Essex Police,Essex Police,1.164413,51.792051,On or near Ambleside Court,E01022048,Tendring 014C,Anti-social behaviour,,
,2014-08,Essex Police,Essex Police,1.169541,51.801680,On or near Clarendon Park,E01022048,Tendring 014C,Anti-social behaviour,,
,2014-08,Essex Police,Essex Police,1.166011,51.796846,On or near Lyon Close,E01022048,Tendring 014C,Anti-social behaviour,,
,2014-08,Essex Police,Essex Police,1.164413,51.792051,On or near Ambleside Court,E01022048,Tendring 014C,Anti-social behaviour,,
,2014-08,Essex Police,Essex Police,1.169541,51.801680,On or near Clarendon Park,E01022048,Tendring 014C,Anti-social behaviour,,
54901228e10ebfc149a5b180844fd31cb9050bad538da420efdb1655843ffb83,2014-08,Essex Police,Essex Police,1.170021,51.796729,On or near Reckitts Close,E01022048,Tendring 014C,Burglary,Under investigation,
88a0cd977349121e00153c8971237322afa50e09a427d09a8c0120b4cebd3736,2014-08,Essex Police,Essex Police,1.164413,51.792051,On or near Ambleside Court,E01022048,Tendring 014C,Other theft,Under investigation,
359c3764e215e0d78d6b1d75aec0c9c63de7a96b23c1e3a038ff457442e3abfc,2014-08,Essex Police,Essex Police,1.164413,51.792051,On or near Ambleside Court,E01022048,Tendring 014C,Other theft,Under investigation,
b23c452f53361ff0d8df7bc290434582422d9ff383e02b391496def8f36bbc1d,2014-08,Essex Police,Essex Police,1.164413,51.792051,On or near Ambleside Court,E01022048,Tendring 014C,Violence and sexual offences,Investigation complete; no suspect identified,
be492a8313f7b0a775743b8c912fa758017479701f1765deb0b9e59059860425,2014-08,Essex Police,Essex Police,1.167507,51.801213,On or near Mountview Road,E01022048,Tendring 014C,Violence and sexual offences,Awaiting court outcome,
60dbe91ade9ec8ea1c400bfdcd4e34f9ea3736d9644ab4156359578f6d26e610,2014-08,Essex Police,Essex Police,1.164413,51.792051,On or near Ambleside Court,E01022048,Tendring 014C,Violence and sexual offences,Awaiting court outcome,
d641c9c66cc80d79ea4b41b0d3ca4989db76bd5f0dbc8c931ba152c07781e381,2014-08,Essex Police,Essex Police,1.165312,51.793915,On or near Victoria Road,E01022048,Tendring 014C,Violence and sexual offences,Unable to prosecute suspect,
c804fa0efbb46a03145fa60889fdab898f902d75f761e4d69bb49238e4646889,2014-08,Essex Police,Essex Police,1.161645,51.794778,On or near College Road,E01022049,Tendring 014D,Burglary,Under investigation,
92ade062570e72c1f0e142a64a9225f2132670e2204451cc24d7d020da910ec1,2014-08,Essex Police,Essex Police,1.159236,51.793926,On or near Skelmersdale Road,E01022049,Tendring 014D,Criminal damage and arson,Investigation complete; no suspect identified,
cd078ca33eb5e1c213ad2dd36188d63713e58c32159d5eecc901eb0502a648ef,2014-08,Essex Police,Essex Police,1.159236,51.793926,On or near Skelmersdale Road,E01022049,Tendring 014D,Other theft,Under investigation,
3910f7c0b0576b87cf4b2db15c12aeb8d1f25a6f48c895189b2dacf865a7d718,2014-08,Essex Police,Essex Police,1.159236,51.793926,On or near Skelmersdale Road,E01022049,Tendring 014D,Vehicle crime,Under investigation,
,2014-08,Essex Police,Essex Police,1.171198,51.794899,On or near Connaught Close,E01022050,Tendring 014E,Anti-social behaviour,,
,2014-08,Essex Police,Essex Police,1.171944,51.798296,On or near Abbigail Gardens,E01022050,Tendring 014E,Anti-social behaviour,,
,2014-08,Essex Police,Essex Police,1.166372,51.803861,On or near Kennedy Way,E01022050,Tendring 014E,Anti-social behaviour,,
,2014-08,Essex Police,Essex Police,1.173025,51.800471,On or near Norwood Avenue,E01022050,Tendring 014E,Anti-social behaviour,,
,2014-08,Essex Police,Essex Police,1.171944,51.798296,On or near Abbigail Gardens,E01022050,Tendring 014E,Anti-social behaviour,,
,2014-08,Essex Police,Essex Police,1.176403,51.796512,On or near Fourth Avenue,E01022050,Tendring 014E,Anti-social behaviour,,
,2014-08,Essex Police,Essex Police,1.165821,51.801798,On or near Greenacres,E01022050,Tendring 014E,Anti-social behaviour,,
,2014-08,Essex Police,Essex Police,1.165821,51.801798,On or near Greenacres,E01022050,Tendring 014E,Anti-social behaviour,,
128e59d9d13ab85466b4a6574d4ac4f5d7cc73360c80309a3f748fd6b6603312,2014-08,Essex Police,Essex Police,1.166372,51.803861,On or near Kennedy Way,E01022050,Tendring 014E,Burglary,Investigation complete; no suspect identified,
36100ffd83ea657304e84ffd6e0fc9230854ed482796dbad06ba2c9af3f45ca3,2014-08,Essex Police,Essex Police,1.166372,51.803861,On or near Kennedy Way,E01022050,Tendring 014E,Other theft,Investigation complete; no suspect identified,
27a71fffbae962b5f99e0555c7e63a5434d71ab49a07189f85d929b795608694,2014-08,Essex Police,Essex Police,1.164415,51.804094,On or near Valleybridge Road,E01022050,Tendring 014E,Shoplifting,Under investigation,
8c7534d9e21e11f1656b6439f81dc8c78118cd4ea8ce2a4c37f916d7b1232c0f,2014-08,Essex Police,Essex Police,1.164415,51.804094,On or near Valleybridge Road,E01022050,Tendring 014E,Shoplifting,Offender given penalty notice,
c343002e714623bf875386724ae8e8a3953af9c0540680f908e704cf4dd4b652,2014-08,Essex Police,Essex Police,1.164415,51.804094,On or near Valleybridge Road,E01022050,Tendring 014E,Vehicle crime,Under investigation,
9b63032cf922ab90c5d50282b81f7f8b0c3ff58f9c91a64d7063eafb110d26d9,2014-08,Essex Police,Essex Police,1.166372,51.803861,On or near Kennedy Way,E01022050,Tendring 014E,Violence and sexual offences,Investigation complete; no suspect identified,
3ec1b6196d0fe4e9ffa057353c2fd06b5b9797387e6af9a2af7d00fbf1f96e84,2014-08,Essex Police,Essex Police,1.166372,51.803861,On or near Kennedy Way,E01022050,Tendring 014E,Violence and sexual offences,Under investigation,
925f2ca4a5e422910066559eb539ca960d7ee98b06ebd7b20ecf3ffec0a89d79,2014-08,Essex Police,Essex Police,1.166372,51.803861,On or near Kennedy Way,E01022050,Tendring 014E,Violence and sexual offences,Awaiting court outcome,
29b5d262bb5fcd30c2e8b1274a6d1dcc929a218fae4ed1c43f1148ea0ed3a0a5,2014-08,Essex Police,Essex Police,1.172623,51.796389,On or near First Avenue,E01022050,Tendring 014E,Violence and sexual offences,Unable to prosecute suspect,
0673f65fbf5d127f8a6f4495976e6425b16c9e1657a15db169c2dd444d811f7d,2014-08,Essex Police,Essex Police,1.166372,51.803861,On or near Kennedy Way,E01022050,Tendring 014E,Violence and sexual offences,Awaiting court outcome,
a12d3583ae4cc3ccd2f2bfd938eb3a5dff546702bb7a5d1d174f204dc4c2342c,2014-08,Essex Police,Essex Police,1.166372,51.803861,On or near Kennedy Way,E01022050,Tendring 014E,Violence and sexual offences,Under investigation,
e42b7f8b630a90ca5b9eae6fd74e7152ee7fa9ae41a7c2b867a779e034132445,2014-08,Essex Police,Essex Police,1.166372,51.803861,On or near Kennedy Way,E01022050,Tendring 014E,Violence and sexual offences,Unable to prosecute suspect,
ec8459b4a40d53f74b7fa93b3d9f189fefd17a001d3772d47909f967961602c6,2014-08,Essex Police,Essex Police,1.166372,51.803861,On or near Kennedy Way,E01022050,Tendring 014E,Violence and sexual offences,Under investigation,
,2014-08,Essex Police,Essex Police,1.137219,51.798338,On or near Douglas Road,E01022023,Tendring 015A,Anti-social behaviour,,
,2014-08,Essex Police,Essex Police,1.131883,51.799200,On or near Bluebell Avenue,E01022023,Tendring 015A,Anti-social behaviour,,
,2014-08,Essex Police,Essex Police,1.134636,51.799370,On or near Ruaton Drive,E01022023,Tendring 015A,Anti-social behaviour,,
,2014-08,Essex Police,Essex Police,1.134636,51.799370,On or near Ruaton Drive,E01022023,Tendring 015A,Anti-social behaviour,,
,2014-08,Essex Police,Essex Police,1.135746,51.800518,On or near Geranium Close,E01022023,Tendring 015A,Anti-social behaviour,,
,2014-08,Essex Police,Essex Police,1.132745,51.798665,On or near Aster Close,E01022023,Tendring 015A,Anti-social behaviour,,
670a61244c79bb560bbd221f521fea375abc6229c7fdd3ed2191182743c9bcdb,2014-08,Essex Police,Essex Police,1.136748,51.800537,On or near Begonia Place,E01022023,Tendring 015A,Criminal damage and arson,Under investigation,
bd9e8a95e72962a1f2d138af1b09d41c85d56931b087e5063e2aad3d650f775b,2014-08,Essex Police,Essex Police,1.134636,51.799370,On or near Ruaton Drive,E01022023,Tendring 015A,Vehicle crime,Investigation complete; no suspect identified,
,2014-08,Essex Police,Essex Police,1.133728,51.803207,On or near Spring Close,E01022024,Tendring 015B,Anti-social behaviour,,
,2014-08,Essex Police,Essex Police,1.133855,51.801909,On or near Hudson Close,E01022024,Tendring 015B,Anti-social behaviour,,
e7cf8cd5c0d30184dff9c76ce93f04aa3d6682982d1cec6217bc8382dacf2302,2014-08,Essex Police,Essex Police,1.134678,51.803317,On or near Land Close,E01022024,Tendring 015B,Bicycle theft,Investigation complete; no suspect identified,
2cd88b4c9076fee5aa1c99c757cc7f2cac678b4495bea1cc73a820d30c51aec5,2014-08,Essex Police,Essex Police,1.133728,51.803207,On or near Spring Close,E01022024,Tendring 015B,Drugs,Awaiting court outcome,
c7522f482b7012374cadaf1fd1359c637b755f73fac4e05df0e7816df5b715cd,2014-08,Essex Police,Essex Police,1.138965,51.802168,On or near Tapsworth Close,E01022024,Tendring 015B,Vehicle crime,Investigation complete; no suspect identified,
28203650140e7a93ca8fa4e30b91ce129b2d1cf9911775d6ca510084061f8289,2014-08,Essex Police,Essex Police,1.131911,51.803787,On or near Orchard Close,E01022024,Tendring 015B,Vehicle crime,Investigation complete; no suspect identified,
c2d41bac8693faa5b0a748d93e4e8b2df0243a8f18546a5c458d569ed876ada7,2014-08,Essex Police,Essex Police,1.138845,51.803566,On or near Witting Close,E01022024,Tendring 015B,Vehicle crime,Investigation complete; no suspect identified,
18c93965c902981bcfa1bad5cc5f1c80401ccbf4ccf9d888bacd82a910c82f2f,2014-08,Essex Police,Essex Police,1.133157,51.802719,On or near Parry Drive,E01022024,Tendring 015B,Violence and sexual offences,Under investigation,
,2014-08,Essex Police,Essex Police,1.127586,51.800421,On or near Holbrook Close,E01022030,Tendring 015C,Anti-social behaviour,,
,2014-08,Essex Police,Essex Police,1.127586,51.800421,On or near Holbrook Close,E01022030,Tendring 015C,Anti-social behaviour,,
,2014-08,Essex Police,Essex Police,1.128914,51.800323,On or near Hadleigh Road,E01022030,Tendring 015C,Anti-social behaviour,,
,2014-08,Essex Police,Essex Police,1.127586,51.800421,On or near Holbrook Close,E01022030,Tendring 015C,Anti-social behaviour,,
,2014-08,Essex Police,Essex Police,1.127586,51.800421,On or near Holbrook Close,E01022030,Tendring 015C,Anti-social behaviour,,
,2014-08,Essex Police,Essex Police,1.127586,51.800421,On or near Holbrook Close,E01022030,Tendring 015C,Anti-social behaviour,,
dda533c2f7492f4fc391f6f8f6dab3cfc026aea9069d47158e6099e7822e5480,2014-08,Essex Police,Essex Police,1.128813,51.801369,On or near Kersey Drive,E01022030,Tendring 015C,Burglary,Investigation complete; no suspect identified,
c0db6f76d32a254b8bc9d442bf3d4217d072198079aa3723374dbb0cf1f9308f,2014-08,Essex Police,Essex Police,1.129758,51.801200,On or near Dedham Avenue,E01022030,Tendring 015C,Criminal damage and arson,Under investigation,
4f6094aa5c6448e66fe21d59f323c05b9ccadae1cdccf69c0fa9020c0080a94d,2014-08,Essex Police,Essex Police,1.128914,51.800323,On or near Hadleigh Road,E01022030,Tendring 015C,Drugs,Offender fined,
9d5b22cbf64ea1a738059c9f622c49fd2db0cd7652e4b0d4d452b650e54d1d97,2014-08,Essex Police,Essex Police,1.122956,51.798700,On or near Battisford Drive,E01022030,Tendring 015C,Robbery,Unable to prosecute suspect,
bc28e6860d7c1a4e4fd4e42d8e5dc2f04dc73198b042cf8e0fcca13733032aa6,2014-08,Essex Police,Essex Police,1.126270,51.800681,On or near Aldeburgh Close,E01022030,Tendring 015C,Vehicle crime,Investigation complete; no suspect identified,
834ad7284517907bb19187694fe90b7620cb23cea9f8dd1384e5e6eee4cf9f5e,2014-08,Essex Police,Essex Police,1.126270,51.800681,On or near Aldeburgh Close,E01022030,Tendring 015C,Vehicle crime,Investigation complete; no suspect identified,
25edadb38334d79f2107395146b0c69adcc07eb7372a77fab3b30dd1850e4ad2,2014-08,Essex Police,Essex Police,1.127436,51.799508,On or near Nayland Drive,E01022030,Tendring 015C,Violence and sexual offences,Unable to prosecute suspect,
,2014-08,Essex Police,Essex Police,1.129371,51.796650,On or near Langham Drive,E01022031,Tendring 015D,Anti-social behaviour,,
,2014-08,Essex Police,Essex Police,1.126422,51.792186,On or near Parking Area,E01022031,Tendring 015D,Anti-social behaviour,,
,2014-08,Essex Police,Essex Police,1.125924,51.798208,On or near Mendlesham Close,E01022031,Tendring 015D,Anti-social behaviour,,
,2014-08,Essex Police,Essex Police,1.131274,51.797535,On or near Boxted Avenue,E01022031,Tendring 015D,Anti-social behaviour,,
,2014-08,Essex Police,Essex Police,1.126725,51.797206,On or near Maldon Way,E01022031,Tendring 015D,Anti-social behaviour,,
,2014-08,Essex Police,Essex Police,1.126422,51.792186,On or near Parking Area,E01022031,Tendring 015D,Anti-social behaviour,,
,2014-08,Essex Police,Essex Police,1.130063,51.797846,On or near Burstall Close,E01022031,Tendring 015D,Anti-social behaviour,,
,2014-08,Essex Police,Essex Police,1.131274,51.797535,On or near Boxted Avenue,E01022031,Tendring 015D,Anti-social behaviour,,
,2014-08,Essex Police,Essex Police,1.125924,51.798208,On or near Mendlesham Close,E01022031,Tendring 015D,Anti-social behaviour,,
,2014-08,Essex Police,Essex Police,1.130063,51.797846,On or near Burstall Close,E01022031,Tendring 015D,Anti-social behaviour,,
,2014-08,Essex Police,Essex Police,1.131274,51.797535,On or near Boxted Avenue,E01022031,Tendring 015D,Anti-social behaviour,,
01a489acef2be358120c2da68b644f01159535675596ea7151b5f000479cb848,2014-08,Essex Police,Essex Police,1.129371,51.796650,On or near Langham Drive,E01022031,Tendring 015D,Burglary,Under investigation,
5e1c54c3ee281a5b753546fdcd3b5c4a1da83babdd28a924759314a74ee71bb4,2014-08,Essex Police,Essex Police,1.127026,51.795255,On or near Chandlers Close,E01022031,Tendring 015D,Other theft,Under investigation,
4967df5f11e604d0d836b864ac83bcca9113a5feb7e73ef9f5851bb8a552b4f3,2014-08,Essex Police,Essex Police,1.129371,51.796650,On or near Langham Drive,E01022031,Tendring 015D,Public order,Awaiting court outcome,
b825225911ebdcabda6d4c6dd70eb288a3dbac99d9acec829230184e6468b84e,2014-08,Essex Police,Essex Police,1.126725,51.797206,On or near Maldon Way,E01022031,Tendring 015D,Public order,Under investigation,
db4e6a421600a91dcb8e784b8747dad63d0fe63d4856a6ef39864c596cb43a87,2014-08,Essex Police,Essex Police,1.130420,51.797135,On or near Trimley Close,E01022031,Tendring 015D,Public order,Under investigation,
cd8934083d956f15b97d772dfd4b9bff54680d0a73652168376e042df405744d,2014-08,Essex Police,Essex Police,1.125924,51.798208,On or near Mendlesham Close,E01022031,Tendring 015D,Vehicle crime,Investigation complete; no suspect identified,
6d98e8c64066aa75e8ec957e965e0fc9d257580ba6fdd0708de6078c37c0d3bb,2014-08,Essex Police,Essex Police,1.127627,51.796193,On or near Tanner Close,E01022031,Tendring 015D,Vehicle crime,Investigation complete; no suspect identified,
50ff492cd1db97a56a6dffd59331539c4e2b4114ec5476a6b195a2dd3374d3f0,2014-08,Essex Police,Essex Police,1.126725,51.797206,On or near Maldon Way,E01022031,Tendring 015D,Violence and sexual offences,Under investigation,
60bf11667578d840a491fea170eff0af739d8a9165e2647a2cc59d99d73fdf43,2014-08,Essex Police,Essex Police,1.130063,51.797846,On or near Burstall Close,E01022031,Tendring 015D,Violence and sexual offences,Unable to prosecute suspect,
5002982b332c1f91b5bb3b5720364c5a2d2d5513fe29189ae53da0bbee51967d,2014-08,Essex Police,Essex Police,1.129371,51.796650,On or near Langham Drive,E01022031,Tendring 015D,Violence and sexual offences,Under investigation,
e71c87d6b421d681d7937d1eed03a4398f296ebe2ed7043696bee726bc5e56fb,2014-08,Essex Police,Essex Police,1.125924,51.798208,On or near Mendlesham Close,E01022031,Tendring 015D,Violence and sexual offences,Under investigation,
21e121d20e590ffa7a2414a18253f23de0a8c0d8e8c2a5f06f761e347d8570a2,2014-08,Essex Police,Essex Police,1.129371,51.796650,On or near Langham Drive,E01022031,Tendring 015D,Violence and sexual offences,Under investigation,
58b3133c1819e86312fb460005a65c66db44e959d77ea4a37beb9ee28a4a4840,2014-08,Essex Police,Essex Police,1.125924,51.798208,On or near Mendlesham Close,E01022031,Tendring 015D,Violence and sexual offences,Unable to prosecute suspect,
0a6d79eedf449cc88fb5571e501384b23ec5af2c473329d56997da91acc2c9bc,2014-08,Essex Police,Essex Police,1.129371,51.796650,On or near Langham Drive,E01022031,Tendring 015D,Violence and sexual offences,Under investigation,
c755925cb8ed700bcea1b369105aa425c6b3eec82514ee718a131b7e45ce574d,2014-08,Essex Police,Essex Police,1.129371,51.796650,On or near Langham Drive,E01022031,Tendring 015D,Violence and sexual offences,Under investigation,
0f8245a387407d9efd3bfe32ba3c46db402297f261c0a56527f094625f52ebcd,2014-08,Essex Police,Essex Police,1.126725,51.797206,On or near Maldon Way,E01022031,Tendring 015D,Violence and sexual offences,Unable to prosecute suspect,
,2014-08,Essex Police,Essex Police,1.129181,51.792023,On or near The Green,E01022032,Tendring 015E,Anti-social behaviour,,
,2014-08,Essex Police,Essex Police,1.133280,51.791536,On or near Stanley Road,E01022032,Tendring 015E,Anti-social behaviour,,
,2014-08,Essex Police,Essex Police,1.132137,51.793662,On or near Ash Close,E01022032,Tendring 015E,Anti-social behaviour,,
,2014-08,Essex Police,Essex Police,1.138861,51.792745,On or near Balmoral Avenue,E01022032,Tendring 015E,Anti-social behaviour,,
,2014-08,Essex Police,Essex Police,1.132137,51.793662,On or near Ash Close,E01022032,Tendring 015E,Anti-social behaviour,,
,2014-08,Essex Police,Essex Police,1.135726,51.792298,On or near Trunette Road,E01022032,Tendring 015E,Anti-social behaviour,,
,2014-08,Essex Police,Essex Police,1.139815,51.793106,On or near Windsor Avenue,E01022032,Tendring 015E,Anti-social behaviour,,
8f45c516b18cbd286c10c038eddfc1e96b2d32940f6ab3002cde14c6a9f1fdd4,2014-08,Essex Police,Essex Police,1.139815,51.793106,On or near Windsor Avenue,E01022032,Tendring 015E,Burglary,Investigation complete; no suspect identified,
114fec0756b854727d5fbf504b0f86cee136dbe8a08107534ff304f0eab31754,2014-08,Essex Police,Essex Police,1.138861,51.792745,On or near Balmoral Avenue,E01022032,Tendring 015E,Burglary,Under investigation,
937cd4eff173eede83c26ed8cb7fc72c92c48bf92e616a2d50853c3620be2268,2014-08,Essex Police,Essex Police,1.133893,51.793255,On or near Lime Close,E01022032,Tendring 015E,Drugs,Unable to prosecute suspect,
09d144adf9dc572c946b2e604765586212281553c29481a296cfe4e41294ec3d,2014-08,Essex Police,Essex Police,1.139374,51.791769,On or near Windsor Road,E01022032,Tendring 015E,Other theft,Under investigation,
117acb5bf446532ff4b8bf0b15cc70e697ef2c38dfb69ff5ee0ef01e6db3d1b2,2014-08,Essex Police,Essex Police,1.139374,51.791769,On or near Windsor Road,E01022032,Tendring 015E,Other theft,Under investigation,
236325904e941e6fb7086c35e7853f69524297d805a52bbdbc369ef30d850867,2014-08,Essex Police,Essex Police,1.131725,51.795670,On or near Birch Close,E01022032,Tendring 015E,Violence and sexual offences,Under investigation,
,2014-08,Essex Police,Essex Police,1.146280,51.795973,On or near Warwick Crescent,E01021970,Tendring 016A,Anti-social behaviour,,
,2014-08,Essex Police,Essex Police,1.145865,51.797091,On or near Coppins Road,E01021970,Tendring 016A,Anti-social behaviour,,
,2014-08,Essex Police,Essex Police,1.150388,51.798094,On or near Old Road,E01021970,Tendring 016A,Anti-social behaviour,,
,2014-08,Essex Police,Essex Police,1.142028,51.797823,On or near Coppins Road,E01021970,Tendring 016A,Anti-social behaviour,,
,2014-08,Essex Police,Essex Police,1.144951,51.797295,On or near Croft Road,E01021970,Tendring 016A,Anti-social behaviour,,
,2014-08,Essex Police,Essex Police,1.148985,51.799193,On or near Groom Park,E01021970,Tendring 016A,Anti-social behaviour,,
,2014-08,Essex Police,Essex Police,1.147446,51.798344,On or near St Marks Road,E01021970,Tendring 016A,Anti-social behaviour,,
,2014-08,Essex Police,Essex Police,1.150388,51.798094,On or near Old Road,E01021970,Tendring 016A,Anti-social behaviour,,
,2014-08,Essex Police,Essex Police,1.150793,51.796203,On or near Fairfield Road,E01021970,Tendring 016A,Anti-social behaviour,,
,2014-08,Essex Police,Essex Police,1.145865,51.797091,On or near Coppins Road,E01021970,Tendring 016A,Anti-social behaviour,,
,2014-08,Essex Police,Essex Police,1.151293,51.796927,On or near Cambridge Road,E01021970,Tendring 016A,Anti-social behaviour,,
,2014-08,Essex Police,Essex Police,1.148985,51.799193,On or near Groom Park,E01021970,Tendring 016A,Anti-social behaviour,,
,2014-08,Essex Police,Essex Police,1.150793,51.796203,On or near Fairfield Road,E01021970,Tendring 016A,Anti-social behaviour,,
8fb03dfa918eaf68ace50eb892b1d5919d7167e8c16ba12875f73a6e24112c18,2014-08,Essex Police,Essex Police,1.145865,51.797091,On or near Coppins Road,E01021970,Tendring 016A,Burglary,Under investigation,
dfab91ea771808de7364f9e763f0729737d7ff7b097f8133d2c01268d945dbd0,2014-08,Essex Police,Essex Police,1.148985,51.799193,On or near Groom Park,E01021970,Tendring 016A,Criminal damage and arson,Under investigation,
99173973ba15c3075a15d4645037125a30f512c648394cb5448b7bb98b3dd111,2014-08,Essex Police,Essex Police,1.151293,51.796927,On or near Cambridge Road,E01021970,Tendring 016A,Criminal damage and arson,Investigation complete; no suspect identified,
8250bc014b0fcaa845dbf84904e99d7b36e3e57a46c0085df2e32eedd35afb3d,2014-08,Essex Police,Essex Police,1.150380,51.797348,On or near Petrol Station,E01021970,Tendring 016A,Other theft,Under investigation,
4e9b412d28f350affdfc318ab25f335491800c31eb67034ff7bbf83ff15c138c,2014-08,Essex Police,Essex Police,1.146280,51.795973,On or near Warwick Crescent,E01021970,Tendring 016A,Other theft,Under investigation,
a1eba5be331f2f1759c53c8f94d2703e31e2ed833a10a2a947ae0b5a19d504f0,2014-08,Essex Police,Essex Police,1.150380,51.797348,On or near Petrol Station,E01021970,Tendring 016A,Other theft,Under investigation,
02e51c86ef7edcaf9d04be33b72493af851513bd70156e8ee7428b243bd42d78,2014-08,Essex Police,Essex Police,1.148985,51.799193,On or near Groom Park,E01021970,Tendring 016A,Other theft,Unable to prosecute suspect,
eabded454d4e874e56ca3e7d49aedccb564825b95b18cc617f24dd1a150b4765,2014-08,Essex Police,Essex Police,1.150380,51.797348,On or near Petrol Station,E01021970,Tendring 016A,Other theft,Under investigation,
edb5f64c0fb188cd2356154d9ace990060192ad711155163f6f5f8fcf15a0d3e,2014-08,Essex Police,Essex Police,1.149331,51.798329,On or near St Anns Road,E01021970,Tendring 016A,Robbery,Under investigation,
a4d08576c361e6de2848e8cf51ef96e511c8c07d2d00fa003c9a53cfae34dcd3,2014-08,Essex Police,Essex Police,1.150380,51.797348,On or near Petrol Station,E01021970,Tendring 016A,Vehicle crime,Investigation complete; no suspect identified,
21cc21148906edef222549d05c906644cbe6c3fe3bb28dd9cfbd13f2aeee47a4,2014-08,Essex Police,Essex Police,1.150195,51.799691,On or near Park/Open Space,E01021970,Tendring 016A,Violence and sexual offences,Under investigation,
acc99132b9fc4bea20953d6752a6f6fd96b067cfd62cfd1e890df043252f5a86,2014-08,Essex Police,Essex Police,1.145785,51.794898,On or near Warwick Road,E01021970,Tendring 016A,Violence and sexual offences,Unable to prosecute suspect,
,2014-08,Essex Police,Essex Police,1.153340,51.787393,On or near Nightclub,E01022025,Tendring 016B,Anti-social behaviour,,
,2014-08,Essex Police,Essex Police,1.154883,51.790382,On or near High Street,E01022025,Tendring 016B,Anti-social behaviour,,
,2014-08,Essex Police,Essex Police,1.152215,51.788718,On or near Shopping Area,E01022025,Tendring 016B,Anti-social behaviour,,
,2014-08,Essex Police,Essex Police,1.152805,51.791157,On or near The Grove,E01022025,Tendring 016B,Anti-social behaviour,,
,2014-08,Essex Police,Essex Police,1.154883,51.790382,On or near High Street,E01022025,Tendring 016B,Anti-social behaviour,,
,2014-08,Essex Police,Essex Police,1.152215,51.788718,On or near Shopping Area,E01022025,Tendring 016B,Anti-social behaviour,,
,2014-08,Essex Police,Essex Police,1.148679,51.788768,On or near West Avenue,E01022025,Tendring 016B,Anti-social behaviour,,
,2014-08,Essex Police,Essex Police,1.151440,51.787381,On or near Penfold Road,E01022025,Tendring 016B,Anti-social behaviour,,
,2014-08,Essex Police,Essex Police,1.149891,51.786595,On or near Alton Road,E01022025,Tendring 016B,Anti-social behaviour,,
,2014-08,Essex Police,Essex Police,1.154379,51.789595,On or near Rosemary Road,E01022025,Tendring 016B,Anti-social behaviour,,
,2014-08,Essex Police,Essex Police,1.153678,51.790774,On or near Station Road,E01022025,Tendring 016B,Anti-social behaviour,,
,2014-08,Essex Police,Essex Police,1.148679,51.788768,On or near West Avenue,E01022025,Tendring 016B,Anti-social behaviour,,
,2014-08,Essex Police,Essex Police,1.156341,51.788832,On or near Beach Road,E01022025,Tendring 016B,Anti-social behaviour,,
,2014-08,Essex Police,Essex Police,1.148679,51.788768,On or near West Avenue,E01022025,Tendring 016B,Anti-social behaviour,,
,2014-08,Essex Police,Essex Police,1.151440,51.787381,On or near Penfold Road,E01022025,Tendring 016B,Anti-social behaviour,,
,2014-08,Essex Police,Essex Police,1.154724,51.788722,On or near Pallister Road,E01022025,Tendring 016B,Anti-social behaviour,,
,2014-08,Essex Police,Essex Police,1.152288,51.788104,On or near Shopping Area,E01022025,Tendring 016B,Anti-social behaviour,,
,2014-08,Essex Police,Essex Police,1.152215,51.788718,On or near Shopping Area,E01022025,Tendring 016B,Anti-social behaviour,,
,2014-08,Essex Police,Essex Police,1.148679,51.788768,On or near West Avenue,E01022025,Tendring 016B,Anti-social behaviour,,
,2014-08,Essex Police,Essex Police,1.150947,51.786764,On or near Edith Road,E01022025,Tendring 016B,Anti-social behaviour,,
,2014-08,Essex Police,Essex Police,1.152215,51.788718,On or near Shopping Area,E01022025,Tendring 016B,Anti-social behaviour,,
,2014-08,Essex Police,Essex Police,1.153869,51.789780,On or near Nightclub,E01022025,Tendring 016B,Anti-social behaviour,,
,2014-08,Essex Police,Essex Police,1.148679,51.788768,On or near West Avenue,E01022025,Tendring 016B,Anti-social behaviour,,
,2014-08,Essex Police,Essex Police,1.154724,51.788722,On or near Pallister Road,E01022025,Tendring 016B,Anti-social behaviour,,
,2014-08,Essex Police,Essex Police,1.156340,51.787978,On or near Marine Parade East,E01022025,Tendring 016B,Anti-social behaviour,,
,2014-08,Essex Police,Essex Police,1.153340,51.787393,On or near Nightclub,E01022025,Tendring 016B,Anti-social behaviour,,
,2014-08,Essex Police,Essex Police,1.156340,51.787978,On or near Marine Parade East,E01022025,Tendring 016B,Anti-social behaviour,,
,2014-08,Essex Police,Essex Police,1.153340,51.787393,On or near Nightclub,E01022025,Tendring 016B,Anti-social behaviour,,
,2014-08,Essex Police,Essex Police,1.153678,51.790774,On or near Station Road,E01022025,Tendring 016B,Anti-social behaviour,,
,2014-08,Essex Police,Essex Police,1.153869,51.789780,On or near Nightclub,E01022025,Tendring 016B,Anti-social behaviour,,
,2014-08,Essex Police,Essex Police,1.152215,51.788718,On or near Shopping Area,E01022025,Tendring 016B,Anti-social behaviour,,
,2014-08,Essex Police,Essex Police,1.150608,51.788761,On or near Jackson Road,E01022025,Tendring 016B,Anti-social behaviour,,
,2014-08,Essex Police,Essex Police,1.151440,51.787381,On or near Penfold Road,E01022025,Tendring 016B,Anti-social behaviour,,
,2014-08,Essex Police,Essex Police,1.152215,51.788718,On or near Shopping Area,E01022025,Tendring 016B,Anti-social behaviour,,
,2014-08,Essex Police,Essex Police,1.152226,51.789923,On or near Rosemary Road,E01022025,Tendring 016B,Anti-social behaviour,,
d2a01533873880169fab4b6aa9eee5bc02df1e7645b8ce86eba21885e78344b4,2014-08,Essex Police,Essex Police,1.152215,51.788718,On or near Shopping Area,E01022025,Tendring 016B,Bicycle theft,Under investigation,
4c367056f920eb949867df4992231d87e8c96a8da3d02fc4dc95039d382726cb,2014-08,Essex Police,Essex Police,1.155299,51.788653,On or near Orwell Road,E01022025,Tendring 016B,Burglary,Investigation complete; no suspect identified,
1a9573c3d89e4db6a335deb749ae98d84a3ff0f06bf707793683db03f93af91e,2014-08,Essex Police,Essex Police,1.152215,51.788718,On or near Shopping Area,E01022025,Tendring 016B,Burglary,Under investigation,
1bf8f12942c086ae8c7274d5fa7c80814ca41d064d849a654b7fe4c952c6de61,2014-08,Essex Police,Essex Police,1.151440,51.787381,On or near Penfold Road,E01022025,Tendring 016B,Burglary,Investigation complete; no suspect identified,
b18fb377035a76ee02dd0f82afa0a93975f902691647ebffb0efa80ba0a7b61c,2014-08,Essex Police,Essex Police,1.153778,51.789099,On or near Supermarket,E01022025,Tendring 016B,Burglary,Under investigation,
5d2c83e0f5b4bb848c8c38ca135003eab27865e1620ae9c40b64983c5e514445,2014-08,Essex Police,Essex Police,1.152295,51.790083,On or near Shopping Area,E01022025,Tendring 016B,Criminal damage and arson,Investigation complete; no suspect identified,
25d6a733da03b908e1749898bd1d98ba8d078530e2768d6c203f92396d78d77e,2014-08,Essex Police,Essex Police,1.153678,51.790774,On or near Station Road,E01022025,Tendring 016B,Criminal damage and arson,Under investigation,
eb768be4bafe606c47e54ac5953c3101a0ba8dc76314a42c180f887ae1df9da9,2014-08,Essex Police,Essex Police,1.151440,51.787381,On or near Penfold Road,E01022025,Tendring 016B,Criminal damage and arson,Unable to prosecute suspect,
379782a73389eb262f3036d60c16990f49463ec9d0345432664dbc1f8bfc882e,2014-08,Essex Police,Essex Police,1.152215,51.788718,On or near Shopping Area,E01022025,Tendring 016B,Criminal damage and arson,Under investigation,
7e1c274f8f1c5ec6c2716dcb6f1c5532cecc13d29473b1ae031e7a518f80e63e,2014-08,Essex Police,Essex Police,1.156341,51.788832,On or near Beach Road,E01022025,Tendring 016B,Criminal damage and arson,Investigation complete; no suspect identified,
2e0658df91b0f66e182e0d01d522997b435dabc13496cc41b8571ecb02ab842e,2014-08,Essex Police,Essex Police,1.152215,51.788718,On or near Shopping Area,E01022025,Tendring 016B,Criminal damage and arson,Under investigation,
6dd1ec7687800ca7176559dcf2df84785af5c2838c2b72332b9a10388cf488e5,2014-08,Essex Police,Essex Police,1.152344,51.787662,On or near Agate Road,E01022025,Tendring 016B,Criminal damage and arson,Investigation complete; no suspect identified,
d2e2ffdc0f29fa747d0745976c70e30586a07efc902b544b9e85aae4b6bd7868,2014-08,Essex Police,Essex Police,1.154354,51.788616,On or near Colne Road,E01022025,Tendring 016B,Criminal damage and arson,Investigation complete; no suspect identified,
28e6dd40ca16c7690f6420acb24b236d88e1b8c77ae8d09bd2adc865c54fddd7,2014-08,Essex Police,Essex Police,1.150608,51.788761,On or near Jackson Road,E01022025,Tendring 016B,Criminal damage and arson,Offender given community sentence,
c938e771f4af669ad2a70d98b7a70f7b66b0406d1f161dcf84ec95a5e12bf824,2014-08,Essex Police,Essex Police,1.152288,51.788104,On or near Shopping Area,E01022025,Tendring 016B,Criminal damage and arson,Offender given a caution,
534c724ef00a8f04ed68ed9eef87a0b06040d2ee534f2b3ffa31b2999ddbba05,2014-08,Essex Police,Essex Police,1.150608,51.788761,On or near Jackson Road,E01022025,Tendring 016B,Criminal damage and arson,Awaiting court outcome,
5c27e79e12223baf1be0da108345cb732c8cc7167369fa301c7921cac117cdc7,2014-08,Essex Police,Essex Police,1.154379,51.789595,On or near Rosemary Road,E01022025,Tendring 016B,Criminal damage and arson,Under investigation,
b0dcad0094b94112ce7e7bb6e531c2252c4a336cd05de8db547d801679fa7881,2014-08,Essex Police,Essex Police,1.154724,51.788722,On or near Pallister Road,E01022025,Tendring 016B,Criminal damage and arson,Investigation complete; no suspect identified,
6e9b3689d10d22f79470e9e8b99a8c3f839b3259473a887e54e056175ae20aae,2014-08,Essex Police,Essex Police,1.153340,51.787393,On or near Nightclub,E01022025,Tendring 016B,Drugs,Offender given penalty notice,
747560cea972ed41cf420d5b0d2a295b738c9b151cd3365a360f36f94cb8106b,2014-08,Essex Police,Essex Police,1.148679,51.788768,On or near West Avenue,E01022025,Tendring 016B,Drugs,Awaiting court outcome,
a5f7dfcf3075bc8ff7f3e16c73696fda517933e083d05f15daeebf42b3967f15,2014-08,Essex Police,Essex Police,1.153340,51.787393,On or near Nightclub,E01022025,Tendring 016B,Drugs,Offender given a drugs possession warning,
453a9e0aed33c385f3820cd3db3133fda8bbbc77bdb8166f6e0ee76c0bd6db2b,2014-08,Essex Police,Essex Police,1.156341,51.788832,On or near Beach Road,E01022025,Tendring 016B,Drugs,Under investigation,
22cfc6fa895abdac009ea44b66294ccfae017d3262f94ed95cd1197a3b84d4cc,2014-08,Essex Police,Essex Police,1.155299,51.788653,On or near Orwell Road,E01022025,Tendring 016B,Other theft,Investigation complete; no suspect identified,
f95cdc7b8b31d6cf7787adb26da03acb7ac2a0a04db800aa342644957f59ef87,2014-08,Essex Police,Essex Police,1.154354,51.788616,On or near Colne Road,E01022025,Tendring 016B,Other theft,Investigation complete; no suspect identified,
7d089e4141e588fd117bb9e73eb66ed2badaa655bf321bdc5e69873731883013,2014-08,Essex Police,Essex Police,1.153778,51.789099,On or near Supermarket,E01022025,Tendring 016B,Other theft,Investigation complete; no suspect identified,
49cd25ad352933c06460888410c223f937ed5314350e5f857e2fbc90607a201c,2014-08,Essex Police,Essex Police,1.154354,51.788616,On or near Colne Road,E01022025,Tendring 016B,Other theft,Investigation complete; no suspect identified,
1e1024e31288ed000168fa8851a7f176da52a2807edceb1ba5ef8d207bd93cb7,2014-08,Essex Police,Essex Police,1.154883,51.790382,On or near High Street,E01022025,Tendring 016B,Other theft,Under investigation,
2d0d31295b51d5577f50ea447811ca4e13d43f7c5df9f9743488fa408ae3b2de,2014-08,Essex Police,Essex Police,1.153340,51.787393,On or near Nightclub,E01022025,Tendring 016B,Other theft,Investigation complete; no suspect identified,
f346ed3abdca712e3eb63d96d8d96eb3e53c031def955a2ebdde0115051d2225,2014-08,Essex Police,Essex Police,1.152215,51.788718,On or near Shopping Area,E01022025,Tendring 016B,Other theft,Investigation complete; no suspect identified,
a2b28c76b540aea2e26a1880a9a0d1ea112b7a909d3b279c3211db5330f33e12,2014-08,Essex Police,Essex Police,1.152226,51.789923,On or near Rosemary Road,E01022025,Tendring 016B,Other theft,Under investigation,
e7ba1b0efcb19c431a348939f5fa7a7b1357152eafb5d2e418387ede17bf9999,2014-08,Essex Police,Essex Police,1.152956,51.787493,On or near Parking Area,E01022025,Tendring 016B,Other theft,Under investigation,
e1b87735b7dc85c72fcf20e1143cdb223fdb267845be647ed85daf6999ac3ac5,2014-08,Essex Police,Essex Police,1.153340,51.787393,On or near Nightclub,E01022025,Tendring 016B,Other theft,Under investigation,
f69b3e71e1d5bfb24a1ddca887c49da256f31527f74826990189fcce0b84d365,2014-08,Essex Police,Essex Police,1.154379,51.789595,On or near Rosemary Road,E01022025,Tendring 016B,Other theft,Investigation complete; no suspect identified,
bea347615a9d3e709a2baf5983b3640b2ba10d3a37b0dfaed4dddd22eb9b52ce,2014-08,Essex Police,Essex Police,1.150947,51.786764,On or near Edith Road,E01022025,Tendring 016B,Other theft,Under investigation,
de10cc3cf16b430c8a5117543c4089ad60a197073a04556f1b5b6afba561beeb,2014-08,Essex Police,Essex Police,1.150608,51.788761,On or near Jackson Road,E01022025,Tendring 016B,Other theft,Awaiting court outcome,
029409e27463d9a581c6fafe13b07641ad1f16762c08fb430c8e2a6948d8aa59,2014-08,Essex Police,Essex Police,1.153340,51.787393,On or near Nightclub,E01022025,Tendring 016B,Other theft,Investigation complete; no suspect identified,
85624dd8ae93162eba77ebe2c1d92d0f936781ef578d3448bf6d4888d628c29f,2014-08,Essex Police,Essex Police,1.152226,51.789923,On or near Rosemary Road,E01022025,Tendring 016B,Other theft,Under investigation,
8d020fc7e73acecd390329e3e92c4a400def1c3d596f11d9080b2248c496aa64,2014-08,Essex Police,Essex Police,1.148679,51.788768,On or near West Avenue,E01022025,Tendring 016B,Public order,Awaiting court outcome,
41c67ec22a7ddc2b633c5a76c2edfa35c01b152c82057e648cda89f029840bc9,2014-08,Essex Police,Essex Police,1.152215,51.788718,On or near Shopping Area,E01022025,Tendring 016B,Public order,Under investigation,
29860496508e7c13a034c42bed9ac2726c88d06f86fbccc1705c915aa2ef7966,2014-08,Essex Police,Essex Police,1.154883,51.790382,On or near High Street,E01022025,Tendring 016B,Public order,Unable to prosecute suspect,
ba7c2f25f50ba616ff85cf3525ccf4dea84eb239814e11e708a64a68a68e1987,2014-08,Essex Police,Essex Police,1.149185,51.788952,On or near Ellis Road,E01022025,Tendring 016B,Public order,Under investigation,
f3ef23e1580ab28668152e4428e174c29bcb52a72a87211666ee2034ee9dcdc1,2014-08,Essex Police,Essex Police,1.153869,51.789780,On or near Nightclub,E01022025,Tendring 016B,Public order,Under investigation,
8d795ebcc7ca3fec212e29b8948373308e765aa9dea25a492adf5809ee59d203,2014-08,Essex Police,Essex Police,1.153678,51.790774,On or near Station Road,E01022025,Tendring 016B,Public order,Offender given a caution,
d79d5600082c46d44a8c57f921fe2b372bf74824364bc7134fa03e2df728286f,2014-08,Essex Police,Essex Police,1.154883,51.790382,On or near High Street,E01022025,Tendring 016B,Shoplifting,Under investigation,
5167f225f1f7542ec314c7b48416ea759d754f97133f9c490fcd805cb261cd58,2014-08,Essex Police,Essex Police,1.152215,51.788718,On or near Shopping Area,E01022025,Tendring 016B,Shoplifting,Investigation complete; no suspect identified,
2bab151116f0142421ba09e9023ada94e08cb2123992064e8e8cd21ef68fed8e,2014-08,Essex Police,Essex Police,1.152226,51.789923,On or near Rosemary Road,E01022025,Tendring 016B,Shoplifting,Offender given a caution,
cd3a3720edb024cca8044b3643ee23ac3fe0f4e1e624952ce506eba76713684e,2014-08,Essex Police,Essex Police,1.152226,51.789923,On or near Rosemary Road,E01022025,Tendring 016B,Shoplifting,Under investigation,
612b05006e5d535c1d8d6ab686887deafda3f7a2525c0a5aee664dd4c0bf9d13,2014-08,Essex Police,Essex Police,1.154883,51.790382,On or near High Street,E01022025,Tendring 016B,Shoplifting,Under investigation,
7c9d221b822448fe022131cc5d5bce82c23a54126b51906c75ee405017e51fbd,2014-08,Essex Police,Essex Police,1.152226,51.789923,On or near Rosemary Road,E01022025,Tendring 016B,Shoplifting,Under investigation,
4e1603817c7dd200fe676765da8f38aa8c598654b7b7bc8dff10548ba2a92645,2014-08,Essex Police,Essex Police,1.152215,51.788718,On or near Shopping Area,E01022025,Tendring 016B,Shoplifting,Under investigation,
b8d1348d7b25af914c6bdec16ba3b7f26fa4bfd4847fc23e652928d621973f6e,2014-08,Essex Police,Essex Police,1.152288,51.788104,On or near Shopping Area,E01022025,Tendring 016B,Shoplifting,Awaiting court outcome,
fd93577196fe206c063da75f21e3f4a9d6f495ae4b4b4a15858dc10a6e71efec,2014-08,Essex Police,Essex Police,1.153778,51.789099,On or near Supermarket,E01022025,Tendring 016B,Shoplifting,Under investigation,
65e49f97d5910fec6b63b059025b818ef228eab2aa8dded7d8e061ef313c7ca9,2014-08,Essex Police,Essex Police,1.153778,51.789099,On or near Supermarket,E01022025,Tendring 016B,Shoplifting,Offender given a caution,
d79406064698bb7aa5f4acfed588bca37b1e7b3b01bdf5855eb23aef0de35acc,2014-08,Essex Police,Essex Police,1.152215,51.788718,On or near Shopping Area,E01022025,Tendring 016B,Shoplifting,Awaiting court outcome,
63e9028e118b6a0d031ae594ffe611b90bd71258741f7fdadc1f51e2b68d98a8,2014-08,Essex Police,Essex Police,1.154883,51.790382,On or near High Street,E01022025,Tendring 016B,Shoplifting,Awaiting court outcome,
a9cbf25cec3563802e4a2ade3dde0edf40b0a22c3003868726fe69e69e1f3750,2014-08,Essex Police,Essex Police,1.152226,51.789923,On or near Rosemary Road,E01022025,Tendring 016B,Shoplifting,Local resolution,
23152586045697b4d3bfd42e17b152e54acdef6881cce551db85e7e3de9591a5,2014-08,Essex Police,Essex Police,1.150608,51.788761,On or near Jackson Road,E01022025,Tendring 016B,Shoplifting,Offender given a caution,
c7441d0a726605925307b4f877d89aa9074b8905f4c7e20a72bfece55c771a59,2014-08,Essex Police,Essex Police,1.153340,51.787393,On or near Nightclub,E01022025,Tendring 016B,Theft from the person,Investigation complete; no suspect identified,
2c5ed1f190e330a4aef848eb9bfaae7d9e5ae8c917d35397ba93a8891e90ef88,2014-08,Essex Police,Essex Police,1.153340,51.787393,On or near Nightclub,E01022025,Tendring 016B,Theft from the person,Investigation complete; no suspect identified,
8468316b4d4d0d44bca0649dcb7203cc6ec6f6b2611c04c581dd176aa0e8a2ba,2014-08,Essex Police,Essex Police,1.150608,51.788761,On or near Jackson Road,E01022025,Tendring 016B,Violence and sexual offences,Under investigation,
b6aa2c95c1c61d3af429480ed3a109dfe56e8852764f4f2fdbd122116c0eb5ba,2014-08,Essex Police,Essex Police,1.155299,51.788653,On or near Orwell Road,E01022025,Tendring 016B,Violence and sexual offences,Under investigation,
28f6439f7270c7ab8aef951201ea74bf8d65eaf657a4b3963274f3830843aeb2,2014-08,Essex Police,Essex Police,1.154883,51.790382,On or near High Street,E01022025,Tendring 016B,Violence and sexual offences,Awaiting court outcome,
4d7d83a674d0584fc526ed55c3d6822b14c640501a228b49830505406261a92c,2014-08,Essex Police,Essex Police,1.154883,51.790382,On or near High Street,E01022025,Tendring 016B,Violence and sexual offences,Under investigation,
070825b32b05ccf2fc00a40db69476a59256a4b6e67655911a8f01fbcfeac3ea,2014-08,Essex Police,Essex Police,1.152295,51.790083,On or near Shopping Area,E01022025,Tendring 016B,Violence and sexual offences,Under investigation,
82222360b512b634b04f1b0150b008a7c397c0c2ce8a1958256c5219f14d551d,2014-08,Essex Police,Essex Police,1.156341,51.788832,On or near Beach Road,E01022025,Tendring 016B,Violence and sexual offences,Under investigation,
2a8538ab1f8e967608aaf0e170d55ea8b13c30af5639e9eda451ddb675e81cec,2014-08,Essex Police,Essex Police,1.154724,51.788722,On or near Pallister Road,E01022025,Tendring 016B,Violence and sexual offences,Under investigation,
39551a322af3459ddc61397d0326352ebd92c2ba5ca515552cdf60067cb5062d,2014-08,Essex Police,Essex Police,1.152215,51.788718,On or near Shopping Area,E01022025,Tendring 016B,Violence and sexual offences,Under investigation,
ee416952d7eac2c2db63e8d89959eb71705efb791bf0d0e09488aaf25bfc1f93,2014-08,Essex Police,Essex Police,1.153869,51.789780,On or near Nightclub,E01022025,Tendring 016B,Violence and sexual offences,Under investigation,
cdf260a31821be09712fabf3b93b5a8e55112d3bf6e621e600ead5e45fd4318d,2014-08,Essex Police,Essex Police,1.154379,51.789595,On or near Rosemary Road,E01022025,Tendring 016B,Violence and sexual offences,Awaiting court outcome,
f5c56fed5734c89ec17a6f001cef107d9c6d1b49646548d4c3cb82970ba88169,2014-08,Essex Police,Essex Police,1.155299,51.788653,On or near Orwell Road,E01022025,Tendring 016B,Violence and sexual offences,Under investigation,
87bee385ebe407e329b6e3a1539c4bd39a02efa6803a682eb05b64aad4f7d8d3,2014-08,Essex Police,Essex Police,1.152295,51.790083,On or near Shopping Area,E01022025,Tendring 016B,Violence and sexual offences,Under investigation,
7b68dde10513490586691b4d71d2d0bd3732708c79d0afb4929cac4fea64e608,2014-08,Essex Police,Essex Police,1.154883,51.790382,On or near High Street,E01022025,Tendring 016B,Violence and sexual offences,Under investigation,
6423600c42c22706130d4c45c176e9d5f293c19af3104d918716a2b79b772a89,2014-08,Essex Police,Essex Police,1.154379,51.789595,On or near Rosemary Road,E01022025,Tendring 016B,Violence and sexual offences,Awaiting court outcome,
00a90e33825bdf6f01a820968e8f48d828fb7f1a7552bc6b7f072fd9a07a393b,2014-08,Essex Police,Essex Police,1.153869,51.789780,On or near Nightclub,E01022025,Tendring 016B,Violence and sexual offences,Under investigation,
8bd6be2b85df445dd0d3daa87f30686ee2434985f1d42f2626d2ff64b39b484f,2014-08,Essex Police,Essex Police,1.150947,51.786764,On or near Edith Road,E01022025,Tendring 016B,Violence and sexual offences,Awaiting court outcome,
316802a8679012500066ab5344b824ca250593c24cea6c9a1e4098ef7133ee97,2014-08,Essex Police,Essex Police,1.148679,51.788768,On or near West Avenue,E01022025,Tendring 016B,Violence and sexual offences,Awaiting court outcome,
004fac3e98f4aa58afac33d856408fbf6acfa2ac27b0fdf83b31e66042a05060,2014-08,Essex Police,Essex Police,1.153340,51.787393,On or near Nightclub,E01022025,Tendring 016B,Violence and sexual offences,Unable to prosecute suspect,
f1d4ef9906e625ea61d1a4e089c248227787c310e64854ae996b0aec49baffbb,2014-08,Essex Police,Essex Police,1.154883,51.790382,On or near High Street,E01022025,Tendring 016B,Violence and sexual offences,Under investigation,
7a4c77b3dd498cabf3867a3c70aa7a29b1848ddd159e31d532eb79888b9673fa,2014-08,Essex Police,Essex Police,1.150608,51.788761,On or near Jackson Road,E01022025,Tendring 016B,Violence and sexual offences,Under investigation,
7f3cfaf1a6c05eb84770c899183636e7a79212105d80732e972e0f7dd65449ef,2014-08,Essex Police,Essex Police,1.149891,51.786595,On or near Alton Road,E01022025,Tendring 016B,Violence and sexual offences,Unable to prosecute suspect,
bc548353b68b15111b8cf546f9748a325c0da9c79f977d345f6d4bf210c58b6a,2014-08,Essex Police,Essex Police,1.153678,51.790774,On or near Station Road,E01022025,Tendring 016B,Violence and sexual offences,Under investigation,
f645e810d9ba5a8ffbd6fcdafa692bbace457375c6a74e85f7a1862847cce2df,2014-08,Essex Police,Essex Police,1.150608,51.788761,On or near Jackson Road,E01022025,Tendring 016B,Violence and sexual offences,Unable to prosecute suspect,
8f73b78997fbaac5837d2121509dcf201f423fe6d51c8937c8fd7c22f722245d,2014-08,Essex Police,Essex Police,1.153869,51.789780,On or near Nightclub,E01022025,Tendring 016B,Violence and sexual offences,Under investigation,
62567e22ff1fdfa375c4da90f140395f72ec4c948a52a0e65d434a79b173c4fa,2014-08,Essex Police,Essex Police,1.150608,51.788761,On or near Jackson Road,E01022025,Tendring 016B,Other crime,Under investigation,
5d9bc79da0f349cf01a6979de32960e4793ee7a2a55fe360f2c45e041a76a354,2014-08,Essex Police,Essex Police,1.152215,51.788718,On or near Shopping Area,E01022025,Tendring 016B,Other crime,Under investigation,
,2014-08,Essex Police,Essex Police,1.150152,51.794503,On or near St Andrew'S Road,E01022026,Tendring 016C,Anti-social behaviour,,
,2014-08,Essex Police,Essex Police,1.149921,51.793888,On or near Page Road,E01022026,Tendring 016C,Anti-social behaviour,,
,2014-08,Essex Police,Essex Police,1.150152,51.794503,On or near St Andrew'S Road,E01022026,Tendring 016C,Anti-social behaviour,,
,2014-08,Essex Police,Essex Police,1.150677,51.794749,On or near Stanwyn Avenue,E01022026,Tendring 016C,Anti-social behaviour,,
,2014-08,Essex Police,Essex Police,1.151023,51.790144,On or near Pier Avenue,E01022026,Tendring 016C,Anti-social behaviour,,
,2014-08,Essex Police,Essex Police,1.152101,51.791878,On or near Hayes Road,E01022026,Tendring 016C,Anti-social behaviour,,
,2014-08,Essex Police,Essex Police,1.150152,51.794503,On or near St Andrew'S Road,E01022026,Tendring 016C,Anti-social behaviour,,
,2014-08,Essex Police,Essex Police,1.150677,51.794749,On or near Stanwyn Avenue,E01022026,Tendring 016C,Anti-social behaviour,,
,2014-08,Essex Police,Essex Police,1.149921,51.793888,On or near Page Road,E01022026,Tendring 016C,Anti-social behaviour,,
,2014-08,Essex Police,Essex Police,1.150677,51.794749,On or near Stanwyn Avenue,E01022026,Tendring 016C,Anti-social behaviour,,
,2014-08,Essex Police,Essex Police,1.150152,51.794503,On or near St Andrew'S Road,E01022026,Tendring 016C,Anti-social behaviour,,
,2014-08,Essex Police,Essex Police,1.149921,51.793888,On or near Page Road,E01022026,Tendring 016C,Anti-social behaviour,,
,2014-08,Essex Police,Essex Police,1.148206,51.792594,On or near Old Road,E01022026,Tendring 016C,Anti-social behaviour,,
,2014-08,Essex Police,Essex Police,1.151280,51.792583,On or near Wellesley Road,E01022026,Tendring 016C,Anti-social behaviour,,
,2014-08,Essex Police,Essex Police,1.151023,51.790144,On or near Pier Avenue,E01022026,Tendring 016C,Anti-social behaviour,,
,2014-08,Essex Police,Essex Police,1.149490,51.790419,On or near Rosemary Road West,E01022026,Tendring 016C,Anti-social behaviour,,
,2014-08,Essex Police,Essex Police,1.149820,51.793270,On or near Meredith Road,E01022026,Tendring 016C,Anti-social behaviour,,
,2014-08,Essex Police,Essex Police,1.151023,51.790144,On or near Pier Avenue,E01022026,Tendring 016C,Anti-social behaviour,,
ec9854e41abdbbd0483005a2821116026bf16779374e51b7bb4d13fca619c2a6,2014-08,Essex Police,Essex Police,1.148206,51.792594,On or near Old Road,E01022026,Tendring 016C,Bicycle theft,Investigation complete; no suspect identified,
2e6546f14a9bb2f19be23dc56393af3202885751b64e388ba5678ae2db197d96,2014-08,Essex Police,Essex Police,1.150152,51.794503,On or near St Andrew'S Road,E01022026,Tendring 016C,Criminal damage and arson,Under investigation,
eaf2afcccbe39b07cbae2a79333fb310105d1304a315de2e851a95d44a2e882c,2014-08,Essex Police,Essex Police,1.149820,51.793270,On or near Meredith Road,E01022026,Tendring 016C,Criminal damage and arson,Investigation complete; no suspect identified,
87ad8336306746bd152c1d369d07b3a004e1fb5ce2c0a5628e70cea5f4e862c2,2014-08,Essex Police,Essex Police,1.151023,51.790144,On or near Pier Avenue,E01022026,Tendring 016C,Other theft,Unable to prosecute suspect,
5dbab19bde60ad902f16122a4a24f248e07cd24426c9190ac4c8d51271c8c515,2014-08,Essex Police,Essex Police,1.152681,51.792492,On or near Alexandra Road,E01022026,Tendring 016C,Other theft,Investigation complete; no suspect identified,
44761269f4682ace953b7aa639d662c76561aebb5f6d3f8417a339a3f200a12b,2014-08,Essex Police,Essex Police,1.148206,51.792594,On or near Old Road,E01022026,Tendring 016C,Other theft,Investigation complete; no suspect identified,
c23077c381299c61363b4a895762835ced4c6ade1137c8519072dbdcf99d91e2,2014-08,Essex Police,Essex Police,1.152101,51.791878,On or near Hayes Road,E01022026,Tendring 016C,Other theft,Investigation complete; no suspect identified,
1ede0ed5ef09db8a86eb7b2a1685ffbeb175ad7a39ce0c1e0bfab0d173b77d97,2014-08,Essex Police,Essex Police,1.148206,51.792594,On or near Old Road,E01022026,Tendring 016C,Shoplifting,Under investigation,
f07c83ebaa0e3fb46abdf18f95f410cca96ea922e6cb7ec7cde97683b86457b9,2014-08,Essex Police,Essex Police,1.148206,51.792594,On or near Old Road,E01022026,Tendring 016C,Shoplifting,Under investigation,
ff32e1509cf4a1b3e280015f1ca07fd072adfeb5433bd7f1a950dc5145c4c6ec,2014-08,Essex Police,Essex Police,1.149490,51.790419,On or near Rosemary Road West,E01022026,Tendring 016C,Shoplifting,Offender given penalty notice,
8cb1578f7a4ec302399e191fddd0eac582babb6c9110be8a16e9c10e858562b8,2014-08,Essex Police,Essex Police,1.149490,51.790419,On or near Rosemary Road West,E01022026,Tendring 016C,Shoplifting,Awaiting court outcome,
9021586bde4db5cef73ba071383c1b1c2adb7811c5a1579cdd47d7fb484b88b4,2014-08,Essex Police,Essex Police,1.148206,51.792594,On or near Old Road,E01022026,Tendring 016C,Shoplifting,Under investigation,
3f87b5457c8c14047d311c1b924a53ef851d061e5b3426dcde18216c7ecad54e,2014-08,Essex Police,Essex Police,1.151023,51.790144,On or near Pier Avenue,E01022026,Tendring 016C,Shoplifting,Unable to prosecute suspect,
cd19babea32d9c2f11d7df5d532b68da3db384767bb562a99829ae82c5ce76ca,2014-08,Essex Police,Essex Police,1.148823,51.795195,On or near Supermarket,E01022026,Tendring 016C,Shoplifting,Investigation complete; no suspect identified,
3209c2576290a1ddb471d8042da5fc5e6cf8869d99029ac71f63435ec0e0683b,2014-08,Essex Police,Essex Police,1.149490,51.790419,On or near Rosemary Road West,E01022026,Tendring 016C,Shoplifting,Under investigation,
95f0727c39df5dddef7f3be18224902f5f3d3b49794f4e92afd2df98bba9259d,2014-08,Essex Police,Essex Police,1.149490,51.790419,On or near Rosemary Road West,E01022026,Tendring 016C,Shoplifting,Awaiting court outcome,
cdcc60b419ab280eb49d263c7bd4ea4d161d175136de5c35b3482358fc683b2f,2014-08,Essex Police,Essex Police,1.149490,51.790419,On or near Rosemary Road West,E01022026,Tendring 016C,Shoplifting,Local resolution,
20266de2623d848075b29eecf63b25318904d251023b671d7d65e56f05c06405,2014-08,Essex Police,Essex Police,1.148823,51.795195,On or near Supermarket,E01022026,Tendring 016C,Shoplifting,Investigation complete; no suspect identified,
09448a22f19903325f15d442e7c01dcd09b4801c17b74da6f72792549ed37a2e,2014-08,Essex Police,Essex Police,1.148206,51.792594,On or near Old Road,E01022026,Tendring 016C,Shoplifting,Under investigation,
37aba4b52dfd25c4ec002fd33ef6aecead79fb1371fd3adfb87e7bb73d91bafb,2014-08,Essex Police,Essex Police,1.148206,51.792594,On or near Old Road,E01022026,Tendring 016C,Shoplifting,Unable to prosecute suspect,
7e908184f1c7221895d1e8a5559e1c90b33941f23eb95586bf109bb3eecf9935,2014-08,Essex Police,Essex Police,1.148206,51.792594,On or near Old Road,E01022026,Tendring 016C,Shoplifting,Offender given absolute discharge,
1cb78e547166f92235013fe77fabc95518d665e63f28697de2d24c81b4bfd544,2014-08,Essex Police,Essex Police,1.148206,51.792594,On or near Old Road,E01022026,Tendring 016C,Shoplifting,Under investigation,
4f492c01d17992e561c837f5907091f4236d393f512e569ba80bf7238f12502a,2014-08,Essex Police,Essex Police,1.148206,51.792594,On or near Old Road,E01022026,Tendring 016C,Shoplifting,Offender given penalty notice,
15456e6efd4e188f8f310b3fe8f1391b49390d6959dd23891a0d0bb0ae25cda4,2014-08,Essex Police,Essex Police,1.148149,51.793234,On or near Old Road,E01022026,Tendring 016C,Theft from the person,Unable to prosecute suspect,
409276c8d05d71019c1816ec80bc402480c1afda4021656cf29e7787d8171950,2014-08,Essex Police,Essex Police,1.149934,51.795741,On or near Crossfield Road,E01022026,Tendring 016C,Violence and sexual offences,Awaiting court outcome,
aeade0c6735041a6348787f8d6fa3816ff8d03acfa571ba65ab0200cb7e083ac,2014-08,Essex Police,Essex Police,1.150152,51.794503,On or near St Andrew'S Road,E01022026,Tendring 016C,Violence and sexual offences,Under investigation,
8891662f4fd84595f12422d2956af08f8d4120edb0a7eac2ce78c024d4033ba1,2014-08,Essex Police,Essex Police,1.151023,51.790144,On or near Pier Avenue,E01022026,Tendring 016C,Violence and sexual offences,Under investigation,
5b3195d95f15d6dab46258a8ede7570b019fa2d11ec78f614be0d6d217a10662,2014-08,Essex Police,Essex Police,1.148149,51.793234,On or near Old Road,E01022026,Tendring 016C,Violence and sexual offences,Under investigation,
02f71f64ca814c999a4798c933d6770d991fa99e8d7ad233dc24daded988da08,2014-08,Essex Police,Essex Police,1.149934,51.795741,On or near Crossfield Road,E01022026,Tendring 016C,Violence and sexual offences,Awaiting court outcome,
3474aa08ce3e87b70f9005d307e685f53553043b7b72167fa698e352d5a02417,2014-08,Essex Police,Essex Police,1.151023,51.790144,On or near Pier Avenue,E01022026,Tendring 016C,Violence and sexual offences,Offender sent to prison,
33d8c242b2feb4d74e393796cd1aa1d76876973c6c48d78c83cbe254096a22c5,2014-08,Essex Police,Essex Police,1.149934,51.795741,On or near Crossfield Road,E01022026,Tendring 016C,Violence and sexual offences,Awaiting court outcome,
f7dd54013468cae071dc7a0a404c69aa50d3040e2965f9eb79928d7c5e703dee,2014-08,Essex Police,Essex Police,1.150152,51.794503,On or near St Andrew'S Road,E01022026,Tendring 016C,Violence and sexual offences,Awaiting court outcome,
293c531ae106eec497615eeb05c6744aa9fc125b8225f08811e9e10dcf7bd0c6,2014-08,Essex Police,Essex Police,1.148823,51.795195,On or near Supermarket,E01022026,Tendring 016C,Violence and sexual offences,Under investigation,
1e543f8ad213295a5954056c9982ecc524ef75d1c836a6a17c89f8bdc99ec83c,2014-08,Essex Police,Essex Police,1.151023,51.790144,On or near Pier Avenue,E01022026,Tendring 016C,Violence and sexual offences,Awaiting court outcome,
637bcbb3b5728fa037bf992f3d4b66694649564ac2a1e1db6af546dfc6cf27c2,2014-08,Essex Police,Essex Police,1.150152,51.794503,On or near St Andrew'S Road,E01022026,Tendring 016C,Violence and sexual offences,Under investigation,
adbf4418c750488d0fdc10ca8e6b0a07056445536a81e7640f2f591ced3f5015,2014-08,Essex Police,Essex Police,1.148149,51.793234,On or near Old Road,E01022026,Tendring 016C,Violence and sexual offences,Unable to prosecute suspect,
,2014-08,Essex Police,Essex Police,1.159276,51.789733,On or near Church Crescent,E01022027,Tendring 016D,Anti-social behaviour,,
,2014-08,Essex Police,Essex Police,1.155872,51.792496,On or near Chapman Road,E01022027,Tendring 016D,Anti-social behaviour,,
,2014-08,Essex Police,Essex Police,1.155313,51.791756,On or near Carnarvon Road,E01022027,Tendring 016D,Anti-social behaviour,,
,2014-08,Essex Police,Essex Police,1.159289,51.792818,On or near Thoroughgood Road,E01022027,Tendring 016D,Anti-social behaviour,,
,2014-08,Essex Police,Essex Police,1.157555,51.791462,On or near High Street,E01022027,Tendring 016D,Anti-social behaviour,,
,2014-08,Essex Police,Essex Police,1.157877,51.789016,On or near Anglefield,E01022027,Tendring 016D,Anti-social behaviour,,
,2014-08,Essex Police,Essex Police,1.157555,51.791462,On or near High Street,E01022027,Tendring 016D,Anti-social behaviour,,
,2014-08,Essex Police,Essex Police,1.154305,51.793321,On or near Station Road,E01022027,Tendring 016D,Anti-social behaviour,,
dd778f589ea0e084a179fae5d6fbd62112d04769a2d20c81d7ca55e3a72b947c,2014-08,Essex Police,Essex Police,1.157068,51.789064,On or near Rosemary Crescent,E01022027,Tendring 016D,Burglary,Under investigation,
82c7d110e68b1d7318b074bc24ef7b428c62f202b974cecbac60795c6b2d54eb,2014-08,Essex Police,Essex Police,1.157555,51.791462,On or near High Street,E01022027,Tendring 016D,Burglary,Under investigation,
ffa8a05eeeab88779b2c19c748bbc2be258140201e6df88dc213047533132b90,2014-08,Essex Police,Essex Police,1.159289,51.792818,On or near Thoroughgood Road,E01022027,Tendring 016D,Criminal damage and arson,Under investigation,
f53a0f05c8df741e29e82afe039208719d36d5a79e399fc157cb4165f667f710,2014-08,Essex Police,Essex Police,1.157068,51.789064,On or near Rosemary Crescent,E01022027,Tendring 016D,Criminal damage and arson,Under investigation,
0557111d800185fb2b712fcd1657856d2e863f9b5ad5f46c5dd7feb605dd3572,2014-08,Essex Police,Essex Police,1.157068,51.789064,On or near Rosemary Crescent,E01022027,Tendring 016D,Criminal damage and arson,Investigation complete; no suspect identified,
74d27a082dd6c07486e4a0b68f9d3b0375e80b0db165995e9797ce3ccb2a685a,2014-08,Essex Police,Essex Police,1.154305,51.793321,On or near Station Road,E01022027,Tendring 016D,Drugs,Offender given a drugs possession warning,
eeeea2a20a1b347b5c9c44eac93566f67bc650c2ed0bb336c4035e7d1cb4dcba,2014-08,Essex Police,Essex Police,1.155313,51.791756,On or near Carnarvon Road,E01022027,Tendring 016D,Other theft,Under investigation,
d472a64ede760d75d77519ac2f6a29fa76d1e9170a094a9fed09d8d1b1c38a5d,2014-08,Essex Police,Essex Police,1.157068,51.789064,On or near Rosemary Crescent,E01022027,Tendring 016D,Possession of weapons,Under investigation,
1a1ff4860c2263782736b7c4c18e2e0e88833e5676cfebb9630f045f0b1b648a,2014-08,Essex Police,Essex Police,1.157555,51.791462,On or near High Street,E01022027,Tendring 016D,Violence and sexual offences,Unable to prosecute suspect,
55639f7b7600beb066fe44992860515441e78ed5b32905450cc60e395a484973,2014-08,Essex Police,Essex Police,1.160527,51.790608,On or near Further/Higher Educational Building,E01022027,Tendring 016D,Violence and sexual offences,Unable to prosecute suspect,
b0a3b513fc52442b8a25155c5b8028ad4709df49e0625a9796e8ba5554d5f819,2014-08,Essex Police,Essex Police,1.157068,51.789064,On or near Rosemary Crescent,E01022027,Tendring 016D,Violence and sexual offences,Under investigation,
6af7cc5c1bb72506635b99d6f0066fc4ced2e273eef15bc1b0c08a3086ed777a,2014-08,Essex Police,Essex Police,1.157555,51.791462,On or near High Street,E01022027,Tendring 016D,Violence and sexual offences,Under investigation,
edc0947103849eadf86058e5f28f66019fdb41a6dec67fe24b37c368bdf84317,2014-08,Essex Police,Essex Police,1.157068,51.789064,On or near Rosemary Crescent,E01022027,Tendring 016D,Violence and sexual offences,Under investigation,
,2014-08,Essex Police,Essex Police,1.144282,51.796647,On or near Croft Road,E01021968,Tendring 017A,Anti-social behaviour,,
,2014-08,Essex Police,Essex Police,1.143315,51.791924,On or near Alton Park Road,E01021968,Tendring 017A,Anti-social behaviour,,
,2014-08,Essex Police,Essex Police,1.144810,51.795275,On or near Dudley Road,E01021968,Tendring 017A,Anti-social behaviour,,
,2014-08,Essex Police,Essex Police,1.142149,51.793296,On or near Shopping Area,E01021968,Tendring 017A,Anti-social behaviour,,
,2014-08,Essex Police,Essex Police,1.144810,51.795275,On or near Dudley Road,E01021968,Tendring 017A,Anti-social behaviour,,
,2014-08,Essex Police,Essex Police,1.142149,51.793296,On or near Shopping Area,E01021968,Tendring 017A,Anti-social behaviour,,
,2014-08,Essex Police,Essex Police,1.143048,51.797049,On or near Wargrave Road,E01021968,Tendring 017A,Anti-social behaviour,,
,2014-08,Essex Police,Essex Police,1.145742,51.791779,On or near Anchor Road,E01021968,Tendring 017A,Anti-social behaviour,,
,2014-08,Essex Police,Essex Police,1.144810,51.795275,On or near Dudley Road,E01021968,Tendring 017A,Anti-social behaviour,,
,2014-08,Essex Police,Essex Police,1.142850,51.796290,On or near Agincourt Road,E01021968,Tendring 017A,Anti-social behaviour,,
,2014-08,Essex Police,Essex Police,1.145689,51.793723,On or near Watson Road,E01021968,Tendring 017A,Anti-social behaviour,,
,2014-08,Essex Police,Essex Police,1.142149,51.793296,On or near Shopping Area,E01021968,Tendring 017A,Anti-social behaviour,,
c8f0d34ca3146b0cb1326bc6a2927d9fc5618e8330272886742894ac410f30da,2014-08,Essex Police,Essex Police,1.145453,51.792632,On or near Parking Area,E01021968,Tendring 017A,Bicycle theft,Under investigation,
767808466228fffbf9bee05fcc108eecdaf8b629df219d8d08d7d303cf351fa1,2014-08,Essex Police,Essex Police,1.145689,51.793723,On or near Watson Road,E01021968,Tendring 017A,Burglary,Under investigation,
4eb4d9144eb76d57d4dc7cc7086675054ffed54c4e6914e1d2bbde77dd9a538c,2014-08,Essex Police,Essex Police,1.144810,51.795275,On or near Dudley Road,E01021968,Tendring 017A,Burglary,Investigation complete; no suspect identified,
40db8c78652e3ff7ace231ea97091b85cb5d65df1fbfe46876a23e7127c27767,2014-08,Essex Police,Essex Police,1.144721,51.792319,On or near Upper Park Road,E01021968,Tendring 017A,Criminal damage and arson,Investigation complete; no suspect identified,
3303b14aa91f6bfe92e74a8bbcbc6c307c43a0e360c0b445ca8f355b5c09c67b,2014-08,Essex Police,Essex Police,1.145742,51.791779,On or near Anchor Road,E01021968,Tendring 017A,Criminal damage and arson,Offender given a caution,
6171bfb6a1b88dcb6e199f1be98a848cb64f4562a2159f4ca7af603c3d560a25,2014-08,Essex Police,Essex Police,1.144810,51.795275,On or near Dudley Road,E01021968,Tendring 017A,Drugs,Under investigation,
c97e871ddfeb2b2c6c5091dab07cb6f55792a1d162cc6ad66f38a3e095c87d9a,2014-08,Essex Police,Essex Police,1.147091,51.794693,On or near Key Road,E01021968,Tendring 017A,Possession of weapons,Awaiting court outcome,
1179e116d0bb8c79b2eecb0070ef9c9978c6f3c81db0a4d81aeb33d2de9d2167,2014-08,Essex Police,Essex Police,1.142716,51.794989,On or near Victory Road,E01021968,Tendring 017A,Public order,Under investigation,
df5d3a2e10bb9e73beb5b87239d292aa2d272232ec798f2d8b9d43105f5801bd,2014-08,Essex Police,Essex Police,1.147170,51.792289,On or near Castle Road,E01021968,Tendring 017A,Shoplifting,Under investigation,
f7efa66b97e6dec53e9ade0a4460c28f577d0203d71f2a87d38ac5db44af59a7,2014-08,Essex Police,Essex Police,1.147170,51.792289,On or near Castle Road,E01021968,Tendring 017A,Vehicle crime,Under investigation,
5f8ddd3e98b67d1f92534b60868838ab2a64582147921a7a8cc695a06b86377a,2014-08,Essex Police,Essex Police,1.147170,51.792289,On or near Castle Road,E01021968,Tendring 017A,Violence and sexual offences,Under investigation,
ba36ca0ded9d4ae74a33eb83eaed140737e51cace9f8ae92c5e7f078fe4df24c,2014-08,Essex Police,Essex Police,1.144810,51.795275,On or near Dudley Road,E01021968,Tendring 017A,Violence and sexual offences,Awaiting court outcome,
c669a97b6f2b7710ef48e856a27e499a41464b10ae0b7c9a42a4ec8bb83660b9,2014-08,Essex Police,Essex Police,1.144282,51.796647,On or near Croft Road,E01021968,Tendring 017A,Violence and sexual offences,Under investigation,
89629fcc01a675eca70ab0aef56b73db0e72959e1dbfa159ed6f10880e907b26,2014-08,Essex Police,Essex Police,1.144810,51.795275,On or near Dudley Road,E01021968,Tendring 017A,Violence and sexual offences,Under investigation,
ed339c3a46fb5363159006b27e281755a194f1b6318c9d7b870898e7afc8b610,2014-08,Essex Police,Essex Police,1.144810,51.795275,On or near Dudley Road,E01021968,Tendring 017A,Violence and sexual offences,Under investigation,
,2014-08,Essex Police,Essex Police,1.140792,51.795473,On or near Carrs Road,E01021969,Tendring 017B,Anti-social behaviour,,
,2014-08,Essex Police,Essex Police,1.139751,51.794268,On or near St Osyth Road,E01021969,Tendring 017B,Anti-social behaviour,,
,2014-08,Essex Police,Essex Police,1.139751,51.794268,On or near St Osyth Road,E01021969,Tendring 017B,Anti-social behaviour,,
,2014-08,Essex Police,Essex Police,1.135931,51.795872,On or near Kingston Mews,E01021969,Tendring 017B,Anti-social behaviour,,
,2014-08,Essex Police,Essex Police,1.134587,51.794685,On or near Lake Walk,E01021969,Tendring 017B,Anti-social behaviour,,
,2014-08,Essex Police,Essex Police,1.135931,51.795872,On or near Kingston Mews,E01021969,Tendring 017B,Anti-social behaviour,,
,2014-08,Essex Police,Essex Police,1.135931,51.795872,On or near Kingston Mews,E01021969,Tendring 017B,Anti-social behaviour,,
,2014-08,Essex Police,Essex Police,1.135931,51.795872,On or near Kingston Mews,E01021969,Tendring 017B,Anti-social behaviour,,
6a1d1e19ed287d1f1a20f137590cd59f7619b6a3e428a052f1314dd6437955e5,2014-08,Essex Police,Essex Police,1.137082,51.796156,On or near Coronation Road,E01021969,Tendring 017B,Criminal damage and arson,Under investigation,
3e7c9234d2169c6aff25e1826f3e8f24d7d35aee8bcfe1ce0b5b8f7ace9c2ef0,2014-08,Essex Police,Essex Police,1.137082,51.796156,On or near Coronation Road,E01021969,Tendring 017B,Criminal damage and arson,Under investigation,
2d49f74e33f262bba8e48e0a8fefa5a0a17b6dc077a5eaadd052b385a1c62b51,2014-08,Essex Police,Essex Police,1.139770,51.795590,On or near Beaumont Avenue,E01021969,Tendring 017B,Criminal damage and arson,Under investigation,
015a107519baced6b6fdcb293808242b3681ff49fb5a39e65722e73c6415dff4,2014-08,Essex Police,Essex Police,1.137082,51.796156,On or near Coronation Road,E01021969,Tendring 017B,Criminal damage and arson,Under investigation,
dd36c6560ac476a873c34f2934e49cfc794c489ef2bfefd7546b9dc8a48169ab,2014-08,Essex Police,Essex Police,1.137082,51.796156,On or near Coronation Road,E01021969,Tendring 017B,Criminal damage and arson,Under investigation,
81eeedc920bec8bab21bf7ab92dcae05b93a63eaeb81faeb6476e340c0fe5766,2014-08,Essex Police,Essex Police,1.136862,51.794444,On or near Jameson Road,E01021969,Tendring 017B,Other theft,Under investigation,
724de6bdb807d8710ba0d1a7e7b5b21b879a8879fb5126b24c3db6c5bd05ec1f,2014-08,Essex Police,Essex Police,1.139751,51.794268,On or near St Osyth Road,E01021969,Tendring 017B,Other theft,Under investigation,
a620c8a69017b0d1d02d0ad20ecd0841e6cca3a2e47daf88594f2226ec03fb85,2014-08,Essex Police,Essex Police,1.139751,51.794268,On or near St Osyth Road,E01021969,Tendring 017B,Other theft,Under investigation,
f55f2487e0d1e514850df9cb9570761c799d712173c39a1777d748a869c51d28,2014-08,Essex Police,Essex Police,1.139751,51.794268,On or near St Osyth Road,E01021969,Tendring 017B,Shoplifting,Under investigation,
edecc3cfc4118e8d6813b07ac3b44d5488474461671a28fcb909cd97042dc114,2014-08,Essex Police,Essex Police,1.139751,51.794268,On or near St Osyth Road,E01021969,Tendring 017B,Shoplifting,Investigation complete; no suspect identified,
646c0d328b56594fb166e6e2a74d0ed4dd0e91c6f16e33dbfdfb7cce8af0de3e,2014-08,Essex Police,Essex Police,1.139751,51.794268,On or near St Osyth Road,E01021969,Tendring 017B,Shoplifting,Under investigation,
a554f532f92d54dd3c6497bf60d3f0a0dd112bbbd779d9797c4270929551b9b4,2014-08,Essex Police,Essex Police,1.139751,51.794268,On or near St Osyth Road,E01021969,Tendring 017B,Violence and sexual offences,Investigation complete; no suspect identified,
74c95c9b4f117cb424eed222d566ff3f7670fcf66494b9f8401a732002e8a34c,2014-08,Essex Police,Essex Police,1.139751,51.794268,On or near St Osyth Road,E01021969,Tendring 017B,Violence and sexual offences,Under investigation,
e4f5dcca71adfeb77a31938f564604db1e9e84f878287c2879b283f4dc90fae6,2014-08,Essex Police,Essex Police,1.139770,51.795590,On or near Beaumont Avenue,E01021969,Tendring 017B,Violence and sexual offences,Defendant found not guilty,
e37fcaa8539fcb7c3ce86b4dc441293d925e257fce55a039803cac55a1a79c44,2014-08,Essex Police,Essex Police,1.136831,51.793789,On or near Marlborough Close,E01021969,Tendring 017B,Violence and sexual offences,Under investigation,
7af5d65fcc242da24d7c7a9ad33aed9da70ac4912acfc87bc3212214427f73be,2014-08,Essex Police,Essex Police,1.139751,51.794268,On or near St Osyth Road,E01021969,Tendring 017B,Violence and sexual offences,Unable to prosecute suspect,
28b520bf472113383b959e45800cecfce15c536d7d708c4361d50d0a43338243,2014-08,Essex Police,Essex Police,1.139770,51.795590,On or near Beaumont Avenue,E01021969,Tendring 017B,Violence and sexual offences,Defendant found not guilty,
7e93b6132bf1744478267cc3dfd3ba98c6c121ec541d48d52c66e339d3d133e0,2014-08,Essex Police,Essex Police,1.139770,51.795590,On or near Beaumont Avenue,E01021969,Tendring 017B,Violence and sexual offences,Awaiting court outcome,
,2014-08,Essex Police,Essex Police,1.135362,51.784537,On or near Cherry Tree Avenue,E01022036,Tendring 017C,Anti-social behaviour,,
,2014-08,Essex Police,Essex Police,1.136395,51.783754,On or near Princess Anne Close,E01022036,Tendring 017C,Anti-social behaviour,,
,2014-08,Essex Police,Essex Police,1.120185,51.782944,On or near Jaywick Lane,E01022036,Tendring 017C,Anti-social behaviour,,
,2014-08,Essex Police,Essex Police,1.120185,51.782944,On or near Jaywick Lane,E01022036,Tendring 017C,Anti-social behaviour,,
,2014-08,Essex Police,Essex Police,1.135227,51.780916,On or near Lulworth Close,E01022036,Tendring 017C,Anti-social behaviour,,
,2014-08,Essex Police,Essex Police,1.136850,51.785298,On or near Prince Charles Close,E01022036,Tendring 017C,Anti-social behaviour,,
477b51c79cda6de2ac7a611927499f3fbc50a117938ee311e593f23163157e65,2014-08,Essex Police,Essex Police,1.142453,51.782027,On or near Parking Area,E01022036,Tendring 017C,Bicycle theft,Investigation complete; no suspect identified,
eb633d94986236a4124f6ab73cd1ca0db54eb38c03c082b9132a4cc3e19325ee,2014-08,Essex Police,Essex Police,1.120185,51.782944,On or near Jaywick Lane,E01022036,Tendring 017C,Burglary,Investigation complete; no suspect identified,
719f723773776230f7bb75115c3c27b2f482a2bc560c8ca988a461c9a9ff5ca6,2014-08,Essex Police,Essex Police,1.142453,51.782027,On or near Parking Area,E01022036,Tendring 017C,Criminal damage and arson,Under investigation,
c06c95779ede3a24576ec8b2891672de448f40ff7de93ebbc0cc1522b1fc4c33,2014-08,Essex Police,Essex Police,1.142453,51.782027,On or near Parking Area,E01022036,Tendring 017C,Criminal damage and arson,Under investigation,
a06fa4db80b7ac045dd45e26788ed98c5740d660499c703b9817c5fedbdbfadd,2014-08,Essex Police,Essex Police,1.135227,51.780916,On or near Lulworth Close,E01022036,Tendring 017C,Criminal damage and arson,Investigation complete; no suspect identified,
e928b9f061f036c8c578938bed651db65addd828fcbc05a78924927e5e42c2b2,2014-08,Essex Police,Essex Police,1.135227,51.780916,On or near Lulworth Close,E01022036,Tendring 017C,Other theft,Investigation complete; no suspect identified,
2bd7f2e197675ed298cf8443d2dc025669ae94deebcdefb66be3752f54538d1e,2014-08,Essex Police,Essex Police,1.120185,51.782944,On or near Jaywick Lane,E01022036,Tendring 017C,Other theft,Under investigation,
e3d1e0a733941baa1ce3231aa0d6a1df7ac6f845d43089fcbdbc8dd2efc885a4,2014-08,Essex Police,Essex Police,1.120185,51.782944,On or near Jaywick Lane,E01022036,Tendring 017C,Public order,Offender given penalty notice,
58a59d84ee365ea3420c1a1f4028751f349263763166f426f1ebdf7635f49f35,2014-08,Essex Police,Essex Police,1.120238,51.780568,On or near Golf Green Road,E01022036,Tendring 017C,Violence and sexual offences,Unable to prosecute suspect,
,2014-08,Essex Police,Essex Police,1.145815,51.784500,On or near Nelson Road,E01022037,Tendring 017D,Anti-social behaviour,,
,2014-08,Essex Police,Essex Police,1.142158,51.786541,On or near Arnold Road,E01022037,Tendring 017D,Anti-social behaviour,,
,2014-08,Essex Police,Essex Police,1.140947,51.782265,On or near Spinnaker Close,E01022037,Tendring 017D,Anti-social behaviour,,
,2014-08,Essex Police,Essex Police,1.142158,51.786541,On or near Arnold Road,E01022037,Tendring 017D,Anti-social behaviour,,
,2014-08,Essex Police,Essex Police,1.140947,51.782265,On or near Spinnaker Close,E01022037,Tendring 017D,Anti-social behaviour,,
0f4fa27dcb65b68c4837b09ffca6eaafae1fab2160fd5d5017aed475676b4e6b,2014-08,Essex Police,Essex Police,1.145522,51.787998,On or near Vicarage Gardens,E01022037,Tendring 017D,Criminal damage and arson,Under investigation,
36c5d1e2d9367d25fbf87da0b8e5fea0da43e09ec2ce4ad137b81b15b3d3e81c,2014-08,Essex Police,Essex Police,1.142158,51.786541,On or near Arnold Road,E01022037,Tendring 017D,Criminal damage and arson,Investigation complete; no suspect identified,
41d81bc72425c13c3d3114ecbf0455211f50a021fc1750edf708ca457b7b2235,2014-08,Essex Police,Essex Police,1.146887,51.784903,On or near Trafalgar Road,E01022037,Tendring 017D,Drugs,Offender given a drugs possession warning,
be0adeba4125c01c0592494ae6a0a74694d108658ea1dd301c65ead9fd545d58,2014-08,Essex Police,Essex Police,1.145815,51.784500,On or near Nelson Road,E01022037,Tendring 017D,Other theft,Investigation complete; no suspect identified,
d7024a8982383b8031d11b80dba4858bd18c078bc0d9b8b118892ad29b15c68e,2014-08,Essex Police,Essex Police,1.148030,51.786105,On or near Clacton And District Hospital,E01022037,Tendring 017D,Other theft,Under investigation,
7d3898de634eb6631ed9708ad03aeb259cf88b164a4f4dd74161d75d7d2bc334,2014-08,Essex Police,Essex Police,1.145815,51.784500,On or near Nelson Road,E01022037,Tendring 017D,Other theft,Offender given suspended prison sentence,
eff3e9e64204d53c3fb242391932c61d332cc2d34515835147e53b699e6c11ad,2014-08,Essex Police,Essex Police,1.146887,51.784903,On or near Trafalgar Road,E01022037,Tendring 017D,Theft from the person,Investigation complete; no suspect identified,
67908cec797fce56bb2955fa102337fdee995042e94c9affb51a0bce1a111242,2014-08,Essex Police,Essex Police,1.148030,51.786105,On or near Clacton And District Hospital,E01022037,Tendring 017D,Vehicle crime,Under investigation,
934e4d5b7b83e5f1eb90d0a1df07d49fa85baea6fe25657f44beeaa3df07dcc0,2014-08,Essex Police,Essex Police,1.148030,51.786105,On or near Clacton And District Hospital,E01022037,Tendring 017D,Violence and sexual offences,Unable to prosecute suspect,
b4fc38758f0ce6ad90b1c418997ef1e61d084d81a6dbc3b07a307e6c59e892a3,2014-08,Essex Police,Essex Police,1.140717,51.785221,On or near King'S Road,E01022037,Tendring 017D,Violence and sexual offences,Under investigation,
6e6663c4d5d9eb834ab780f218d45223b908ffa5bc4625a90b9e951762796846,2014-08,Essex Police,Essex Police,1.145815,51.784500,On or near Nelson Road,E01022037,Tendring 017D,Violence and sexual offences,Offender given a caution,
88f4240d2cdd2215cab5794a3a7572e2a723059ae120582030d6b77950cc8ff8,2014-08,Essex Police,Essex Police,1.140947,51.782265,On or near Spinnaker Close,E01022037,Tendring 017D,Violence and sexual offences,Awaiting court outcome,
,2014-08,Essex Police,Essex Police,1.146196,51.789968,On or near Supermarket,E01022038,Tendring 017E,Anti-social behaviour,,
,2014-08,Essex Police,Essex Police,1.146196,51.789968,On or near Supermarket,E01022038,Tendring 017E,Anti-social behaviour,,
,2014-08,Essex Police,Essex Police,1.146196,51.789968,On or near Supermarket,E01022038,Tendring 017E,Anti-social behaviour,,
,2014-08,Essex Police,Essex Police,1.147433,51.789620,On or near Supermarket,E01022038,Tendring 017E,Anti-social behaviour,,
,2014-08,Essex Police,Essex Police,1.147433,51.789620,On or near Supermarket,E01022038,Tendring 017E,Anti-social behaviour,,
,2014-08,Essex Police,Essex Police,1.147433,51.789620,On or near Supermarket,E01022038,Tendring 017E,Anti-social behaviour,,
,2014-08,Essex Police,Essex Police,1.147433,51.789620,On or near Supermarket,E01022038,Tendring 017E,Anti-social behaviour,,
,2014-08,Essex Police,Essex Police,1.146196,51.789968,On or near Supermarket,E01022038,Tendring 017E,Anti-social behaviour,,
,2014-08,Essex Police,Essex Police,1.147433,51.789620,On or near Supermarket,E01022038,Tendring 017E,Anti-social behaviour,,
e7fff2babc9b590f85a225c3c6bcb8699c21c4667601c26a8719d7c9c5b57ec1,2014-08,Essex Police,Essex Police,1.141564,51.788230,On or near Blenheim Road,E01022038,Tendring 017E,Burglary,Investigation complete; no suspect identified,
2714bf87d0941f5db0daa12eb71a1b0dae4d9979b1cc0d4b82592efbb5b90a10,2014-08,Essex Police,Essex Police,1.144070,51.791104,On or near Park Road,E01022038,Tendring 017E,Criminal damage and arson,Investigation complete; no suspect identified,
75083d3c6e99f637de2e07672b5731f90a7c06faf6fa2e5b74358d2b3578d48b,2014-08,Essex Police,Essex Police,1.146196,51.789968,On or near Supermarket,E01022038,Tendring 017E,Criminal damage and arson,Investigation complete; no suspect identified,
0ec87d54872fca538e1af0f9cf11f62f1eae38505ca43539693157b547e939b0,2014-08,Essex Police,Essex Police,1.147433,51.789620,On or near Supermarket,E01022038,Tendring 017E,Other theft,Under investigation,
90894cc77c02d0a0cb1cd4984db87e911651bb5c8c84239fb0228746707f98ba,2014-08,Essex Police,Essex Police,1.142223,51.789156,On or near Link Road,E01022038,Tendring 017E,Other theft,Investigation complete; no suspect identified,
82e4ad68f4934d8e604d793779103762b5faf81ded051bd79d13f94160244cb4,2014-08,Essex Police,Essex Police,1.146196,51.789968,On or near Supermarket,E01022038,Tendring 017E,Other theft,Under investigation,
aa08f7d6f1e028abb2f1b740c1eeb4ed7914b48b8f16f9d4aeca6797337e5f38,2014-08,Essex Police,Essex Police,1.147433,51.789620,On or near Supermarket,E01022038,Tendring 017E,Shoplifting,Awaiting court outcome,
b6cb925db5e75d5ce055fc7ec1de78d6236433249361e08787554c314a78b8e5,2014-08,Essex Police,Essex Police,1.146196,51.789968,On or near Supermarket,E01022038,Tendring 017E,Shoplifting,Under investigation,
8dbe6238cb20e4b23af553d2f10a183767e7bcc421bb80fd5bb05443c141ea75,2014-08,Essex Police,Essex Police,1.146196,51.789968,On or near Supermarket,E01022038,Tendring 017E,Shoplifting,Awaiting court outcome,
0377fab4a19c269ae0a95391f3a9febfc5c31cebeb2a9706f343f602bca8cf53,2014-08,Essex Police,Essex Police,1.137601,51.786708,On or near Crown Road,E01022038,Tendring 017E,Shoplifting,Under investigation,
1512117d95582db52269422efa95719b93033ea3e8bee7f2ba83f8ff7da577f1,2014-08,Essex Police,Essex Police,1.147433,51.789620,On or near Supermarket,E01022038,Tendring 017E,Shoplifting,Awaiting court outcome,
9aef85a2a21632c4d6a7a33d4c3f680cfa7fb37e20ce4b15b828406675ffb15c,2014-08,Essex Police,Essex Police,1.146196,51.789968,On or near Supermarket,E01022038,Tendring 017E,Shoplifting,Under investigation,
150df4e9f6d6505ea51086c7db846a7c61b8e4419aeaf8eae9b4c2e852c51d1b,2014-08,Essex Police,Essex Police,1.146196,51.789968,On or near Supermarket,E01022038,Tendring 017E,Shoplifting,Offender given a caution,
f6ae11453e3defa4ede0b69034076f89f617dda7da83e0c552687fd1934fc9db,2014-08,Essex Police,Essex Police,1.146196,51.789968,On or near Supermarket,E01022038,Tendring 017E,Shoplifting,Awaiting court outcome,
c2aa93861483c0ca8e1641fa8fffe61545e0c896d9df3840fbd1a047c25b8c75,2014-08,Essex Police,Essex Police,1.146196,51.789968,On or near Supermarket,E01022038,Tendring 017E,Shoplifting,Local resolution,
d090ed7b0068f9699c9174b06216a63f2cbc86b472b730fc69de2000e78ea2d8,2014-08,Essex Police,Essex Police,1.146196,51.789968,On or near Supermarket,E01022038,Tendring 017E,Shoplifting,Under investigation,
519059b7e255d5ce57d4eec6941fb6d7aec478ecc1b9095d8d27dffa0e951823,2014-08,Essex Police,Essex Police,1.146196,51.789968,On or near Supermarket,E01022038,Tendring 017E,Shoplifting,Under investigation,
79a25787ad50eb556d663c9db40a3ce26877bd93cf25de5f7a515f3ddcaaf9fb,2014-08,Essex Police,Essex Police,1.146196,51.789968,On or near Supermarket,E01022038,Tendring 017E,Shoplifting,Offender sent to prison,
b7fca403ac21d2c0b111a347a0a5ff4efabcd45beda1b71165bac90b27dc6bef,2014-08,Essex Police,Essex Police,1.144070,51.791104,On or near Park Road,E01022038,Tendring 017E,Vehicle crime,Under investigation,
5a6f77d8790ea380691aa109c55f00ea64f3108507652caedf441e405ae652f1,2014-08,Essex Police,Essex Police,1.140502,51.789427,On or near Robertson Close,E01022038,Tendring 017E,Violence and sexual offences,Under investigation,
e08d817cba8be6caa443bf10e14f968ac3a7d307e443bc89429caa59aa24f4c9,2014-08,Essex Police,Essex Police,1.137601,51.786708,On or near Crown Road,E01022038,Tendring 017E,Violence and sexual offences,Under investigation,
bc7acc9dfd2af50df2f6d6590dddc3362bd532c1c0c773a5d60cdebcff589dd4,2014-08,Essex Police,Essex Police,1.141564,51.788230,On or near Blenheim Road,E01022038,Tendring 017E,Violence and sexual offences,Under investigation,
,2014-08,Essex Police,Essex Police,1.117826,51.774400,On or near Sea Thistle Way,E01021988,Tendring 018A,Anti-social behaviour,,
,2014-08,Essex Police,Essex Police,1.104573,51.773743,On or near Brooklands Gardens,E01021988,Tendring 018A,Anti-social behaviour,,
,2014-08,Essex Police,Essex Police,1.098529,51.772922,On or near Belsize Avenue,E01021988,Tendring 018A,Anti-social behaviour,,
,2014-08,Essex Police,Essex Police,1.098529,51.772922,On or near Belsize Avenue,E01021988,Tendring 018A,Anti-social behaviour,,
,2014-08,Essex Police,Essex Police,1.117306,51.775268,On or near Willow Way,E01021988,Tendring 018A,Anti-social behaviour,,
,2014-08,Essex Police,Essex Police,1.111780,51.773346,On or near Tamarisk Way,E01021988,Tendring 018A,Anti-social behaviour,,
,2014-08,Essex Police,Essex Police,1.098529,51.772922,On or near Belsize Avenue,E01021988,Tendring 018A,Anti-social behaviour,,
,2014-08,Essex Police,Essex Police,1.105667,51.773624,On or near Morris Avenue,E01021988,Tendring 018A,Anti-social behaviour,,
,2014-08,Essex Police,Essex Police,1.102239,51.773319,On or near Humber Avenue,E01021988,Tendring 018A,Anti-social behaviour,,
,2014-08,Essex Police,Essex Police,1.115348,51.773791,On or near Fir Way,E01021988,Tendring 018A,Anti-social behaviour,,
,2014-08,Essex Police,Essex Police,1.098529,51.772922,On or near Belsize Avenue,E01021988,Tendring 018A,Anti-social behaviour,,
,2014-08,Essex Police,Essex Police,1.115348,51.773791,On or near Fir Way,E01021988,Tendring 018A,Anti-social behaviour,,
,2014-08,Essex Police,Essex Police,1.107813,51.773640,On or near Talbot Avenue,E01021988,Tendring 018A,Anti-social behaviour,,
,2014-08,Essex Police,Essex Police,1.116600,51.774072,On or near Sea Pink Way,E01021988,Tendring 018A,Anti-social behaviour,,
,2014-08,Essex Police,Essex Police,1.098529,51.772922,On or near Belsize Avenue,E01021988,Tendring 018A,Anti-social behaviour,,
,2014-08,Essex Police,Essex Police,1.119025,51.774754,On or near Sea Flowers Way,E01021988,Tendring 018A,Anti-social behaviour,,
,2014-08,Essex Police,Essex Police,1.108363,51.773625,On or near Swift Avenue,E01021988,Tendring 018A,Anti-social behaviour,,
,2014-08,Essex Police,Essex Police,1.098529,51.772922,On or near Belsize Avenue,E01021988,Tendring 018A,Anti-social behaviour,,
,2014-08,Essex Police,Essex Police,1.119632,51.774936,On or near Sea Glebe Way,E01021988,Tendring 018A,Anti-social behaviour,,
,2014-08,Essex Police,Essex Police,1.103289,51.773417,On or near Austin Avenue,E01021988,Tendring 018A,Anti-social behaviour,,
,2014-08,Essex Police,Essex Police,1.115348,51.773791,On or near Fir Way,E01021988,Tendring 018A,Anti-social behaviour,,
,2014-08,Essex Police,Essex Police,1.098529,51.772922,On or near Belsize Avenue,E01021988,Tendring 018A,Anti-social behaviour,,
f2d5718fb3e2a4f4a5993b91307e8c1e97e6ffa31f5c9555b8fd89ee0ce300fd,2014-08,Essex Police,Essex Police,1.098529,51.772922,On or near Belsize Avenue,E01021988,Tendring 018A,Bicycle theft,Investigation complete; no suspect identified,
749de0d23b5e09f477a47a25cdd2f3dabd09ac781dada55939f2bf21e2b7f695,2014-08,Essex Police,Essex Police,1.103289,51.773417,On or near Austin Avenue,E01021988,Tendring 018A,Burglary,Investigation complete; no suspect identified,
d40a2bffa5610ecbc3ffc283587c22e52a74fb98a075c81b258488c7d9bc4a66,2014-08,Essex Police,Essex Police,1.111780,51.773346,On or near Tamarisk Way,E01021988,Tendring 018A,Burglary,Investigation complete; no suspect identified,
cd86f05e238869413be1226d2b5ecf03f1319674a94bfeb697bf2811dbdf4f1d,2014-08,Essex Police,Essex Police,1.098529,51.772922,On or near Belsize Avenue,E01021988,Tendring 018A,Criminal damage and arson,Investigation complete; no suspect identified,
9cd15f1c992ef7cd681667b5e663565fda12ade71e3d9486c7f04daea0069a57,2014-08,Essex Police,Essex Police,1.107291,51.773626,On or near Wolseley Avenue,E01021988,Tendring 018A,Criminal damage and arson,Offender given suspended prison sentence,
1286a50fe32c568308cb88bfcd1d4d7437609c82ed972ead44f1f67d8c8eb75f,2014-08,Essex Police,Essex Police,1.111780,51.773346,On or near Tamarisk Way,E01021988,Tendring 018A,Criminal damage and arson,Under investigation,
dc2a46ad0fa8d6fb4377fa793d09ba91463b9b0fc5ed5aa053eb0f3e1711a9e6,2014-08,Essex Police,Essex Police,1.115348,51.773791,On or near Fir Way,E01021988,Tendring 018A,Drugs,Offender given a drugs possession warning,
e6d1e420c05779bb9d0c2a2205ab6701e73bf63a7ddb15a086d4dcc6038b3dcd,2014-08,Essex Police,Essex Police,1.111341,51.774122,On or near Sea Way,E01021988,Tendring 018A,Drugs,Under investigation,
08586c929782d87bf9d1488832c6bce80bebc6c27cf47c40dcdd22655248f348,2014-08,Essex Police,Essex Police,1.098529,51.772922,On or near Belsize Avenue,E01021988,Tendring 018A,Other theft,Investigation complete; no suspect identified,
58b980b4034e4378150865b435677406ed1fe6a06fcb4cb7300ee0b327e42a7d,2014-08,Essex Police,Essex Police,1.104573,51.773743,On or near Brooklands Gardens,E01021988,Tendring 018A,Other theft,Investigation complete; no suspect identified,
f75bce0ef7771087ac348957c1a7aa592d59f116a552508ba69e68784339224a,2014-08,Essex Police,Essex Police,1.111341,51.774122,On or near Sea Way,E01021988,Tendring 018A,Other theft,Investigation complete; no suspect identified,
8b21c9573a05a1bae51ea40eef15028e6d4164563b4a4f5294df74f150d60364,2014-08,Essex Police,Essex Police,1.120224,51.775109,On or near Sea Rosemary Way,E01021988,Tendring 018A,Possession of weapons,Under investigation,
8a5e8089c727e6aad8c560019c382370443c0977382a5b85e80887b0e7a96681,2014-08,Essex Police,Essex Police,1.108363,51.773625,On or near Swift Avenue,E01021988,Tendring 018A,Public order,Under investigation,
f2e90b090ba1cd0a057e9b12679a6be328d7c9d9d7bcaee45f2135864f682652,2014-08,Essex Police,Essex Police,1.111341,51.774122,On or near Sea Way,E01021988,Tendring 018A,Public order,Under investigation,
08de5009d6a4e3539ab71bfb124479a514735472545154c8c11493c81e257b07,2014-08,Essex Police,Essex Police,1.113117,51.775073,On or near Gorse Way,E01021988,Tendring 018A,Robbery,Under investigation,
3faf5e9cd388c85341d286499635d7d4c4c9e008c214e54e878524879f27bd9d,2014-08,Essex Police,Essex Police,1.098529,51.772922,On or near Belsize Avenue,E01021988,Tendring 018A,Vehicle crime,Investigation complete; no suspect identified,
2d30bc972dbcb054beb9d9c9b3d22be3b2c6ad717505a50e282a4563f8e86d51,2014-08,Essex Police,Essex Police,1.115348,51.773791,On or near Fir Way,E01021988,Tendring 018A,Violence and sexual offences,Unable to prosecute suspect,
7f241d2529d3546a029a07f6b919a38dfae5d6d2373bdfb1efac7416233d911c,2014-08,Essex Police,Essex Police,1.113477,51.774407,On or near Yew Way,E01021988,Tendring 018A,Violence and sexual offences,Under investigation,
a7203be34c52e0b8faea7954cb99795c8427e02bfa8b44c6b3ff848c404ee877,2014-08,Essex Police,Essex Police,1.098529,51.772922,On or near Belsize Avenue,E01021988,Tendring 018A,Violence and sexual offences,Under investigation,
2cd1230045ddcd62b68ec4f9f07176c85e0e4d5eb90629c240b4d1668e50b79d,2014-08,Essex Police,Essex Police,1.111780,51.773346,On or near Tamarisk Way,E01021988,Tendring 018A,Violence and sexual offences,Under investigation,
68c13e216036279ba78575d50dbe5795ac21a092fd5b0aa06c3dab947ee1886b,2014-08,Essex Police,Essex Police,1.098529,51.772922,On or near Belsize Avenue,E01021988,Tendring 018A,Violence and sexual offences,Awaiting court outcome,
700b98ac832fa5d5de5ffe7a820bb20273da8033864cd74d420d162df3918c50,2014-08,Essex Police,Essex Police,1.102239,51.773319,On or near Humber Avenue,E01021988,Tendring 018A,Violence and sexual offences,Under investigation,
1c2035830482cc1d08e3fe225532876eacf8656e670a142014bb3d1f56a06903,2014-08,Essex Police,Essex Police,1.111341,51.774122,On or near Sea Way,E01021988,Tendring 018A,Violence and sexual offences,Under investigation,
30d45e154196d22c847b32a821b358664e25a6623aeed780ebf4a5785c670bd9,2014-08,Essex Police,Essex Police,1.113848,51.773264,On or near Beach Way,E01021988,Tendring 018A,Violence and sexual offences,Under investigation,
48ddbec695f6629b87b09379cb5137c053f1113ef4109447ef0208d1c8311ddf,2014-08,Essex Police,Essex Police,1.102438,51.774960,On or near Triumph Avenue,E01021988,Tendring 018A,Violence and sexual offences,Under investigation,
3cf2d60190557240a2d0eb551540d305591998bb3e9e7590b41ab5220599caa3,2014-08,Essex Police,Essex Police,1.098529,51.772922,On or near Belsize Avenue,E01021988,Tendring 018A,Violence and sexual offences,Under investigation,
70c518ee6680d65ec2aabcb9d42e0e04f49a9a00d49db89305ed344c8f42b1b9,2014-08,Essex Police,Essex Police,1.113477,51.774407,On or near Yew Way,E01021988,Tendring 018A,Violence and sexual offences,Under investigation,
e5593273482b6ecf016d48b36e26a60005fcee84417da5c468aa6ac5814e2273,2014-08,Essex Police,Essex Police,1.102438,51.774960,On or near Triumph Avenue,E01021988,Tendring 018A,Violence and sexual offences,Under investigation,
168d0917211c8461cbf06fb48a3f64efd8a314630d808280d3a4169942ee00bc,2014-08,Essex Police,Essex Police,1.098529,51.772922,On or near Belsize Avenue,E01021988,Tendring 018A,Violence and sexual offences,Under investigation,
520a972fdcbfae1ebafc9671ccb2876e2b01551d4066671cf773e531ab852bad,2014-08,Essex Police,Essex Police,1.118419,51.774582,On or near Sea Lavender Way,E01021988,Tendring 018A,Violence and sexual offences,Under investigation,
4de55f50c81a90136dc988984140153d75459640c60bf04a3343f46239b3681a,2014-08,Essex Police,Essex Police,1.104573,51.773743,On or near Brooklands Gardens,E01021988,Tendring 018A,Violence and sexual offences,Under investigation,
,2014-08,Essex Police,Essex Police,1.111159,51.785594,On or near The Acorons,E01021989,Tendring 018B,Anti-social behaviour,,
,2014-08,Essex Police,Essex Police,1.115433,51.786587,On or near Somerset Way,E01021989,Tendring 018B,Anti-social behaviour,,
29ed81d93fbf9d9ca2253864509b0932cf0cc18ecb09e85d42cfef057eacf101,2014-08,Essex Police,Essex Police,1.117974,51.788939,On or near Oak Avenue,E01021989,Tendring 018B,Bicycle theft,Investigation complete; no suspect identified,
b2655c6b6bf122c03bf99a28adabfd1b3eea906e11835291c8228b28913ee11a,2014-08,Essex Police,Essex Police,1.117974,51.788939,On or near Oak Avenue,E01021989,Tendring 018B,Bicycle theft,Under investigation,
49f81d9241e1f913b7097043b4a0df8b887cc641cca2e5d7d9903fe62d7292bd,2014-08,Essex Police,Essex Police,1.117974,51.788939,On or near Oak Avenue,E01021989,Tendring 018B,Public order,Awaiting court outcome,
,2014-08,Essex Police,Essex Police,1.120627,51.777167,On or near Garden Road,E01021990,Tendring 018C,Anti-social behaviour,,
,2014-08,Essex Police,Essex Police,1.117110,51.775993,On or near Meadow Way,E01021990,Tendring 018C,Anti-social behaviour,,
,2014-08,Essex Police,Essex Police,1.119841,51.778600,On or near Jasmine Way,E01021990,Tendring 018C,Anti-social behaviour,,
,2014-08,Essex Police,Essex Police,1.120627,51.777167,On or near Garden Road,E01021990,Tendring 018C,Anti-social behaviour,,
,2014-08,Essex Police,Essex Police,1.117110,51.775993,On or near Meadow Way,E01021990,Tendring 018C,Anti-social behaviour,,
,2014-08,Essex Police,Essex Police,1.120627,51.777167,On or near Garden Road,E01021990,Tendring 018C,Anti-social behaviour,,
b9eaf3f6caba339b93605a332c21c03058cbf7b7624a65504b16498f2664cb70,2014-08,Essex Police,Essex Police,1.117110,51.775993,On or near Meadow Way,E01021990,Tendring 018C,Burglary,Unable to prosecute suspect,
295e4a5410f448f937ed445c7364c334c00ad9a4c5027718f56d23d76ada89ea,2014-08,Essex Police,Essex Police,1.119841,51.778600,On or near Jasmine Way,E01021990,Tendring 018C,Criminal damage and arson,Under investigation,
cd28d25e5096303634f7a7a8a24843e25226a29209ae5f3e39d0fe215b2ef00c,2014-08,Essex Police,Essex Police,1.120743,51.779053,On or near Golf Green Road,E01021990,Tendring 018C,Vehicle crime,Investigation complete; no suspect identified,
b4d4b96a9df5e976109900b088e3dcc3049ecb34db3189e73fdda3e341deb0d5,2014-08,Essex Police,Essex Police,1.120627,51.777167,On or near Garden Road,E01021990,Tendring 018C,Violence and sexual offences,Awaiting court outcome,
ebe464905fa9ec3d135c82fd075938ddd197e087d79011e4c26a9e8082d88865,2014-08,Essex Police,Essex Police,1.117110,51.775993,On or near Meadow Way,E01021990,Tendring 018C,Violence and sexual offences,Under investigation,
7cf3584d6d2cc643aae44e491d3ad5b7a5ac3dfe17a271f8b9c2c0e31019d578,2014-08,Essex Police,Essex Police,1.117110,51.775993,On or near Meadow Way,E01021990,Tendring 018C,Violence and sexual offences,Under investigation,
61032d47c912d4c8b39d8f97c0e6c0fdeefa2fc2f4e93921e1f4d8bb1a384597,2014-08,Essex Police,Essex Police,1.117110,51.775993,On or near Meadow Way,E01021990,Tendring 018C,Violence and sexual offences,Unable to prosecute suspect,
,2014-08,Essex Police,Essex Police,1.085171,51.776242,On or near Seaview Road,E01022045,Tendring 018D,Anti-social behaviour,,
,2014-08,Essex Police,Essex Police,1.085171,51.776242,On or near Seaview Road,E01022045,Tendring 018D,Anti-social behaviour,,
,2014-08,Essex Police,Essex Police,1.085171,51.776242,On or near Seaview Road,E01022045,Tendring 018D,Anti-social behaviour,,
,2014-08,Essex Police,Essex Police,1.085171,51.776242,On or near Seaview Road,E01022045,Tendring 018D,Anti-social behaviour,,
,2014-08,Essex Police,Essex Police,1.083978,51.799559,On or near Rochford Road,E01022045,Tendring 018D,Anti-social behaviour,,
,2014-08,Essex Police,Essex Police,1.085171,51.776242,On or near Seaview Road,E01022045,Tendring 018D,Anti-social behaviour,,
,2014-08,Essex Police,Essex Police,1.080067,51.800696,On or near Kincaid Road,E01022045,Tendring 018D,Anti-social behaviour,,
,2014-08,Essex Police,Essex Police,1.082635,51.774555,On or near Links Road,E01022045,Tendring 018D,Anti-social behaviour,,
,2014-08,Essex Police,Essex Police,1.083978,51.799559,On or near Rochford Road,E01022045,Tendring 018D,Anti-social behaviour,,
,2014-08,Essex Police,Essex Police,1.081182,51.803860,On or near Newton Way,E01022045,Tendring 018D,Anti-social behaviour,,
,2014-08,Essex Police,Essex Police,1.079775,51.801315,On or near Castle Way,E01022045,Tendring 018D,Anti-social behaviour,,
,2014-08,Essex Police,Essex Police,1.087300,51.775566,On or near Seawick Holiday Park,E01022045,Tendring 018D,Anti-social behaviour,,
,2014-08,Essex Police,Essex Police,1.083978,51.799559,On or near Rochford Road,E01022045,Tendring 018D,Anti-social behaviour,,
,2014-08,Essex Police,Essex Police,1.083978,51.799559,On or near Rochford Road,E01022045,Tendring 018D,Anti-social behaviour,,
,2014-08,Essex Police,Essex Police,1.085171,51.776242,On or near Seaview Road,E01022045,Tendring 018D,Anti-social behaviour,,
,2014-08,Essex Police,Essex Police,1.082635,51.774555,On or near Links Road,E01022045,Tendring 018D,Anti-social behaviour,,
1072272e61fd393108481d8c4145d553027e5ef8e37735b3c861b4f2856c47a8,2014-08,Essex Police,Essex Police,1.080733,51.801317,On or near Maypole Drive,E01022045,Tendring 018D,Bicycle theft,Offender fined,
783b0bae6e33ba743872b8751548e45ff1c9eeb7e7ecb8a05276f85b8684144a,2014-08,Essex Police,Essex Police,1.079991,51.797253,On or near Spring Road,E01022045,Tendring 018D,Burglary,Under investigation,
0e03b237f2a425c63e3a0eb6a6580124b01dc46e17934a2de4a5e72d55a70a83,2014-08,Essex Police,Essex Police,1.085171,51.776242,On or near Seaview Road,E01022045,Tendring 018D,Burglary,Under investigation,
c00657b34fe5645aae994d1cf46729c98ef6cd9b77350080aaa07a1b423a8c84,2014-08,Essex Police,Essex Police,1.087300,51.775566,On or near Seawick Holiday Park,E01022045,Tendring 018D,Criminal damage and arson,Investigation complete; no suspect identified,
55adbb2f912a06fbc5bd43bb26b3c9bd72756334fe2ad3c06557d0d8d5a31094,2014-08,Essex Police,Essex Police,1.085171,51.776242,On or near Seaview Road,E01022045,Tendring 018D,Criminal damage and arson,Investigation complete; no suspect identified,
3c5a2dd824252c9097d71727f831c1c30e489ea334930b53572df67b2c1639fb,2014-08,Essex Police,Essex Police,1.087300,51.775566,On or near Seawick Holiday Park,E01022045,Tendring 018D,Criminal damage and arson,Investigation complete; no suspect identified,
dcee1baa3ff405e0d556e354d02edd9466d83280229bffae7a2cb312ba9274aa,2014-08,Essex Police,Essex Police,1.085171,51.776242,On or near Seaview Road,E01022045,Tendring 018D,Criminal damage and arson,Under investigation,
27e0caa3e461e6a069ea1cda398c15931491277b354fa0acc97df7542d3cf060,2014-08,Essex Police,Essex Police,1.087300,51.775566,On or near Seawick Holiday Park,E01022045,Tendring 018D,Criminal damage and arson,Investigation complete; no suspect identified,
5fe779ee0933b47040bf47cc7f459df694f8cc329a1db294649b10a55c490b89,2014-08,Essex Police,Essex Police,1.083978,51.799559,On or near Rochford Road,E01022045,Tendring 018D,Criminal damage and arson,Under investigation,
89b469d6949206d175c13a83380327a6426726b8e66203f47897984845c2bf43,2014-08,Essex Police,Essex Police,1.085171,51.776242,On or near Seaview Road,E01022045,Tendring 018D,Criminal damage and arson,Investigation complete; no suspect identified,
4603bd47b4f4da5a2fec343797f7466faa07b1d848f1ddabcc97b5ed35696cbc,2014-08,Essex Police,Essex Police,1.088182,51.796759,On or near Daltes Lane,E01022045,Tendring 018D,Drugs,Awaiting court outcome,
9225395aff1236f1065ee2a54d42965fbea4519d110da66df038a1b9eaef9c25,2014-08,Essex Police,Essex Police,1.085171,51.776242,On or near Seaview Road,E01022045,Tendring 018D,Drugs,Offender given a drugs possession warning,
0c50f1a628812417cc4fcb136d7e82380acf167f5401154cec934bed71b79129,2014-08,Essex Police,Essex Police,1.085171,51.776242,On or near Seaview Road,E01022045,Tendring 018D,Other theft,Investigation complete; no suspect identified,
9305b1c9b9dbc27de28060053c8e593c6548b0d627a66039ddd4bcdfe45c8ce3,2014-08,Essex Police,Essex Police,1.085171,51.776242,On or near Seaview Road,E01022045,Tendring 018D,Other theft,Investigation complete; no suspect identified,
5b4dc226a80fd128cee8c040a99128b42702df4c2b4fff362e6aad70f00b5176,2014-08,Essex Police,Essex Police,1.087300,51.775566,On or near Seawick Holiday Park,E01022045,Tendring 018D,Other theft,Under investigation,
f191857d5743c436b7ccbd10541fad6cc384006d4bbad0cb92a464b89b588a2b,2014-08,Essex Police,Essex Police,1.085171,51.776242,On or near Seaview Road,E01022045,Tendring 018D,Other theft,Under investigation,
3d401761cdf539eef038de4de465a6c12a843ab44d2acc0d705721a2f8dd71ff,2014-08,Essex Police,Essex Police,1.087300,51.775566,On or near Seawick Holiday Park,E01022045,Tendring 018D,Other theft,Investigation complete; no suspect identified,
65fce86a540ba77f7aad2c134ef1938d3c8e7c6b5ed7b1e2b04f4ed842d428ab,2014-08,Essex Police,Essex Police,1.087300,51.775566,On or near Seawick Holiday Park,E01022045,Tendring 018D,Public order,Investigation complete; no suspect identified,
a12334f7ab39331821f6479cfc5e0c900f29347d577af3fbc1947cfc41fb7bdf,2014-08,Essex Police,Essex Police,1.085171,51.776242,On or near Seaview Road,E01022045,Tendring 018D,Public order,Under investigation,
5bca3b0a02f1b909359323121bd7fa85b8df5b1f48f25b1aeabb5afb9a995d63,2014-08,Essex Police,Essex Police,1.083978,51.799559,On or near Rochford Road,E01022045,Tendring 018D,Robbery,Investigation complete; no suspect identified,
85d767afab114873293e596b1d88759dc533ede66606a3b7c2cf45eac8ad8483,2014-08,Essex Police,Essex Police,1.085171,51.776242,On or near Seaview Road,E01022045,Tendring 018D,Theft from the person,Under investigation,
2a8239cc020634ae735dc7055407fb5f3087a82171ae2095ec89c11f9b871677,2014-08,Essex Police,Essex Police,1.087300,51.775566,On or near Seawick Holiday Park,E01022045,Tendring 018D,Violence and sexual offences,Unable to prosecute suspect,
7521456b72c539a7dcf0ec66ac0cadc466c4fc00b4758a72f8a7258ab1ea6884,2014-08,Essex Police,Essex Police,1.085171,51.776242,On or near Seaview Road,E01022045,Tendring 018D,Violence and sexual offences,Under investigation,
53718b43f4a68d3b2a919b61f2fc26b6f8fe10d8b32f19097f2bd5181cfddfa7,2014-08,Essex Police,Essex Police,1.085171,51.776242,On or near Seaview Road,E01022045,Tendring 018D,Violence and sexual offences,Awaiting court outcome,
27988e5f89603347b8c759d8c2798b68f05c0df84fd9a5a1cf94f8b181c09834,2014-08,Essex Police,Essex Police,1.085171,51.776242,On or near Seaview Road,E01022045,Tendring 018D,Violence and sexual offences,Unable to prosecute suspect,
6af322247d4ec27184d49d6a9568ac40d1939fe8a08949640dafd6f917a1ed07,2014-08,Essex Police,Essex Police,1.078420,51.797186,On or near King'S Close,E01022045,Tendring 018D,Violence and sexual offences,Investigation complete; no suspect identified,
4ca2760e1010471c0670add48fb1debbc5d31a2f5b29d252a67415f5bce4edf2,2014-08,Essex Police,Essex Police,1.085171,51.776242,On or near Seaview Road,E01022045,Tendring 018D,Violence and sexual offences,Under investigation,
51263762014ce4e341dd4cf87d74d5db7371b3490beb0b0a2f9e0f0921cd8c73,2014-08,Essex Police,Essex Police,1.090792,51.785718,On or near Cockett Wick Lane,E01022045,Tendring 018D,Violence and sexual offences,Unable to prosecute suspect,
e596aec4fd146b36e28b1c3409173923933cb90daff188b180b447c4fef5ee04,2014-08,Essex Police,Essex Police,1.090792,51.785718,On or near Cockett Wick Lane,E01022045,Tendring 018D,Violence and sexual offences,Investigation complete; no suspect identified,
fde767b9dc67d9e84815b445ffe3500eab37953794a92cccf48aca8839437702,2014-08,Essex Police,Essex Police,1.087300,51.775566,On or near Seawick Holiday Park,E01022045,Tendring 018D,Violence and sexual offences,Offender given a caution,
d182121ef64ec8cde01bc5a5b2c64e478a6ac8a656fe119f75b0197416c59ed3,2014-08,Essex Police,Essex Police,1.085171,51.776242,On or near Seaview Road,E01022045,Tendring 018D,Violence and sexual offences,Under investigation,
bd4c5f49f00faf8f28912ffa0804e6631956de6541b0e2ee720e950fe20f53e4,2014-08,Essex Police,Essex Police,1.083186,51.798788,On or near Clinton Close,E01022045,Tendring 018D,Violence and sexual offences,Under investigation,
,2014-08,Essex Police,Essex Police,1.075399,51.813734,On or near Oaklands Holiday Park,E01022047,Tendring 018E,Anti-social behaviour,,
69a53eeb876ac7dae481f46c2574dbfa0989d30c101eb208bb85d9968a87cd6c,2014-08,Essex Police,Essex Police,1.116152,51.831071,On or near Rectory Road,E01022047,Tendring 018E,Burglary,Under investigation,
70df5d7d5f6c64c55f0896a701ec1000f1fd95deaabd13b2f299fa7671f28823,2014-08,Essex Police,Essex Police,1.115898,51.837688,On or near Airport/Airfield,E01022047,Tendring 018E,Burglary,Investigation complete; no suspect identified,
62ff0fdc98a576623006829bd0e3073f6573f9ec0d5394c0a867873639347663,2014-08,Essex Police,Essex Police,1.116152,51.831071,On or near Rectory Road,E01022047,Tendring 018E,Criminal damage and arson,Investigation complete; no suspect identified,
aaf567a6c7eb9e2ee89ac67f72e8a4a7e3d49272508f4b9bce8cb5fe72c471a8,2014-08,Essex Police,Essex Police,1.066463,51.797967,On or near Parking Area,E01022047,Tendring 018E,Other theft,Under investigation,
1bc8a3e9b6e96e768dd1c689c3c6432c304b2531a06482bf285ce918918b5bbb,2014-08,Essex Police,Essex Police,1.076904,51.798782,On or near Church Square,E01022047,Tendring 018E,Possession of weapons,Offender given community sentence,
5fcfe963112b03f87a4c5f9d1257a82ab5c269a8a7a6adbe7c0422e7655a128f,2014-08,Essex Police,Essex Police,1.078696,51.798465,On or near Chapel Lane,E01022047,Tendring 018E,Violence and sexual offences,Under investigation,
fb53f0c9d64e969b190229efbb2830cc8b70a87611292ffe44ee2b5770247f5b,2014-08,Essex Police,Essex Police,1.075399,51.813734,On or near Oaklands Holiday Park,E01022047,Tendring 018E,Violence and sexual offences,Under investigation,
49713ea36abba8963f2edf019d9859acd70da844cbbc6378dfa2f4b296c5fb24,2014-08,Essex Police,Essex Police,1.075399,51.813734,On or near Oaklands Holiday Park,E01022047,Tendring 018E,Violence and sexual offences,Under investigation,
5943804bcb95214cae318b9545e0e00bf129f48887d1346cb720c47efdb334f6,2014-08,Essex Police,Essex Police,1.105809,51.822522,On or near Heath Road,E01022047,Tendring 018E,Violence and sexual offences,Investigation complete; no suspect identified,
60bde427264407b31d081347993ec681ae860ccd1978a931fc53371c93ceb4d0,2014-08,Essex Police,Essex Police,1.116152,51.831071,On or near Rectory Road,E01022047,Tendring 018E,Violence and sexual offences,Under investigation,
90967c6ab29208d1c64583915ff47261fd8904bedb569a253101d2402aaaee7c,2014-08,Essex Police,Essex Police,0.457815,51.530680,On or near Fernside Close,E01015943,Thurrock 001A,Burglary,Investigation complete; no suspect identified,
914a539d8847ef7cbe8d96e7604b11e464f70fb9e39e5a94429a934a4fb00de5,2014-08,Essex Police,Essex Police,0.452172,51.543992,On or near Park Gate Road,E01015943,Thurrock 001A,Vehicle crime,Under investigation,
6e6cd611dc1d6c3a7f2b6ae9137a2d6b642142f04d3ab3f8f55b35b8570badde,2014-08,Essex Police,Essex Police,0.459777,51.526421,On or near Petrol Station,E01015943,Thurrock 001A,Vehicle crime,Under investigation,
272bb1168072d72cfeb51fbdd78f48730911557cdb998398b6beb6c076d8d6b3,2014-08,Essex Police,Essex Police,0.454913,51.527917,On or near Arundel Drive,E01015943,Thurrock 001A,Vehicle crime,Awaiting court outcome,
,2014-08,Essex Police,Essex Police,0.459937,51.532066,On or near Birchwood Road,E01015944,Thurrock 001B,Anti-social behaviour,,
7761803cb3c529861a1008ed823b6cda073a13c4554f4bf5437753054187b816,2014-08,Essex Police,Essex Police,0.461853,51.531486,On or near Langdon Way,E01015944,Thurrock 001B,Vehicle crime,Awaiting court outcome,
,2014-08,Essex Police,Essex Police,0.465513,51.527443,On or near Sports/Recreation Area,E01015946,Thurrock 001C,Anti-social behaviour,,
511264811a4bcd458337ebec8191b666cafd84ed3adf189b5506bda96a23ff16,2014-08,Essex Police,Essex Police,0.473041,51.529866,On or near The Avenue,E01015946,Thurrock 001C,Criminal damage and arson,Investigation complete; no suspect identified,
b8615fabb3f7d04eeb6c3584c6d102ce5441725a509effa511af6c0a7d94ed72,2014-08,Essex Police,Essex Police,0.471328,51.534452,On or near Waterworks Lane,E01015946,Thurrock 001C,Drugs,Under investigation,
a2cc661c84d8e71b8bf1aad6569430bb681624eecd9d574cb733990c29b9480e,2014-08,Essex Police,Essex Police,0.471328,51.534452,On or near Waterworks Lane,E01015946,Thurrock 001C,Drugs,Under investigation,
5c02bea31ff04f099e1709c061df4cd7fb48fdf08d375054d9d54e049e06c1bd,2014-08,Essex Police,Essex Police,0.462089,51.526238,On or near Burr'S Way,E01015946,Thurrock 001C,Vehicle crime,Under investigation,
358ed0672608f86fec7434a7b1ddc3509be37fb4de642786ee96575add130678,2014-08,Essex Police,Essex Police,0.462089,51.526238,On or near Burr'S Way,E01015946,Thurrock 001C,Vehicle crime,Investigation complete; no suspect identified,
a1b9c0c4ba6e58b3f41d201c903235be70981148273bd74372a0f9a93b21405c,2014-08,Essex Police,Essex Police,0.471303,51.537178,On or near High Road,E01015946,Thurrock 001C,Violence and sexual offences,Awaiting court outcome,
,2014-08,Essex Police,Essex Police,0.457007,51.523979,On or near Giffords Cross Road,E01015945,Thurrock 002A,Anti-social behaviour,,
,2014-08,Essex Police,Essex Police,0.457772,51.525330,On or near Laburnum Drive,E01015945,Thurrock 002A,Anti-social behaviour,,
,2014-08,Essex Police,Essex Police,0.463136,51.523203,On or near Church Road,E01015945,Thurrock 002A,Anti-social behaviour,,
,2014-08,Essex Police,Essex Police,0.455077,51.526151,On or near Giffords Cross Avenue,E01015945,Thurrock 002A,Anti-social behaviour,,
,2014-08,Essex Police,Essex Police,0.457007,51.523979,On or near Giffords Cross Road,E01015945,Thurrock 002A,Anti-social behaviour,,
,2014-08,Essex Police,Essex Police,0.463136,51.523203,On or near Church Road,E01015945,Thurrock 002A,Anti-social behaviour,,
f84708a742f6f6524f7ebc47a20e9992c089a3b5a6b08d0435154758eac3041a,2014-08,Essex Police,Essex Police,0.461912,51.524560,On or near Church Road,E01015945,Thurrock 002A,Burglary,Under investigation,
2d5a119b5220797ff32fd241fab8bd757f7650953c7bddc22c363a1a4e3d0b0b,2014-08,Essex Police,Essex Police,0.465923,51.525951,On or near Clarence Road,E01015945,Thurrock 002A,Criminal damage and arson,Under investigation,
ca05c4f9097a1d4e0f33f5b37a8f54e4cd1b20a755c27c45f198e9de0ccaa788,2014-08,Essex Police,Essex Police,0.462141,51.524798,On or near Petrol Station,E01015945,Thurrock 002A,Other theft,Under investigation,
5d14973f9f5d2ed7a8d866a95e0b1bab7d09d4675ea9194cd3e20a37197d7967,2014-08,Essex Police,Essex Police,0.458347,51.524752,On or near Harris Close,E01015945,Thurrock 002A,Vehicle crime,Under investigation,
96bd82146c0d18acb67e6332e1ea9e1fa8d6d4cebc20e6a21f1113cca87ed07f,2014-08,Essex Police,Essex Police,0.465923,51.525951,On or near Clarence Road,E01015945,Thurrock 002A,Violence and sexual offences,Unable to prosecute suspect,
bb39e506c532a7d83f689dbbe12a8e726a15b4748cd1afd1d5a4af6f68261130,2014-08,Essex Police,Essex Police,0.465923,51.525951,On or near Clarence Road,E01015945,Thurrock 002A,Violence and sexual offences,Offender given community sentence,
0976d622d60d98b9934b3f5ba029050379db96682632ebf8b2d4dad1c43bca11,2014-08,Essex Police,Essex Police,0.465923,51.525951,On or near Clarence Road,E01015945,Thurrock 002A,Violence and sexual offences,Offender given community sentence,
2c72ac348e102df90fc02fc7f67bd983383543d822f87ae7146970009b07c05d,2014-08,Essex Police,Essex Police,0.465923,51.525951,On or near Clarence Road,E01015945,Thurrock 002A,Violence and sexual offences,Under investigation,
9a089d141c6f8c461b8ac310ec7db3eb8fd4cf6074809a5a7860d91dd576cd3c,2014-08,Essex Police,Essex Police,0.465923,51.525951,On or near Clarence Road,E01015945,Thurrock 002A,Violence and sexual offences,Under investigation,
,2014-08,Essex Police,Essex Police,0.446107,51.521266,On or near Bishops Road,E01015983,Thurrock 002B,Anti-social behaviour,,
,2014-08,Essex Police,Essex Police,0.446107,51.521266,On or near Bishops Road,E01015983,Thurrock 002B,Anti-social behaviour,,
,2014-08,Essex Police,Essex Police,0.447261,51.525586,On or near St Johns Mews,E01015983,Thurrock 002B,Anti-social behaviour,,
,2014-08,Essex Police,Essex Police,0.446514,51.523740,On or near Gordon Road,E01015983,Thurrock 002B,Anti-social behaviour,,
,2014-08,Essex Police,Essex Police,0.446514,51.523740,On or near Gordon Road,E01015983,Thurrock 002B,Anti-social behaviour,,
,2014-08,Essex Police,Essex Police,0.446107,51.521266,On or near Bishops Road,E01015983,Thurrock 002B,Anti-social behaviour,,
,2014-08,Essex Police,Essex Police,0.448188,51.524586,On or near Supermarket,E01015983,Thurrock 002B,Anti-social behaviour,,
48adfcdd2dc9a397dcb97c1b71687b338d47e64d4fa4ce584baecd51f6529480,2014-08,Essex Police,Essex Police,0.449629,51.522425,On or near Goldsmiths Avenue,E01015983,Thurrock 002B,Burglary,Awaiting court outcome,
e1b5be4b4019643460280887740ea2d79beab1ce0039f910df124a355854cf32,2014-08,Essex Police,Essex Police,0.448654,51.520907,On or near The Acres,E01015983,Thurrock 002B,Burglary,Awaiting court outcome,
c55e44c20c00c5c8eac537e897e4e44f8eabdceb3ed5a4cef80c1997c9248814,2014-08,Essex Police,Essex Police,0.450438,51.521653,On or near The Geerings,E01015983,Thurrock 002B,Burglary,Awaiting court outcome,
c8ad143414073da7a10ec0d5e14b867a5f2c70ad0199334e6e4fb335f5d2cecf,2014-08,Essex Police,Essex Police,0.449290,51.521470,On or near Warburtons,E01015983,Thurrock 002B,Criminal damage and arson,Under investigation,
c6ec20f9c107581bf48354475581d3fe0ea2c3175dab1a1e61cdd6f4fa4dda3e,2014-08,Essex Police,Essex Police,0.447208,51.525119,On or near St John'S Way,E01015983,Thurrock 002B,Shoplifting,Under investigation,
dfe1d688fe350586d0800f0bf8e2e2ee759049887eae7fcf713176fab9b36426,2014-08,Essex Police,Essex Police,0.445982,51.524839,On or near Parking Area,E01015983,Thurrock 002B,Shoplifting,Under investigation,
dc83eaaf8edeb088d6a4a5ab4fe5a337885a2db954bb8426588ec99b40ec3c32,2014-08,Essex Police,Essex Police,0.448654,51.520907,On or near The Acres,E01015983,Thurrock 002B,Vehicle crime,Under investigation,
95e4edc27b70a052c551d1600f7db16ec772525c0de4051b891b9d5d9da7eb9e,2014-08,Essex Police,Essex Police,0.445411,51.521452,On or near Allensway,E01015983,Thurrock 002B,Vehicle crime,Under investigation,
,2014-08,Essex Police,Essex Police,0.451083,51.528555,On or near Oxwich Close,E01015987,Thurrock 002C,Anti-social behaviour,,
,2014-08,Essex Police,Essex Police,0.452122,51.527769,On or near Parkmill Close,E01015987,Thurrock 002C,Anti-social behaviour,,
9c61e75819b054462f9b5a8990f5dade8263837437c2b03bddcfab2f559ff3f9,2014-08,Essex Police,Essex Police,0.451083,51.528555,On or near Oxwich Close,E01015987,Thurrock 002C,Criminal damage and arson,Investigation complete; no suspect identified,
6c686a908446e4cc696947ac7885b453de535fae4f96de71610dc3f677e8a96b,2014-08,Essex Police,Essex Police,0.449703,51.529177,On or near Limeslade Close,E01015987,Thurrock 002C,Violence and sexual offences,Under investigation,
,2014-08,Essex Police,Essex Police,0.443692,51.526515,On or near Pedestrian Subway,E01015988,Thurrock 002D,Anti-social behaviour,,
,2014-08,Essex Police,Essex Police,0.442860,51.525237,On or near Briceway,E01015988,Thurrock 002D,Anti-social behaviour,,
,2014-08,Essex Police,Essex Police,0.442860,51.525237,On or near Briceway,E01015988,Thurrock 002D,Anti-social behaviour,,
97bfd54a746de80be67e689068ac54c893728588d16b0359974269f2bb85aa18,2014-08,Essex Police,Essex Police,0.449493,51.527410,On or near Langland Close,E01015988,Thurrock 002D,Criminal damage and arson,Investigation complete; no suspect identified,
3362deddb0072cf0619f92452662233a5d3484e0a964d65d521f7fd078e62ee8,2014-08,Essex Police,Essex Police,0.444694,51.527438,On or near Bellmaine Avenue,E01015988,Thurrock 002D,Violence and sexual offences,Under investigation,
be2a769903626ef41b0aec61a6edcd1f409067c317d047c3f5105740ac45a544,2014-08,Essex Police,Essex Police,0.444530,51.528152,On or near Crofton Avenue,E01015988,Thurrock 002D,Violence and sexual offences,Offender given a caution,
,2014-08,Essex Police,Essex Police,0.446391,51.531935,On or near Ashdown Close,E01015998,Thurrock 002E,Anti-social behaviour,,
58b09c6b52316986ed23d46f8c3ffac27a5f30e07ad098a41cd481cb4cf6d6e6,2014-08,Essex Police,Essex Police,0.445241,51.530655,On or near Supermarket,E01015998,Thurrock 002E,Shoplifting,Under investigation,
8e36b64d78b18d0d0d9d219953b020e51b1ae3339c0b24c35ca6b59431b67005,2014-08,Essex Police,Essex Police,0.446391,51.531935,On or near Ashdown Close,E01015998,Thurrock 002E,Vehicle crime,Investigation complete; no suspect identified,
ce2cfb7f78af837fc3588b48357da9dc2160ca87ab29ee4e316c4d605f6a2464,2014-08,Essex Police,Essex Police,0.445241,51.530655,On or near Supermarket,E01015998,Thurrock 002E,Vehicle crime,Under investigation,
,2014-08,Essex Police,Essex Police,0.438046,51.523377,On or near St James Avenue West,E01015984,Thurrock 003A,Anti-social behaviour,,
45b24610999675cccfba8e22b4c14dc58af3e2c7ccb640e74f955899dcc69991,2014-08,Essex Police,Essex Police,0.439811,51.524302,On or near St James Avenue East,E01015984,Thurrock 003A,Criminal damage and arson,Under investigation,
f5683b4b667715b47d29e25495fc76657c008107530b2729d6f9677d406a0c19,2014-08,Essex Police,Essex Police,0.440804,51.525882,On or near Springhouse Road,E01015984,Thurrock 003A,Vehicle crime,Investigation complete; no suspect identified,
a1458952ed35bae468ca4f13f8ea6de4b8672f36783483e388743bf42d1e7b13,2014-08,Essex Police,Essex Police,0.446791,51.521918,On or near Andersons,E01015984,Thurrock 003A,Vehicle crime,Under investigation,
,2014-08,Essex Police,Essex Police,0.437190,51.519500,On or near Aldrin Close,E01015985,Thurrock 003B,Anti-social behaviour,,
da09c7001fdcd9884981d479fb047e72094d01f7a21a5ea0bafdb8a4cf9ef06e,2014-08,Essex Police,Essex Police,0.442982,51.521853,On or near Markhams,E01015985,Thurrock 003B,Criminal damage and arson,Under investigation,
92148fe9d6e2a9574fe9cf8c5dc15133ccf5c679e2eb4a33bae6bed6dcb3d522,2014-08,Essex Police,Essex Police,0.442770,51.519249,On or near Canon Close,E01015985,Thurrock 003B,Shoplifting,Under investigation,
3e6f7d40906036dff9fb228092671cea94474b144997b4cc82d6e6042802c706,2014-08,Essex Police,Essex Police,0.445269,51.519341,On or near Whybrews,E01015985,Thurrock 003B,Vehicle crime,Awaiting court outcome,
7da1f837dc47fd81b24e80941885bdde4317bab77a01c99974eaf6fffa7da0ef,2014-08,Essex Police,Essex Police,0.442982,51.521853,On or near Markhams,E01015985,Thurrock 003B,Violence and sexual offences,Under investigation,
,2014-08,Essex Police,Essex Police,0.433287,51.520634,On or near Marjoram Close,E01015986,Thurrock 003C,Anti-social behaviour,,
,2014-08,Essex Police,Essex Police,0.434705,51.521009,On or near Wills Hill,E01015986,Thurrock 003C,Anti-social behaviour,,
,2014-08,Essex Police,Essex Police,0.434705,51.521009,On or near Wills Hill,E01015986,Thurrock 003C,Anti-social behaviour,,
,2014-08,Essex Police,Essex Police,0.436207,51.523496,On or near Golding Crescent,E01015986,Thurrock 003C,Anti-social behaviour,,
,2014-08,Essex Police,Essex Police,0.436248,51.523171,On or near Sage Mews,E01015986,Thurrock 003C,Anti-social behaviour,,
,2014-08,Essex Police,Essex Police,0.430750,51.520111,On or near Plaistow Close,E01015986,Thurrock 003C,Anti-social behaviour,,
35aeb867e373e137def4c96c331dbfe304fe07e5fe624a2d7205ac5b6455c7e6,2014-08,Essex Police,Essex Police,0.437740,51.521162,On or near Abbotts Drive,E01015986,Thurrock 003C,Criminal damage and arson,Investigation complete; no suspect identified,
83d6018b0d25a566ad8a91de3693a0b38f8441e6986987685f03773645f4744e,2014-08,Essex Police,Essex Police,0.436207,51.523496,On or near Golding Crescent,E01015986,Thurrock 003C,Robbery,Under investigation,
3bc64b5427df85260b0c653f470accc254c56bbd9db951cb21c85599d7cdb51b,2014-08,Essex Police,Essex Police,0.437740,51.521162,On or near Abbotts Drive,E01015986,Thurrock 003C,Vehicle crime,Investigation complete; no suspect identified,
95912378fa2beb2d8cdf7bb19d485b9b35413d96e8ba95ec720fc97c2a23191f,2014-08,Essex Police,Essex Police,0.437740,51.521162,On or near Abbotts Drive,E01015986,Thurrock 003C,Vehicle crime,Investigation complete; no suspect identified,
e6e4e29e13230df5462da23351fe3b9438a063bb7c1cc2b58617af742151d221,2014-08,Essex Police,Essex Police,0.435277,51.521995,On or near Nursery Road,E01015986,Thurrock 003C,Vehicle crime,Awaiting court outcome,
06665868c8281ebddd9015143add9073da99ef907e49b86de6f895308815352c,2014-08,Essex Police,Essex Police,0.436207,51.523496,On or near Golding Crescent,E01015986,Thurrock 003C,Violence and sexual offences,Under investigation,
891119eefef599267ca2f4476a106e8dacc56708576c14969e06e77427579744,2014-08,Essex Police,Essex Police,0.435277,51.521995,On or near Nursery Road,E01015986,Thurrock 003C,Violence and sexual offences,Under investigation,
53e6c97513622223cd5124abc1fc876f36a6f552bd870e908f0cc47727227840,2014-08,Essex Police,Essex Police,0.430750,51.520111,On or near Plaistow Close,E01015986,Thurrock 003C,Violence and sexual offences,Unable to prosecute suspect,
139f040aad164429b357829425ca0937ffe54dfb2c25a51fb24cce3f1fb03585,2014-08,Essex Police,Essex Police,0.435277,51.521995,On or near Nursery Road,E01015986,Thurrock 003C,Violence and sexual offences,Unable to prosecute suspect,
33dfb2398c4eb5f3908d7edf34b46d0e497cf4c1858830c75866cf5fe1dd9a91,2014-08,Essex Police,Essex Police,0.435277,51.521995,On or near Nursery Road,E01015986,Thurrock 003C,Violence and sexual offences,Under investigation,
6abee45b83aaae084340e2a3899539a0e47495aad1426aaa730907fff6f7cb66,2014-08,Essex Police,Essex Police,0.434705,51.521009,On or near Wills Hill,E01015986,Thurrock 003C,Other crime,Offender given a caution,
,2014-08,Essex Police,Essex Police,0.441227,51.514110,On or near Sports/Recreation Area,E01015990,Thurrock 003D,Anti-social behaviour,,
,2014-08,Essex Police,Essex Police,0.438576,51.516828,On or near Levett Road,E01015990,Thurrock 003D,Anti-social behaviour,,
,2014-08,Essex Police,Essex Police,0.438576,51.516828,On or near Levett Road,E01015990,Thurrock 003D,Anti-social behaviour,,
,2014-08,Essex Police,Essex Police,0.437857,51.516051,On or near Corringham Road,E01015990,Thurrock 003D,Anti-social behaviour,,
,2014-08,Essex Police,Essex Police,0.438576,51.516828,On or near Levett Road,E01015990,Thurrock 003D,Anti-social behaviour,,
,2014-08,Essex Police,Essex Police,0.438576,51.516828,On or near Levett Road,E01015990,Thurrock 003D,Anti-social behaviour,,
,2014-08,Essex Police,Essex Police,0.438576,51.516828,On or near Levett Road,E01015990,Thurrock 003D,Anti-social behaviour,,
,2014-08,Essex Police,Essex Police,0.440842,51.516897,On or near Abbotts Hall Chase,E01015990,Thurrock 003D,Anti-social behaviour,,
,2014-08,Essex Police,Essex Police,0.438576,51.516828,On or near Levett Road,E01015990,Thurrock 003D,Anti-social behaviour,,
,2014-08,Essex Police,Essex Police,0.438576,51.516828,On or near Levett Road,E01015990,Thurrock 003D,Anti-social behaviour,,
,2014-08,Essex Police,Essex Police,0.438576,51.516828,On or near Levett Road,E01015990,Thurrock 003D,Anti-social behaviour,,
,2014-08,Essex Police,Essex Police,0.438517,51.514922,On or near Burgess Avenue,E01015990,Thurrock 003D,Anti-social behaviour,,
3bfef9634aafcabc45e9ec92c31955001a648f6daa8698c093be2296df78a63d,2014-08,Essex Police,Essex Police,0.437857,51.516051,On or near Corringham Road,E01015990,Thurrock 003D,Other theft,Under investigation,
b54a2c75300e2e5ab12f9f167fdb03a37fdbe19cbe3d2b857ef8b43293a7020a,2014-08,Essex Police,Essex Police,0.440924,51.515727,On or near Conrad Road,E01015990,Thurrock 003D,Public order,Under investigation,
9909cafb171d17c6b826a44f0abb76b6cee4a69a81b2f5a4d4f4854e1563020e,2014-08,Essex Police,Essex Police,0.438517,51.514922,On or near Burgess Avenue,E01015990,Thurrock 003D,Vehicle crime,Under investigation,
,2014-08,Essex Police,Essex Police,0.435718,51.525134,On or near Gideons Way,E01016001,Thurrock 003E,Anti-social behaviour,,
,2014-08,Essex Police,Essex Police,0.365138,51.511056,On or near Wingfield Drive,E01015977,Thurrock 004A,Anti-social behaviour,,
,2014-08,Essex Police,Essex Police,0.354930,51.503420,On or near Baker Street,E01015977,Thurrock 004A,Anti-social behaviour,,
,2014-08,Essex Police,Essex Police,0.369414,51.513749,On or near Rectory Road,E01015977,Thurrock 004A,Anti-social behaviour,,
d7b132c652ed84fed043d5198cf922ade114b5a2e3c273bee3fee404eb844741,2014-08,Essex Police,Essex Police,0.369969,51.513873,On or near Penn Close,E01015977,Thurrock 004A,Burglary,Under investigation,
48585acc50db986b0ad77e4734c575e7ce79c3e257f061858260ad895cabd743,2014-08,Essex Police,Essex Police,0.363093,51.511367,On or near Shelford Close,E01015977,Thurrock 004A,Criminal damage and arson,Awaiting court outcome,
47c8e6335a418b8e96c303ac24ef94c9149bb0a037804744f9addcece9a48813,2014-08,Essex Police,Essex Police,0.344063,51.507595,On or near Stifford Clays Road,E01015977,Thurrock 004A,Drugs,Offender given a drugs possession warning,
5d1919e6930e5344c6601cbf5411d81130c90289630fd6f8d4a81ac48dbaac6d,2014-08,Essex Police,Essex Police,0.351371,51.502601,On or near A1089,E01015977,Thurrock 004A,Vehicle crime,Investigation complete; no suspect identified,
2db964e7dc48cc0725eee130fd3118eed7a6a652ed5f6a1340073e0ccd1838fe,2014-08,Essex Police,Essex Police,0.351371,51.502601,On or near A1089,E01015977,Thurrock 004A,Vehicle crime,Investigation complete; no suspect identified,
4b45a781347599cfda4541d45b3cfaa217486bf3aea754d0de2a5b3cbf38632f,2014-08,Essex Police,Essex Police,0.365728,51.513257,On or near Pound Lane,E01015977,Thurrock 004A,Violence and sexual offences,Under investigation,
,2014-08,Essex Police,Essex Police,0.362038,51.546957,On or near Stanley Road,E01015978,Thurrock 004B,Anti-social behaviour,,
72f1fc8728871f5e0c1cd1f7083a9b7e02cf482c44a1e4e52883935617a741bf,2014-08,Essex Police,Essex Police,0.365747,51.553672,On or near Bulphan By-Pass,E01015978,Thurrock 004B,Burglary,Under investigation,
2f672369967751c498738b87c006d081ddc181fc22b8db71766a5d91893d9e53,2014-08,Essex Police,Essex Police,0.404104,51.549250,On or near Park/Open Space,E01015978,Thurrock 004B,Burglary,Investigation complete; no suspect identified,
89fe4d48e218e12f77dd379f0666e1a89b7721a2360ab74a84faabf2124376cb,2014-08,Essex Police,Essex Police,0.403899,51.543453,On or near Kirkham Avenue,E01015978,Thurrock 004B,Burglary,Investigation complete; no suspect identified,
c526531cc0b5f980499499b9eee9d07373c736918e056e5abf1510dea12bfd6d,2014-08,Essex Police,Essex Police,0.330800,51.566485,On or near Childerditch Lane,E01015978,Thurrock 004B,Vehicle crime,Under investigation,
d75d01d0251b8e0bbcf7599ccf2c42c50e110cadb0efc5a0dffc05e699664be2,2014-08,Essex Police,Essex Police,0.420487,51.542950,On or near South Avenue,E01015978,Thurrock 004B,Vehicle crime,Investigation complete; no suspect identified,
,2014-08,Essex Police,Essex Police,0.414037,51.512911,On or near London Road,E01015979,Thurrock 004C,Anti-social behaviour,,
002cb8a949a841477f23dfd3c48caa4b8f95319e99a1b9fe118dc50d689c2e11,2014-08,Essex Police,Essex Police,0.393815,51.504377,On or near Whitmore Close,E01015979,Thurrock 004C,Burglary,Under investigation,
e5fbae657fecb2a864daa06ac37c1910f99392c933f1a6232209f07cb017c937,2014-08,Essex Police,Essex Police,0.387918,51.504866,On or near Welling Road,E01015979,Thurrock 004C,Burglary,Under investigation,
9ea41e51adef478ee60058b6b6d068a008b0f0d190ff52c68f55f2904548e31c,2014-08,Essex Police,Essex Police,0.387918,51.504866,On or near Welling Road,E01015979,Thurrock 004C,Burglary,Investigation complete; no suspect identified,
076bf424cceb456df66561d1a6e996050c8172fa34dba977131ea19da833b750,2014-08,Essex Police,Essex Police,0.385449,51.505600,On or near Annabell Avenue,E01015979,Thurrock 004C,Criminal damage and arson,Investigation complete; no suspect identified,
648986f2741680a928db12c139fbbbd64ec374b23d26a8b75a02c63591f0d783,2014-08,Essex Police,Essex Police,0.385449,51.505600,On or near Annabell Avenue,E01015979,Thurrock 004C,Criminal damage and arson,Investigation complete; no suspect identified,
fd6031041580622aa4fb6f2464d45cf8497f95741b01314b2d2708fcd9f1d268,2014-08,Essex Police,Essex Police,0.385449,51.505600,On or near Annabell Avenue,E01015979,Thurrock 004C,Vehicle crime,Under investigation,
,2014-08,Essex Police,Essex Police,0.368290,51.521803,On or near Conway'S Road,E01015980,Thurrock 004D,Anti-social behaviour,,
,2014-08,Essex Police,Essex Police,0.377732,51.515991,On or near Conference/Exhibition Centre,E01015980,Thurrock 004D,Anti-social behaviour,,
05494d3ad1fb6c1a52a00638adfae46fbb2987a1b3ab5e79f31d26014238af2d,2014-08,Essex Police,Essex Police,0.407612,51.518709,On or near Pump Street,E01015980,Thurrock 004D,Criminal damage and arson,Investigation complete; no suspect identified,
76613b36c2ae62bc000f8d227771ed2b30a49c3a55831a33cfb6d1864b0c6850,2014-08,Essex Police,Essex Police,0.405184,51.525701,On or near Vincent Avenue,E01015980,Thurrock 004D,Violence and sexual offences,Unable to prosecute suspect,
,2014-08,Essex Police,Essex Police,0.424916,51.516391,On or near Karen Close,E01015989,Thurrock 005A,Anti-social behaviour,,
,2014-08,Essex Police,Essex Police,0.428798,51.518362,On or near Hardie Road,E01015989,Thurrock 005A,Anti-social behaviour,,
b0930b64b75f140bd7b811795d59d5f7e6672c22317d712126557fd556c42f9d,2014-08,Essex Police,Essex Police,0.425632,51.517375,On or near Gentry Close,E01015989,Thurrock 005A,Burglary,Under investigation,
0a55b4a55883c94a5b7bf0da0085d59f7b64b70841323fe7b96bce80c13e688b,2014-08,Essex Police,Essex Police,0.423988,51.515457,On or near Baryta Close,E01015989,Thurrock 005A,Burglary,Investigation complete; no suspect identified,
7f41cf5b53628ead3585c2bc5642d395ead01eb0fb4b7adfa44ca2cf8fa78e00,2014-08,Essex Police,Essex Police,0.424733,51.515100,On or near Supermarket,E01015989,Thurrock 005A,Drugs,Offender given a caution,
b3fb76b7a31f2760c174bc9efcfb818467dc11095bdf10bdbafc4403dcdb9c63,2014-08,Essex Police,Essex Police,0.426904,51.515550,On or near High Street,E01015989,Thurrock 005A,Other theft,Under investigation,
fdae759c43e4faf2639b1eb4c415d7e84448fb49cff2a693c1cb82074cf87b24,2014-08,Essex Police,Essex Police,0.425843,51.515653,On or near King Street,E01015989,Thurrock 005A,Other theft,Under investigation,
70a1b0a2abef5b11fde544e2b9da2ba60a89d4d8caa1815ddbb0a28f72807bcc,2014-08,Essex Police,Essex Police,0.426494,51.515154,On or near Supermarket,E01015989,Thurrock 005A,Public order,Under investigation,
f9372e2e6f572d068578c80f83d9583e944cb29507830ae1d9ad4679b66ca9ef,2014-08,Essex Police,Essex Police,0.426494,51.515154,On or near Supermarket,E01015989,Thurrock 005A,Shoplifting,Under investigation,
8fab5ed9c67f5e6e678457aa6ddc07958bbb66fc7e19c231b8af55885c4b4489,2014-08,Essex Police,Essex Police,0.425843,51.515653,On or near King Street,E01015989,Thurrock 005A,Vehicle crime,Investigation complete; no suspect identified,
994352d85362afb34b6f4acc5746d8fb961b06c3a750e7b7afe825dd00599595,2014-08,Essex Police,Essex Police,0.425843,51.515653,On or near King Street,E01015989,Thurrock 005A,Vehicle crime,Investigation complete; no suspect identified,
,2014-08,Essex Police,Essex Police,0.418153,51.513348,On or near Romsey Close,E01015991,Thurrock 005B,Anti-social behaviour,,
1672db0f14d7e7a9d1f65dcf1a8f07432adc28ded238f55436abe71dafc46c3c,2014-08,Essex Police,Essex Police,0.415897,51.513466,On or near Rookery Close,E01015991,Thurrock 005B,Burglary,Under investigation,
cb6f1d48d50af8e90491f7252692ec4b7a53fe00e438c92bc3f22940f32d2ec2,2014-08,Essex Police,Essex Police,0.419290,51.513855,On or near London Road,E01015991,Thurrock 005B,Drugs,Offender given a drugs possession warning,
bd30e98f6b0af1c2b1aff161bec0777cb410308a7242821e48dfc325b4501ee7,2014-08,Essex Police,Essex Police,0.418009,51.514699,On or near Caldwell Road,E01015991,Thurrock 005B,Vehicle crime,Investigation complete; no suspect identified,
ab0e614d8afcd7c142b9bfde697f3c03f709b7653b07c2336c8c57d65f22f3ec,2014-08,Essex Police,Essex Police,0.417943,51.512920,On or near Valmar Avenue,E01015991,Thurrock 005B,Vehicle crime,Under investigation,
6387e657b6b4b0b48f915ac2c9629f4076a195fe29990cddc4db614e9ce1e981,2014-08,Essex Police,Essex Police,0.417260,51.513087,On or near Old Jenkins Close,E01015991,Thurrock 005B,Violence and sexual offences,Unable to prosecute suspect,
,2014-08,Essex Police,Essex Police,0.438366,51.504538,On or near Park/Open Space,E01015992,Thurrock 005C,Anti-social behaviour,,
,2014-08,Essex Police,Essex Police,0.426473,51.511503,On or near Fairview Chase,E01015992,Thurrock 005C,Anti-social behaviour,,
,2014-08,Essex Police,Essex Police,0.428568,51.513492,On or near Salisbury Avenue,E01015992,Thurrock 005C,Anti-social behaviour,,
231ce2f70386222b84e0e660e0d9e26480928c10cd1387b0940121813ffa74d6,2014-08,Essex Police,Essex Police,0.431520,51.511551,On or near Grove Road,E01015992,Thurrock 005C,Burglary,Investigation complete; no suspect identified,
5377469f4ffcfddd2dc31c7e48626f8124db0ab3840ae6b147ed17d86ae358a3,2014-08,Essex Police,Essex Police,0.428664,51.515567,On or near Fetherston Road,E01015992,Thurrock 005C,Violence and sexual offences,Under investigation,
6605b5878eaefc349cf31906cad50aa1c75b47c22c7661afeb3d7f1ca10455f4,2014-08,Essex Police,Essex Police,0.425673,51.503767,On or near Mucking Wharf Road,E01015992,Thurrock 005C,Violence and sexual offences,Local resolution,
,2014-08,Essex Police,Essex Police,0.428305,51.522095,On or near Dunstable Road,E01016000,Thurrock 005D,Anti-social behaviour,,
,2014-08,Essex Police,Essex Police,0.429829,51.523116,On or near First Avenue,E01016000,Thurrock 005D,Anti-social behaviour,,
,2014-08,Essex Police,Essex Police,0.426786,51.521461,On or near Purcell Close,E01016000,Thurrock 005D,Anti-social behaviour,,
d7899bdedcaeb185271d307c60b1dcd5abd8cb2fb3903e6e4a687fc4428e5b15,2014-08,Essex Police,Essex Police,0.433270,51.522487,On or near Southend Road,E01016000,Thurrock 005D,Criminal damage and arson,Under investigation,
3013bf05e13731967c2c2dd03f93fe53aabbdfaf49307b2783ff5b15c0f69a18,2014-08,Essex Police,Essex Police,0.425118,51.522089,On or near Tallis Close,E01016000,Thurrock 005D,Criminal damage and arson,Investigation complete; no suspect identified,
b0cab2c75cd8798144f6c09334669274008918959108fc0c430d63a063b41e9e,2014-08,Essex Police,Essex Police,0.425540,51.522710,On or near Weelkes Close,E01016000,Thurrock 005D,Criminal damage and arson,Investigation complete; no suspect identified,
6568f6ba4121fd1face7602bd0c6034fa8847d2726e8b723a43c5190a5b654d2,2014-08,Essex Police,Essex Police,0.426786,51.521461,On or near Purcell Close,E01016000,Thurrock 005D,Criminal damage and arson,Investigation complete; no suspect identified,
3146ba0dd18e86ba13bdf24ceb4d8c3ffde1a318aaabe29fa0902ed7f75fea0f,2014-08,Essex Police,Essex Police,0.426745,51.523953,On or near Holst Close,E01016000,Thurrock 005D,Vehicle crime,Awaiting court outcome,
e5f03fd2f5200143f205aab0a96f596c4a47c036c73b076add619e0a81997431,2014-08,Essex Police,Essex Police,0.426745,51.523953,On or near Holst Close,E01016000,Thurrock 005D,Vehicle crime,Awaiting court outcome,
ec2f9154dafef1f3e833493b224181c834e998d92a4b89a7444ee2ab64242c1a,2014-08,Essex Police,Essex Police,0.426745,51.523953,On or near Holst Close,E01016000,Thurrock 005D,Vehicle crime,Awaiting court outcome,
f5c85499ca3b0b4389eec49b56adda81b478cbbcbff732167b3cd97e303188a3,2014-08,Essex Police,Essex Police,0.426745,51.523953,On or near Holst Close,E01016000,Thurrock 005D,Vehicle crime,Offender given community sentence,
7356300dfb196bfd3abb54b78356e101554139df7572250edbd6f109e1dd4412,2014-08,Essex Police,Essex Police,0.426745,51.523953,On or near Holst Close,E01016000,Thurrock 005D,Vehicle crime,Awaiting court outcome,
dabba3ad2568f53ca5f5a1aeaa572eb7cf557c70a5044378bd26a185257d766a,2014-08,Essex Police,Essex Police,0.426745,51.523953,On or near Holst Close,E01016000,Thurrock 005D,Vehicle crime,Awaiting court outcome,
,2014-08,Essex Police,Essex Police,0.432596,51.527969,On or near Failand Mews,E01016002,Thurrock 005E,Anti-social behaviour,,
,2014-08,Essex Police,Essex Police,0.432596,51.527969,On or near Failand Mews,E01016002,Thurrock 005E,Anti-social behaviour,,
,2014-08,Essex Police,Essex Police,0.435128,51.525416,On or near Graham Close,E01016002,Thurrock 005E,Anti-social behaviour,,
,2014-08,Essex Police,Essex Police,0.432596,51.527969,On or near Failand Mews,E01016002,Thurrock 005E,Anti-social behaviour,,
06d1b2d48bfa9380d25bc7e005188f203003bcf235b226193d731100c1d53ee5,2014-08,Essex Police,Essex Police,0.429557,51.526404,On or near Silverdale,E01016002,Thurrock 005E,Burglary,Under investigation,
023d75e13d92b6bcd0ed64d29cc476586432be63214f4d662bb076753ab13b50,2014-08,Essex Police,Essex Police,0.432596,51.527969,On or near Failand Mews,E01016002,Thurrock 005E,Public order,Under investigation,
1d9a970b58ce46f12b6ee449d6a43b9d59b1fc6f7f1e14e4f037ed6cb7139d66,2014-08,Essex Police,Essex Police,0.432596,51.527969,On or near Failand Mews,E01016002,Thurrock 005E,Vehicle crime,Offender given a caution,
8fe67c9c5f843040b017a4a474aac003b1e4c6c3d5012d0865570ce26478729d,2014-08,Essex Police,Essex Police,0.430014,51.524425,On or near Russet Close,E01016002,Thurrock 005E,Vehicle crime,Investigation complete; no suspect identified,
1043afa669969e4161e4b5ab5430f0122096e4a819f69fa64ace69bc95fa34ee,2014-08,Essex Police,Essex Police,0.431065,51.523845,On or near Bramleys,E01016002,Thurrock 005E,Violence and sexual offences,Under investigation,
,2014-08,Essex Police,Essex Police,0.289636,51.509129,On or near Bingham Close,E01015932,Thurrock 006A,Anti-social behaviour,,
,2014-08,Essex Police,Essex Police,0.292097,51.509620,On or near Foxglove Road,E01015932,Thurrock 006A,Anti-social behaviour,,
,2014-08,Essex Police,Essex Police,0.291269,51.513800,On or near Orchard Road,E01015932,Thurrock 006A,Anti-social behaviour,,
,2014-08,Essex Police,Essex Police,0.291269,51.513800,On or near Orchard Road,E01015932,Thurrock 006A,Anti-social behaviour,,
,2014-08,Essex Police,Essex Police,0.292097,51.509620,On or near Foxglove Road,E01015932,Thurrock 006A,Anti-social behaviour,,
,2014-08,Essex Police,Essex Police,0.291269,51.513800,On or near Orchard Road,E01015932,Thurrock 006A,Anti-social behaviour,,
,2014-08,Essex Police,Essex Police,0.291269,51.513800,On or near Orchard Road,E01015932,Thurrock 006A,Anti-social behaviour,,
,2014-08,Essex Police,Essex Police,0.289636,51.509129,On or near Bingham Close,E01015932,Thurrock 006A,Anti-social behaviour,,
,2014-08,Essex Police,Essex Police,0.291269,51.513800,On or near Orchard Road,E01015932,Thurrock 006A,Anti-social behaviour,,
,2014-08,Essex Police,Essex Police,0.292097,51.509620,On or near Foxglove Road,E01015932,Thurrock 006A,Anti-social behaviour,,
,2014-08,Essex Police,Essex Police,0.291269,51.513800,On or near Orchard Road,E01015932,Thurrock 006A,Anti-social behaviour,,
,2014-08,Essex Police,Essex Police,0.292530,51.508200,On or near Verbena Close,E01015932,Thurrock 006A,Anti-social behaviour,,
f1e6f743d1b9293230b035f153387e522328d04ec4a5e739c6e41fe74ddd013b,2014-08,Essex Police,Essex Police,0.292158,51.513999,On or near Moss Road,E01015932,Thurrock 006A,Criminal damage and arson,Investigation complete; no suspect identified,
d22fc3220e328eec58df09dd58c3658d01cb652a03fdbb3c6b69e995f0c91921,2014-08,Essex Police,Essex Police,0.292097,51.509620,On or near Foxglove Road,E01015932,Thurrock 006A,Other theft,Under investigation,
da845c78bae7534e607123ed03d69363706f5b4d95d65f7afbf18cb50b2d2542,2014-08,Essex Police,Essex Police,0.289636,51.509129,On or near Bingham Close,E01015932,Thurrock 006A,Robbery,Under investigation,
603153baf10de65dcf34b9a896648efb9b41526616046e49dd9966c0dccc0f5b,2014-08,Essex Police,Essex Police,0.305909,51.509736,On or near Buckles Lane,E01015932,Thurrock 006A,Vehicle crime,Investigation complete; no suspect identified,
69716246c52147f33f2b6fdb1137d0fbeabad4a00f6561ea9d8790a8c942ef5a,2014-08,Essex Police,Essex Police,0.289636,51.509129,On or near Bingham Close,E01015932,Thurrock 006A,Vehicle crime,Investigation complete; no suspect identified,
9f94a1b9ab71586979d486ec2160639e2ff0ace0fc30394864bcf03e538a2800,2014-08,Essex Police,Essex Police,0.296462,51.509885,On or near Victoria'S Way,E01015932,Thurrock 006A,Vehicle crime,Investigation complete; no suspect identified,
c8b7fce3b9bcf0813d76865fc48593b1731d9411cc39db5595c1d8b47be2b4f7,2014-08,Essex Police,Essex Police,0.292090,51.515807,On or near Orchard Close,E01015932,Thurrock 006A,Vehicle crime,Investigation complete; no suspect identified,
37af299279814b2676e932ab6dcd549069e4ac19a37f0d1b7e17b7309076bc55,2014-08,Essex Police,Essex Police,0.289636,51.509129,On or near Bingham Close,E01015932,Thurrock 006A,Violence and sexual offences,Awaiting court outcome,
225e7cbce5b20324ac54dc66bff13bfa02c80c7c4c4d72d6c810760a7cc90e6d,2014-08,Essex Police,Essex Police,0.292097,51.509620,On or near Foxglove Road,E01015932,Thurrock 006A,Violence and sexual offences,Under investigation,
3a8615d3b26dd2c414ddcaa9d1bde06408e0dcd5ded057194fe56bd369d6d84d,2014-08,Essex Police,Essex Police,0.292097,51.509620,On or near Foxglove Road,E01015932,Thurrock 006A,Violence and sexual offences,Under investigation,
,2014-08,Essex Police,Essex Police,0.292176,51.521822,On or near Rosemary Close,E01015971,Thurrock 006B,Anti-social behaviour,,
,2014-08,Essex Police,Essex Police,0.293958,51.522291,On or near Nicholas Close,E01015971,Thurrock 006B,Anti-social behaviour,,
,2014-08,Essex Police,Essex Police,0.293958,51.522291,On or near Nicholas Close,E01015971,Thurrock 006B,Anti-social behaviour,,
,2014-08,Essex Police,Essex Police,0.292176,51.521822,On or near Rosemary Close,E01015971,Thurrock 006B,Anti-social behaviour,,
,2014-08,Essex Police,Essex Police,0.297755,51.521542,On or near Cliff Place,E01015971,Thurrock 006B,Anti-social behaviour,,
,2014-08,Essex Police,Essex Police,0.292176,51.521822,On or near Rosemary Close,E01015971,Thurrock 006B,Anti-social behaviour,,
,2014-08,Essex Police,Essex Police,0.296303,51.525339,On or near Nelson Road,E01015971,Thurrock 006B,Anti-social behaviour,,
,2014-08,Essex Police,Essex Police,0.295642,51.524533,On or near Benyon Court,E01015971,Thurrock 006B,Anti-social behaviour,,
,2014-08,Essex Police,Essex Police,0.275002,51.531267,On or near Park/Open Space,E01015971,Thurrock 006B,Anti-social behaviour,,
,2014-08,Essex Police,Essex Police,0.293958,51.522291,On or near Nicholas Close,E01015971,Thurrock 006B,Anti-social behaviour,,
6e5692bf367a19d0d4c3573da128c4f2976b93e56977da7fd449adc930a0a784,2014-08,Essex Police,Essex Police,0.292176,51.521822,On or near Rosemary Close,E01015971,Thurrock 006B,Burglary,Investigation complete; no suspect identified,
8e471a37bc487e78163cbdd8f3bc30b3e1beef715145c2c3cee79ed586bd1881,2014-08,Essex Police,Essex Police,0.298018,51.524469,On or near Petrol Station,E01015971,Thurrock 006B,Other theft,Under investigation,
467ba8929bcfbfb085a3ce2fc45e9609b5d663cd66e6b0831735570b750cc583,2014-08,Essex Police,Essex Police,0.298018,51.524469,On or near Petrol Station,E01015971,Thurrock 006B,Other theft,Under investigation,
12d768a1214a3d27f09fda9448aa9e17d1c035bd2f86f5ce6e18a07728fd1745,2014-08,Essex Police,Essex Police,0.298018,51.524469,On or near Petrol Station,E01015971,Thurrock 006B,Other theft,Under investigation,
8ffe69e3b1f3591c64aa5898366b422f7a6a07bd9325b5184b2b17dfbb9e23f4,2014-08,Essex Police,Essex Police,0.298018,51.524469,On or near Petrol Station,E01015971,Thurrock 006B,Other theft,Under investigation,
0ec3dadf44d32d284f62099d1f9b6e2b442dcdc82f49632a2e3dca32d65fa8ad,2014-08,Essex Police,Essex Police,0.298018,51.524469,On or near Petrol Station,E01015971,Thurrock 006B,Other theft,Under investigation,
9e58e1c0d3cf9b3604dd0fa24be23a375b1dcfe21246f736eb1e0e51e8ee5e69,2014-08,Essex Police,Essex Police,0.298018,51.524469,On or near Petrol Station,E01015971,Thurrock 006B,Other theft,Under investigation,
f933e511c3803317000657327a54f4b29d2e835dbc4dea7919318db760b150f2,2014-08,Essex Police,Essex Police,0.297755,51.521542,On or near Cliff Place,E01015971,Thurrock 006B,Public order,Under investigation,
947a3f0934363d0210b1a655e2eb25e7b009af7e01e1b8ba5d2c1ea894451f07,2014-08,Essex Police,Essex Police,0.295639,51.522744,On or near Canterbury Parade,E01015971,Thurrock 006B,Shoplifting,Under investigation,
de05c4cabc4e67c6fa83d29e7bc9aae324de73070fa35716d11bc229ef16b623,2014-08,Essex Police,Essex Police,0.293958,51.522291,On or near Nicholas Close,E01015971,Thurrock 006B,Vehicle crime,Investigation complete; no suspect identified,
7fad6a91b494fb63ade7adb16ac82ba86ac0b04d4ed66044d05fda821897a5be,2014-08,Essex Police,Essex Police,0.275002,51.531267,On or near Park/Open Space,E01015971,Thurrock 006B,Vehicle crime,Investigation complete; no suspect identified,
ec22f24913311647c3c2405853bdbf997596f3cc6899285a88dba1f5b9ec011e,2014-08,Essex Police,Essex Police,0.275002,51.531267,On or near Park/Open Space,E01015971,Thurrock 006B,Violence and sexual offences,Investigation complete; no suspect identified,
1c1e8907d0bb12434e5c408bbd5dd24362776d4f6765482af84287a4e68b442f,2014-08,Essex Police,Essex Police,0.292176,51.521822,On or near Rosemary Close,E01015971,Thurrock 006B,Violence and sexual offences,Under investigation,
,2014-08,Essex Police,Essex Police,0.285604,51.517814,On or near Avontar Road,E01015972,Thurrock 006C,Anti-social behaviour,,
,2014-08,Essex Police,Essex Police,0.274369,51.511620,On or near Hamble Lane,E01015972,Thurrock 006C,Anti-social behaviour,,
,2014-08,Essex Police,Essex Police,0.274369,51.511620,On or near Hamble Lane,E01015972,Thurrock 006C,Anti-social behaviour,,
,2014-08,Essex Police,Essex Police,0.274369,51.511620,On or near Hamble Lane,E01015972,Thurrock 006C,Anti-social behaviour,,
,2014-08,Essex Police,Essex Police,0.281531,51.509871,On or near Derry Avenue,E01015972,Thurrock 006C,Anti-social behaviour,,
,2014-08,Essex Police,Essex Police,0.280139,51.512012,On or near Ernan Road,E01015972,Thurrock 006C,Anti-social behaviour,,
,2014-08,Essex Police,Essex Police,0.274369,51.511620,On or near Hamble Lane,E01015972,Thurrock 006C,Anti-social behaviour,,
,2014-08,Essex Police,Essex Police,0.279453,51.510973,On or near Easington Way,E01015972,Thurrock 006C,Anti-social behaviour,,
,2014-08,Essex Police,Essex Police,0.281531,51.509871,On or near Derry Avenue,E01015972,Thurrock 006C,Anti-social behaviour,,
9c9f4384797ced68a97b2af5f6d1527f8694bff4f25dc4dd9b8f83a829a365be,2014-08,Essex Police,Essex Police,0.277377,51.509808,On or near Dunkellin Grove,E01015972,Thurrock 006C,Criminal damage and arson,Under investigation,
0a3329097a736821158dab39d1aae4cb76008c784fea9701304285d1fd8307ef,2014-08,Essex Police,Essex Police,0.277436,51.508386,On or near Dene Path,E01015972,Thurrock 006C,Criminal damage and arson,Investigation complete; no suspect identified,
98d895547cc7da7c46cb39b60c5d3dfb20f53f6379cb885e3cdeb1a4cb0f54d1,2014-08,Essex Police,Essex Police,0.281531,51.509871,On or near Derry Avenue,E01015972,Thurrock 006C,Other theft,Investigation complete; no suspect identified,
2d3f7d3860dce5e39f28a397ff416fdee5dd2c5ec6b00beae46d7cbee8b42e54,2014-08,Essex Police,Essex Police,0.277436,51.508386,On or near Dene Path,E01015972,Thurrock 006C,Vehicle crime,Investigation complete; no suspect identified,
fdb672db6f635add456a26ceee0402673312a60d946bf923ca8ed281000f106b,2014-08,Essex Police,Essex Police,0.285604,51.517814,On or near Avontar Road,E01015972,Thurrock 006C,Violence and sexual offences,Under investigation,
66095630db63ce3c3b7623a104b98363551720f151d60874da1a49af26539ab3,2014-08,Essex Police,Essex Police,0.280139,51.512012,On or near Ernan Road,E01015972,Thurrock 006C,Violence and sexual offences,Under investigation,
40a3e2583992234adcf396655ffd7aa3d28e74032f23025fafd96d35392c0cab,2014-08,Essex Police,Essex Police,0.280395,51.508472,On or near Darenth Lane,E01015972,Thurrock 006C,Violence and sexual offences,Under investigation,
2cf08786b94162761aaacf028b5b690239cd247c86606fcb27bb8128b839d564,2014-08,Essex Police,Essex Police,0.285604,51.517814,On or near Avontar Road,E01015972,Thurrock 006C,Violence and sexual offences,Awaiting court outcome,
,2014-08,Essex Police,Essex Police,0.287240,51.518258,On or near Arisdale Avenue,E01015973,Thurrock 006D,Anti-social behaviour,,
,2014-08,Essex Police,Essex Police,0.288664,51.514741,On or near Arcany Road,E01015973,Thurrock 006D,Anti-social behaviour,,
,2014-08,Essex Police,Essex Police,0.282966,51.514079,On or near Eskley Gardens,E01015973,Thurrock 006D,Anti-social behaviour,,
,2014-08,Essex Police,Essex Police,0.292024,51.520809,On or near Larkspur Close,E01015973,Thurrock 006D,Anti-social behaviour,,
,2014-08,Essex Police,Essex Police,0.284547,51.515712,On or near Aire Drive,E01015973,Thurrock 006D,Anti-social behaviour,,
,2014-08,Essex Police,Essex Police,0.288664,51.514741,On or near Arcany Road,E01015973,Thurrock 006D,Anti-social behaviour,,
94dc95864d4da43562b9296f2e380b56c4dde4c09dbce80dcb6710d22a50fcc0,2014-08,Essex Police,Essex Police,0.287240,51.518258,On or near Arisdale Avenue,E01015973,Thurrock 006D,Burglary,Under investigation,
589730c4cc2f30c9a0160ee7f3e01a30e07603bec570b92b2df194d9d9809a2d,2014-08,Essex Police,Essex Police,0.292024,51.520809,On or near Larkspur Close,E01015973,Thurrock 006D,Vehicle crime,Investigation complete; no suspect identified,
5caddae5a21ac8660a2ac51c1b36a0e9506d5cc8f6420ba051439e2e4b24f7c9,2014-08,Essex Police,Essex Police,0.292024,51.520809,On or near Larkspur Close,E01015973,Thurrock 006D,Vehicle crime,Investigation complete; no suspect identified,
5afeaaf3b2e68d29885beb687675ad52835e50fa874620edaed7d35a397f2cee,2014-08,Essex Police,Essex Police,0.289087,51.515417,On or near Ayron Road,E01015973,Thurrock 006D,Vehicle crime,Investigation complete; no suspect identified,
730e173bbbafe40ea3695ae8ebd9c85f5bc126dbfa91b52150ecb0d27c0d2174,2014-08,Essex Police,Essex Police,0.289087,51.515417,On or near Ayron Road,E01015973,Thurrock 006D,Vehicle crime,Under investigation,
,2014-08,Essex Police,Essex Police,0.295093,51.521064,On or near Lime Close,E01015974,Thurrock 006E,Anti-social behaviour,,
,2014-08,Essex Police,Essex Police,0.303518,51.520323,On or near Hornbeam Chase,E01015974,Thurrock 006E,Anti-social behaviour,,
,2014-08,Essex Police,Essex Police,0.295093,51.521064,On or near Lime Close,E01015974,Thurrock 006E,Anti-social behaviour,,
,2014-08,Essex Police,Essex Police,0.295093,51.521064,On or near Lime Close,E01015974,Thurrock 006E,Anti-social behaviour,,
,2014-08,Essex Police,Essex Police,0.305806,51.517400,On or near Medlar Drive,E01015974,Thurrock 006E,Anti-social behaviour,,
602b8a02674b709867ea071e99205a00c9b41ea50a016ef55467dc55120288c3,2014-08,Essex Police,Essex Police,0.301643,51.520306,On or near Ash Walk,E01015974,Thurrock 006E,Burglary,Under investigation,
ce1da8ddd0b3091e796d04a93d8cbb188c0ec89a4f326c6ecab084793902ac7e,2014-08,Essex Police,Essex Police,0.295093,51.521064,On or near Lime Close,E01015974,Thurrock 006E,Other theft,Under investigation,
dd44778ff9679559be857fa6c51f6dd02c7f0a1a459d7c0af39d23663689213d,2014-08,Essex Police,Essex Police,0.302994,51.518526,On or near Cherry Tree Drive,E01015974,Thurrock 006E,Vehicle crime,Under investigation,
7b8f93c39714deec0c1a75c9a97a78e7ae6870ef4efbee5cc9e8cf3a40d3a5e0,2014-08,Essex Police,Essex Police,0.305696,51.520073,On or near Juniper Drive,E01015974,Thurrock 006E,Vehicle crime,Investigation complete; no suspect identified,
d6591b1a32c85a52eac1333039347d566aeb24838a386cdb79ff8dddfbf0d830,2014-08,Essex Police,Essex Police,0.295093,51.521064,On or near Lime Close,E01015974,Thurrock 006E,Vehicle crime,Investigation complete; no suspect identified,
,2014-08,Essex Police,Essex Police,0.291703,51.518720,On or near Celandine Close,E01015975,Thurrock 006F,Anti-social behaviour,,
,2014-08,Essex Police,Essex Police,0.291839,51.517701,On or near Mayflower Close,E01015975,Thurrock 006F,Anti-social behaviour,,
,2014-08,Essex Police,Essex Police,0.297914,51.517546,On or near Redwood Chase,E01015975,Thurrock 006F,Anti-social behaviour,,
,2014-08,Essex Police,Essex Police,0.291703,51.518720,On or near Celandine Close,E01015975,Thurrock 006F,Anti-social behaviour,,
,2014-08,Essex Police,Essex Police,0.295196,51.517941,On or near Garth Road,E01015975,Thurrock 006F,Anti-social behaviour,,
,2014-08,Essex Police,Essex Police,0.291703,51.518720,On or near Celandine Close,E01015975,Thurrock 006F,Anti-social behaviour,,
,2014-08,Essex Police,Essex Police,0.291703,51.518720,On or near Celandine Close,E01015975,Thurrock 006F,Anti-social behaviour,,
,2014-08,Essex Police,Essex Police,0.291703,51.518720,On or near Celandine Close,E01015975,Thurrock 006F,Anti-social behaviour,,
,2014-08,Essex Police,Essex Police,0.291703,51.518720,On or near Celandine Close,E01015975,Thurrock 006F,Anti-social behaviour,,
531b0c30723fb57db089a263e9889d18ac38c49b08e62b2391f473ad209d739d,2014-08,Essex Police,Essex Police,0.291839,51.517701,On or near Mayflower Close,E01015975,Thurrock 006F,Criminal damage and arson,Investigation complete; no suspect identified,
748162fc16ee2c88a7fb6573a8e5d986cf166ba1077e9a3822d8948b1b61d689,2014-08,Essex Police,Essex Police,0.291703,51.518720,On or near Celandine Close,E01015975,Thurrock 006F,Violence and sexual offences,Awaiting court outcome,
,2014-08,Essex Police,Essex Police,0.283867,51.503270,On or near Chanlock Path,E01015927,Thurrock 007A,Anti-social behaviour,,
,2014-08,Essex Police,Essex Police,0.286835,51.504120,On or near Broxburn Court,E01015927,Thurrock 007A,Anti-social behaviour,,
,2014-08,Essex Police,Essex Police,0.286835,51.504120,On or near Broxburn Court,E01015927,Thurrock 007A,Anti-social behaviour,,
,2014-08,Essex Police,Essex Police,0.286835,51.504120,On or near Broxburn Court,E01015927,Thurrock 007A,Anti-social behaviour,,
,2014-08,Essex Police,Essex Police,0.284020,51.504607,On or near Cawdor Avenue,E01015927,Thurrock 007A,Anti-social behaviour,,
,2014-08,Essex Police,Essex Police,0.288725,51.505324,On or near Bann Close,E01015927,Thurrock 007A,Anti-social behaviour,,
d1dc1ad49c643df1f4eee0b2e7e6494dc275860f5c890c0e849da96c6fd8e51a,2014-08,Essex Police,Essex Police,0.286835,51.504120,On or near Broxburn Court,E01015927,Thurrock 007A,Burglary,Under investigation,
128742e1bba620b7538b09e235d3c96071886d295a800d91a95b60514dba2419,2014-08,Essex Police,Essex Police,0.284949,51.501576,On or near Clayburn Gardens,E01015927,Thurrock 007A,Public order,Under investigation,
6ee8d073e3297c17ca5b5f00e98280e383ac4f68ce82c9a79696dbdfeca4d206,2014-08,Essex Police,Essex Police,0.284949,51.501576,On or near Clayburn Gardens,E01015927,Thurrock 007A,Public order,Offender fined,
6973ec5820eb660e5d1efd21b43ad76b2d17bc8e538cf5b1fe0262385613a79a,2014-08,Essex Police,Essex Police,0.284949,51.501576,On or near Clayburn Gardens,E01015927,Thurrock 007A,Violence and sexual offences,Under investigation,
bddfe05fc11876ec6fa6ae977932c9cc08df0b055488dc1901454601e3b1d75e,2014-08,Essex Police,Essex Police,0.284949,51.501576,On or near Clayburn Gardens,E01015927,Thurrock 007A,Violence and sexual offences,Under investigation,
,2014-08,Essex Police,Essex Police,0.272602,51.506528,On or near Gatehope Drive,E01015928,Thurrock 007B,Anti-social behaviour,,
3a0d23527a4297102d0d44036118df7f8125cfc27707846d1eebf1b11360efb9,2014-08,Essex Police,Essex Police,0.274337,51.507790,On or near Gavenny Path,E01015928,Thurrock 007B,Burglary,Under investigation,
d7b19872803f52dce64e102e703ccf7c33a172affa4481ab189fee25cb68b157,2014-08,Essex Police,Essex Police,0.273543,51.504586,On or near Groves Close,E01015928,Thurrock 007B,Criminal damage and arson,Under investigation,
17e5522e0d8f47318b10a04a3584bda9efb6b7def0107c5f25c0283ab3196c74,2014-08,Essex Police,Essex Police,0.274337,51.507790,On or near Gavenny Path,E01015928,Thurrock 007B,Other theft,Investigation complete; no suspect identified,
50f18399d0daaa1524a57df815ef9a913dbe69b181da430475862b6ad49a0060,2014-08,Essex Police,Essex Police,0.272592,51.507185,On or near Humber Avenue,E01015928,Thurrock 007B,Other theft,Under investigation,
8c696bd6d2b1f4147fd868f30291fcec267b5d5ff216c2346d6e813086385fb5,2014-08,Essex Police,Essex Police,0.272602,51.506528,On or near Gatehope Drive,E01015928,Thurrock 007B,Vehicle crime,Investigation complete; no suspect identified,
0ea8f58791afc77590e4187a2e86f634609d6330e4d467049994137c4db7b453,2014-08,Essex Police,Essex Police,0.273833,51.503168,On or near Fulbrook Lane,E01015928,Thurrock 007B,Violence and sexual offences,Unable to prosecute suspect,
2a668efa0a13c49bb66fb1c0907eeb638148bc2715a948eb83d98088470d4ce7,2014-08,Essex Police,Essex Police,0.274226,51.509330,On or near Loman Path,E01015928,Thurrock 007B,Other crime,Under investigation,
,2014-08,Essex Police,Essex Police,0.280895,51.506079,On or near Faymore Gardens,E01015929,Thurrock 007C,Anti-social behaviour,,
,2014-08,Essex Police,Essex Police,0.282284,51.506763,On or near Dale Close,E01015929,Thurrock 007C,Anti-social behaviour,,
,2014-08,Essex Police,Essex Police,0.282284,51.506763,On or near Dale Close,E01015929,Thurrock 007C,Anti-social behaviour,,
,2014-08,Essex Police,Essex Police,0.282284,51.506763,On or near Dale Close,E01015929,Thurrock 007C,Anti-social behaviour,,
50c33bbe3c902144dd4e57279d456d86a7daaa84d8e6871e8e9f36b49980b48b,2014-08,Essex Police,Essex Police,0.283452,51.501596,On or near Corve Lane,E01015929,Thurrock 007C,Criminal damage and arson,Investigation complete; no suspect identified,
96d9b559d7571ef24c94907e48540d36feaad81f39364e34d014192faada8a1a,2014-08,Essex Police,Essex Police,0.282284,51.506763,On or near Dale Close,E01015929,Thurrock 007C,Vehicle crime,Under investigation,
0e62ef39e1e0903b67b06d2ae541a99b42bdc6fb1aa52a7f040aeb29d71b7a0e,2014-08,Essex Police,Essex Police,0.279085,51.505620,On or near Fairham Avenue,E01015929,Thurrock 007C,Violence and sexual offences,Under investigation,
b9b3cf76fd195a77e18fe80271d45ac93ba539df4352fc4ed398f04156b8a1c8,2014-08,Essex Police,Essex Police,0.280942,51.508174,On or near Dunning Close,E01015929,Thurrock 007C,Violence and sexual offences,Unable to prosecute suspect,
849b692f002d27774fb5287bdc23abce724445f4012edd43c6c3085eb64c2d0e,2014-08,Essex Police,Essex Police,0.283452,51.501596,On or near Corve Lane,E01015929,Thurrock 007C,Violence and sexual offences,Under investigation,
0b642ee0181b5b99bb51bbd1e81a990828d675bb9ac589c8d676665882f6f245,2014-08,Essex Police,Essex Police,0.280942,51.508174,On or near Dunning Close,E01015929,Thurrock 007C,Violence and sexual offences,Unable to prosecute suspect,
b4babb5c0f3380bdef3b6ed4716bb34acab842f3349e722a7d35e50b2778bf30,2014-08,Essex Police,Essex Police,0.281624,51.507981,On or near Dent Close,E01015929,Thurrock 007C,Violence and sexual offences,Unable to prosecute suspect,
,2014-08,Essex Police,Essex Police,0.289806,51.503604,On or near Callan Grove,E01015930,Thurrock 007D,Anti-social behaviour,,
,2014-08,Essex Police,Essex Police,0.291621,51.505025,On or near Cruick Avenue,E01015930,Thurrock 007D,Anti-social behaviour,,
f872da5a105e83f32d58687046577b5570953a711a3459c200a59f0dff68deec,2014-08,Essex Police,Essex Police,0.291621,51.505025,On or near Cruick Avenue,E01015930,Thurrock 007D,Burglary,Under investigation,
143517c723f57f4c6609aee89082251132d74c0aa9a7395c5b23e0fe7fa68bca,2014-08,Essex Police,Essex Police,0.292557,51.505879,On or near Elwick Road,E01015930,Thurrock 007D,Burglary,Under investigation,
148b1320ba941ed6dd295f1a81598cd819d38c57802e916d980c55941ff6495d,2014-08,Essex Police,Essex Police,0.289806,51.503604,On or near Callan Grove,E01015930,Thurrock 007D,Violence and sexual offences,Under investigation,
a73269382224ac4b0ce0f057e764ff19cc00172479dbdbf943b3ff72ebfc6261,2014-08,Essex Police,Essex Police,0.289806,51.503604,On or near Callan Grove,E01015930,Thurrock 007D,Violence and sexual offences,Under investigation,
f1f1bdca3248a81dbb3bddf3b63ed96ea948125971578916a118fbf9914833e0,2014-08,Essex Police,Essex Police,0.293108,51.505940,On or near South Road,E01015930,Thurrock 007D,Violence and sexual offences,Offender given a caution,
,2014-08,Essex Police,Essex Police,0.288590,51.507800,On or near Barle Gardens,E01015931,Thurrock 007E,Anti-social behaviour,,
,2014-08,Essex Police,Essex Police,0.288590,51.507800,On or near Barle Gardens,E01015931,Thurrock 007E,Anti-social behaviour,,
,2014-08,Essex Police,Essex Police,0.286052,51.506051,On or near Danbury Crescent,E01015931,Thurrock 007E,Anti-social behaviour,,
,2014-08,Essex Police,Essex Police,0.285740,51.509016,On or near Brock Green,E01015931,Thurrock 007E,Anti-social behaviour,,
,2014-08,Essex Police,Essex Police,0.288590,51.507800,On or near Barle Gardens,E01015931,Thurrock 007E,Anti-social behaviour,,
,2014-08,Essex Police,Essex Police,0.285146,51.508955,On or near Cam Green,E01015931,Thurrock 007E,Anti-social behaviour,,
,2014-08,Essex Police,Essex Police,0.286052,51.506051,On or near Danbury Crescent,E01015931,Thurrock 007E,Anti-social behaviour,,
,2014-08,Essex Police,Essex Police,0.285740,51.509016,On or near Brock Green,E01015931,Thurrock 007E,Anti-social behaviour,,
,2014-08,Essex Police,Essex Police,0.285740,51.509016,On or near Brock Green,E01015931,Thurrock 007E,Anti-social behaviour,,
,2014-08,Essex Police,Essex Police,0.285740,51.509016,On or near Brock Green,E01015931,Thurrock 007E,Anti-social behaviour,,
,2014-08,Essex Police,Essex Police,0.288590,51.507800,On or near Barle Gardens,E01015931,Thurrock 007E,Anti-social behaviour,,
,2014-08,Essex Police,Essex Police,0.285740,51.509016,On or near Brock Green,E01015931,Thurrock 007E,Anti-social behaviour,,
3a0f0c0b9f28d0fb43982fe9fb27aca1a6686b4378e8b68ef1cbeb9a7c6ef8ae,2014-08,Essex Police,Essex Police,0.285740,51.509016,On or near Brock Green,E01015931,Thurrock 007E,Criminal damage and arson,Awaiting court outcome,
34d19ed9ea100c6401b0906cbbf5c4f15e76138ad55db91c64e2015c61b51438,2014-08,Essex Police,Essex Police,0.286052,51.506051,On or near Danbury Crescent,E01015931,Thurrock 007E,Vehicle crime,Investigation complete; no suspect identified,
f011c9578faafbcf7a9d9d29840a2d8bd6dba24724456ff62c8f07a4a3a27cc3,2014-08,Essex Police,Essex Police,0.285740,51.509016,On or near Brock Green,E01015931,Thurrock 007E,Vehicle crime,Investigation complete; no suspect identified,
66d86dbd9846f4a84261e9d8612839c37c79224ec412433ba25b23b690c8aca4,2014-08,Essex Police,Essex Police,0.289279,51.506591,On or near Broxburn Drive,E01015931,Thurrock 007E,Vehicle crime,Under investigation,
75420c95373c58fed6d6d0aa7285301b71b60065c39007ad8d47ebbe0cba1c0c,2014-08,Essex Police,Essex Police,0.286052,51.506051,On or near Danbury Crescent,E01015931,Thurrock 007E,Violence and sexual offences,Defendant found not guilty,
9279c4e0cf058d9aecaec49b807fdc8383e5eef28431aef921efef4b3a0a1f50,2014-08,Essex Police,Essex Police,0.286245,51.509312,On or near Afton Drive,E01015931,Thurrock 007E,Violence and sexual offences,Unable to prosecute suspect,
b077017cce4a269d0a15dbd3644ff3e187155b2823d35c92da1c4ef378a58d94,2014-08,Essex Police,Essex Police,0.285740,51.509016,On or near Brock Green,E01015931,Thurrock 007E,Violence and sexual offences,Awaiting court outcome,
ee7d98ed4db3fe722ba3749fe4d60de06e8729a70b4c8d011b05975ea0c7b1cf,2014-08,Essex Police,Essex Police,0.285146,51.508955,On or near Cam Green,E01015931,Thurrock 007E,Violence and sexual offences,Under investigation,
,2014-08,Essex Police,Essex Police,0.287502,51.511688,On or near Annalee Gardens,E01015976,Thurrock 007F,Anti-social behaviour,,
,2014-08,Essex Police,Essex Police,0.283014,51.510418,On or near Supermarket,E01015976,Thurrock 007F,Anti-social behaviour,,
,2014-08,Essex Police,Essex Police,0.283014,51.510418,On or near Supermarket,E01015976,Thurrock 007F,Anti-social behaviour,,
,2014-08,Essex Police,Essex Police,0.282487,51.512272,On or near Elan Road,E01015976,Thurrock 007F,Anti-social behaviour,,
,2014-08,Essex Police,Essex Police,0.287502,51.511688,On or near Annalee Gardens,E01015976,Thurrock 007F,Anti-social behaviour,,
,2014-08,Essex Police,Essex Police,0.289551,51.509733,On or near Ashdon Close,E01015976,Thurrock 007F,Anti-social behaviour,,
f1b0f46383329c9c77d218886c1288c50f782e179837a9af03d48a49a9c2adce,2014-08,Essex Police,Essex Police,0.283014,51.510418,On or near Supermarket,E01015976,Thurrock 007F,Bicycle theft,Investigation complete; no suspect identified,
1594009e1d016ff829953c744cc410e766ecad135e22db2feac12456008fe021,2014-08,Essex Police,Essex Police,0.281989,51.512111,On or near Enborne Green,E01015976,Thurrock 007F,Burglary,Investigation complete; no suspect identified,
47c86b0bf7c6d766542c68207ccc91d7b8eb95406c240ff91fa38199472eff9a,2014-08,Essex Police,Essex Police,0.287502,51.511688,On or near Annalee Gardens,E01015976,Thurrock 007F,Criminal damage and arson,Under investigation,
5f2211d7165f06edb6aa1af095fa1ed8df144d1f1821717512699dab3605708a,2014-08,Essex Police,Essex Police,0.283014,51.510418,On or near Supermarket,E01015976,Thurrock 007F,Criminal damage and arson,Investigation complete; no suspect identified,
306f54a149ab7178e660642c73f4bd12609383b7a9a2d16e9f67a6f82fdd2cc3,2014-08,Essex Police,Essex Police,0.282487,51.512272,On or near Elan Road,E01015976,Thurrock 007F,Criminal damage and arson,Under investigation,
d8ab7ac7c1833296f1f7c3e41a7f17a43bf39dd73628b7bc557d4eb9341a8de4,2014-08,Essex Police,Essex Police,0.282487,51.512272,On or near Elan Road,E01015976,Thurrock 007F,Criminal damage and arson,Under investigation,
730f96ca70936bd6bbf6af5706a371589490926e76b027936cf494d200344133,2014-08,Essex Police,Essex Police,0.284565,51.510307,On or near Eden Green,E01015976,Thurrock 007F,Criminal damage and arson,Under investigation,
b9542a62b8cb10c195bfee1fe4914a338d6fd9725134196b01c6edffc41e2d90,2014-08,Essex Police,Essex Police,0.289551,51.509733,On or near Ashdon Close,E01015976,Thurrock 007F,Drugs,Offender given a drugs possession warning,
004035f3fcdc92d293d7465a4d30db4d5b3677efdc184fcd9e702fecae5cae84,2014-08,Essex Police,Essex Police,0.285033,51.510738,On or near Bovey Way,E01015976,Thurrock 007F,Other theft,Investigation complete; no suspect identified,
dd2cab16fa2d653181cb4eb0577ef7f87e63dc7a5157e220e3a9b6e15be84309,2014-08,Essex Police,Essex Police,0.285033,51.510738,On or near Bovey Way,E01015976,Thurrock 007F,Public order,Awaiting court outcome,
c3c563dda276b1edeb2be32f90417fee31325572013a57ef6e538c5ad1970c33,2014-08,Essex Police,Essex Police,0.290289,51.511787,On or near Aldham Drive,E01015976,Thurrock 007F,Public order,Awaiting court outcome,
cd73e8bd7c20bb7cceb7120484af7732b0c8bdceed9563643c671117b93e8bef,2014-08,Essex Police,Essex Police,0.290289,51.511787,On or near Aldham Drive,E01015976,Thurrock 007F,Public order,Unable to prosecute suspect,
7dbb887e54be944039559c4a861b2c219d5b7b66e7441cb5522b6ce656e4c0e5,2014-08,Essex Police,Essex Police,0.282487,51.512272,On or near Elan Road,E01015976,Thurrock 007F,Public order,Under investigation,
7b6070c8f8f4d9a8bd125a77de30e003bcaee6c8f4e4b781222db4a7ec10e2cc,2014-08,Essex Police,Essex Police,0.283014,51.510418,On or near Supermarket,E01015976,Thurrock 007F,Shoplifting,Unable to prosecute suspect,
4cb12d576eeef06887d06dc22795d2f41e8492c464b174adfb5991d5555aa729,2014-08,Essex Police,Essex Police,0.283014,51.510418,On or near Supermarket,E01015976,Thurrock 007F,Shoplifting,Under investigation,
874bfb8f7ad03e094f4c0d634705eb378d58fedac39968c25cf1df0045c33b7f,2014-08,Essex Police,Essex Police,0.283014,51.510418,On or near Supermarket,E01015976,Thurrock 007F,Theft from the person,Under investigation,
a4ab0ba9d21d77bc85910f6ff587e2f197e4d2cc59636ae3b8548e433b771453,2014-08,Essex Police,Essex Police,0.289551,51.509733,On or near Ashdon Close,E01015976,Thurrock 007F,Violence and sexual offences,Unable to prosecute suspect,
cb02500bdb08743cc1f895f03ba47066769f9a77ca7d72d8f3ca0df058d4ecd1,2014-08,Essex Police,Essex Police,0.284565,51.510307,On or near Eden Green,E01015976,Thurrock 007F,Violence and sexual offences,Unable to prosecute suspect,
5d3746f33d04aee74f7a9014984533a12a1a559d21b5e7f77a63ca91647d87eb,2014-08,Essex Police,Essex Police,0.282487,51.512272,On or near Elan Road,E01015976,Thurrock 007F,Violence and sexual offences,Under investigation,
2d0a594e589a47184a86ca3ab18a1e0d40f18d631cd61d53c2e9de37d59e9365,2014-08,Essex Police,Essex Police,0.286475,51.509595,On or near Afton Drive,E01015976,Thurrock 007F,Violence and sexual offences,Under investigation,
,2014-08,Essex Police,Essex Police,0.253085,51.497372,On or near Hall Avenue,E01015922,Thurrock 008A,Anti-social behaviour,,
,2014-08,Essex Police,Essex Police,0.253085,51.497372,On or near Hall Avenue,E01015922,Thurrock 008A,Anti-social behaviour,,
,2014-08,Essex Police,Essex Police,0.253873,51.498454,On or near Parking Area,E01015922,Thurrock 008A,Anti-social behaviour,,
,2014-08,Essex Police,Essex Police,0.251804,51.495347,On or near Hall Road,E01015922,Thurrock 008A,Anti-social behaviour,,
711c5dbfdedc2a1424885020772fb01fd0391f430de67c8e8fadcd82c77cd881,2014-08,Essex Police,Essex Police,0.254597,51.497946,On or near Sports/Recreation Area,E01015922,Thurrock 008A,Criminal damage and arson,Investigation complete; no suspect identified,
983f7000cf5ed4c667d96a397c2567e452f6a11112ca6e05ca8df86b71d38caf,2014-08,Essex Police,Essex Police,0.253085,51.497372,On or near Hall Avenue,E01015922,Thurrock 008A,Other theft,Investigation complete; no suspect identified,
593277c4086f2812c182962bced42c6514ada5adf5818a8352f48c760c9057d1,2014-08,Essex Police,Essex Police,0.251804,51.495347,On or near Hall Road,E01015922,Thurrock 008A,Violence and sexual offences,Under investigation,
,2014-08,Essex Police,Essex Police,0.252335,51.505525,On or near Monnow Road,E01015923,Thurrock 008B,Anti-social behaviour,,
,2014-08,Essex Police,Essex Police,0.252335,51.505525,On or near Monnow Road,E01015923,Thurrock 008B,Anti-social behaviour,,
,2014-08,Essex Police,Essex Police,0.252335,51.505525,On or near Monnow Road,E01015923,Thurrock 008B,Anti-social behaviour,,
449f95b1fe3b4e239ba3dec6d72d23dcccff1fb6460e8440bb617311dd549c47,2014-08,Essex Police,Essex Police,0.253646,51.501148,On or near Davis Road,E01015923,Thurrock 008B,Criminal damage and arson,Awaiting court outcome,
a93068139d2677c7e3c2b8d46e46906a19fb1f9ab47730690fbf0d17cf2720e6,2014-08,Essex Police,Essex Police,0.253646,51.501148,On or near Davis Road,E01015923,Thurrock 008B,Drugs,Awaiting court outcome,
86573b50932832900df9011b9a65bf2537733fa5ef21ce50c1b607b7843b0db2,2014-08,Essex Police,Essex Police,0.257165,51.503553,On or near Aveley By-Pass,E01015923,Thurrock 008B,Vehicle crime,Under investigation,
4df4148653f5db5afb564c577e32f6a5f55f10b2defcdb9d227dcae07a1c9051,2014-08,Essex Police,Essex Police,0.257165,51.503553,On or near Aveley By-Pass,E01015923,Thurrock 008B,Vehicle crime,Under investigation,
,2014-08,Essex Police,Essex Police,0.261417,51.506475,On or near Park Lane,E01015924,Thurrock 008C,Anti-social behaviour,,
,2014-08,Essex Police,Essex Police,0.250603,51.507816,On or near Tamar Drive,E01015924,Thurrock 008C,Anti-social behaviour,,
,2014-08,Essex Police,Essex Police,0.251189,51.506258,On or near Shannon Way,E01015924,Thurrock 008C,Anti-social behaviour,,
,2014-08,Essex Police,Essex Police,0.248851,51.508533,On or near Parking Area,E01015924,Thurrock 008C,Anti-social behaviour,,
,2014-08,Essex Police,Essex Police,0.261417,51.506475,On or near Park Lane,E01015924,Thurrock 008C,Anti-social behaviour,,
7fa00d2d1bd6acd7a686fba9e30ba288da06b2d7cd571fff4b94d8ad4cb7e36a,2014-08,Essex Police,Essex Police,0.248851,51.508533,On or near Parking Area,E01015924,Thurrock 008C,Burglary,Investigation complete; no suspect identified,
7ff1bb581a73de969f14feb8bfa96769362dd59fd8f53a813160339fe1b043a5,2014-08,Essex Police,Essex Police,0.253076,51.511213,On or near Usk Road,E01015924,Thurrock 008C,Criminal damage and arson,Under investigation,
829e8c6a8918139096f3aec10f63d65079a7703e4d6badcec693186d8876d76a,2014-08,Essex Police,Essex Police,0.249818,51.507103,On or near Swale Close,E01015924,Thurrock 008C,Criminal damage and arson,Under investigation,
3ff46dbdf7aed06951b5ebd58441dfc19777f5e06e38cb9426c14081aba1a67c,2014-08,Essex Police,Essex Police,0.249818,51.507103,On or near Swale Close,E01015924,Thurrock 008C,Drugs,Offender given a caution,
f26fd8d5b6ba556993d5701a2df2f3950adf9a0389a0744bfbb3dee47ddafece,2014-08,Essex Police,Essex Police,0.261417,51.506475,On or near Park Lane,E01015924,Thurrock 008C,Other theft,Investigation complete; no suspect identified,
9b107522706115fa60161a8b0fe38a26b8e3412df3a678e4d1a4fc660b9349b4,2014-08,Essex Police,Essex Police,0.249818,51.507103,On or near Swale Close,E01015924,Thurrock 008C,Violence and sexual offences,Awaiting court outcome,
20e4b9aaf406ba53559918e4d825c405ba20700df866084a76eaa8b4f3298ea4,2014-08,Essex Police,Essex Police,0.252071,51.510117,On or near Ravel Gardens,E01015924,Thurrock 008C,Violence and sexual offences,Under investigation,
576372641f9505f0762f79d65d64bc85a508067f9d2268431607ae5863d23bbd,2014-08,Essex Police,Essex Police,0.249818,51.507103,On or near Swale Close,E01015924,Thurrock 008C,Violence and sexual offences,Unable to prosecute suspect,
,2014-08,Essex Police,Essex Police,0.250517,51.501388,On or near Buchanan Close,E01015925,Thurrock 008D,Anti-social behaviour,,
,2014-08,Essex Police,Essex Police,0.233797,51.489198,On or near Tank Hill Road,E01015925,Thurrock 008D,Anti-social behaviour,,
,2014-08,Essex Police,Essex Police,0.247130,51.496111,On or near Love Lane,E01015925,Thurrock 008D,Anti-social behaviour,,
,2014-08,Essex Police,Essex Police,0.233165,51.495721,On or near London Road,E01015925,Thurrock 008D,Anti-social behaviour,,
,2014-08,Essex Police,Essex Police,0.236110,51.494676,On or near Sports/Recreation Area,E01015925,Thurrock 008D,Anti-social behaviour,,
b57fe9e71de3cd02d5b11878e0007c7e649b86fb5c349e75c2933b12d6d60531,2014-08,Essex Police,Essex Police,0.242458,51.498071,On or near Purfleet Road,E01015925,Thurrock 008D,Burglary,Under investigation,
91afcac2f0faf61dca76f1047675c54774c5ad366f2b1cff00ea6f18dbdf68c8,2014-08,Essex Police,Essex Police,0.236110,51.494676,On or near Sports/Recreation Area,E01015925,Thurrock 008D,Burglary,Under investigation,
34fb2fba566c9ca9292da1f693007d8affdcb397362d35594100297911b21a78,2014-08,Essex Police,Essex Police,0.236110,51.494676,On or near Sports/Recreation Area,E01015925,Thurrock 008D,Vehicle crime,Investigation complete; no suspect identified,
9ba6250c75be22dd55c6896078f625d07f09e103e296b105976c2c37fbe702af,2014-08,Essex Police,Essex Police,0.250552,51.502988,On or near St Paul'S Close,E01015925,Thurrock 008D,Violence and sexual offences,Awaiting court outcome,
,2014-08,Essex Police,Essex Police,0.259383,51.501775,On or near Park Lane,E01015926,Thurrock 008E,Anti-social behaviour,,
,2014-08,Essex Police,Essex Police,0.251352,51.499636,On or near Petrol Station,E01015926,Thurrock 008E,Anti-social behaviour,,
,2014-08,Essex Police,Essex Police,0.258953,51.500074,On or near Broome Place,E01015926,Thurrock 008E,Anti-social behaviour,,
,2014-08,Essex Police,Essex Police,0.251352,51.499636,On or near Petrol Station,E01015926,Thurrock 008E,Anti-social behaviour,,
,2014-08,Essex Police,Essex Police,0.251352,51.499636,On or near Petrol Station,E01015926,Thurrock 008E,Anti-social behaviour,,
c705f29fce79a6ad2f920ad283c48f57d07978c1b0f9023e0923d52e8f16e6e9,2014-08,Essex Police,Essex Police,0.262166,51.499491,On or near Stifford Road,E01015926,Thurrock 008E,Burglary,Investigation complete; no suspect identified,
8a5bb6ff29013cf1ba20059ad77b1b00655f63af2649caa8c980368cc7070a1b,2014-08,Essex Police,Essex Police,0.268519,51.497722,On or near M25,E01015926,Thurrock 008E,Criminal damage and arson,Investigation complete; no suspect identified,
e769c700a94245d9c8aad524bb4c7c6b651237524a0d88c822cd5dbaa363b30c,2014-08,Essex Police,Essex Police,0.259383,51.501775,On or near Park Lane,E01015926,Thurrock 008E,Criminal damage and arson,Under investigation,
2c677e6670de4e35c2d8eff5ea857a4dbca429ce36a19caad6e0eb19da8f2c57,2014-08,Essex Police,Essex Police,0.258953,51.500074,On or near Broome Place,E01015926,Thurrock 008E,Other theft,Investigation complete; no suspect identified,
8b07f44ca9c2e631268f10be89e748574c17f3346306423bde81b126f65cc0d3,2014-08,Essex Police,Essex Police,0.251352,51.499636,On or near Petrol Station,E01015926,Thurrock 008E,Other theft,Under investigation,
7b162b196de1ed17520ded6bcf65bb2af089c4adab83fe878abbf5afe9eb5fa9,2014-08,Essex Police,Essex Police,0.256149,51.499894,On or near Crescent Way,E01015926,Thurrock 008E,Vehicle crime,Investigation complete; no suspect identified,
2fe052f32e425d0013a1123639a9dc893c423a1537f109ba8b8c6e391d5452ce,2014-08,Essex Police,Essex Police,0.262166,51.499491,On or near Stifford Road,E01015926,Thurrock 008E,Vehicle crime,Investigation complete; no suspect identified,
bd6840907386ac49d8dcd43f322aa47ce5aed096f420f2fb8803f5d6342dea6c,2014-08,Essex Police,Essex Police,0.248743,51.500190,On or near Grange Road,E01015926,Thurrock 008E,Vehicle crime,Investigation complete; no suspect identified,
e62e721eb46995216e93c41c62991d5102f774b5f8ed81c31172a56c2503c3b3,2014-08,Essex Police,Essex Police,0.268519,51.497722,On or near M25,E01015926,Thurrock 008E,Violence and sexual offences,Investigation complete; no suspect identified,
1f3c526e833d22686bd5492e839b56f186bd96abee3399d403a9111282518e95,2014-08,Essex Police,Essex Police,0.257772,51.498343,On or near Lennard Row,E01015926,Thurrock 008E,Violence and sexual offences,Local resolution,
af805181414059fb651917c0deb61d9b93ac906c7fdc705c5412a69f3ed124f6,2014-08,Essex Police,Essex Police,0.248743,51.500190,On or near Grange Road,E01015926,Thurrock 008E,Violence and sexual offences,Under investigation,
,2014-08,Essex Police,Essex Police,0.323260,51.487909,On or near Dexter Close,E01015957,Thurrock 009A,Anti-social behaviour,,
,2014-08,Essex Police,Essex Police,0.324269,51.489337,On or near Thurloe Walk,E01015957,Thurrock 009A,Anti-social behaviour,,
,2014-08,Essex Police,Essex Police,0.322861,51.490264,On or near Lisle Place,E01015957,Thurrock 009A,Anti-social behaviour,,
,2014-08,Essex Police,Essex Police,0.323260,51.487909,On or near Dexter Close,E01015957,Thurrock 009A,Anti-social behaviour,,
,2014-08,Essex Police,Essex Police,0.323260,51.487909,On or near Dexter Close,E01015957,Thurrock 009A,Anti-social behaviour,,
8b047f4ca1a6644cc2f918afc36bd1dfdb76d8c83dae00399f5eec859f7bd17a,2014-08,Essex Police,Essex Police,0.324202,51.490840,On or near Lucas Road,E01015957,Thurrock 009A,Criminal damage and arson,Under investigation,
2c00226d2c24b0a9123088df0e6083c3ea8f37bbe327292ff919dbf810abdbfb,2014-08,Essex Police,Essex Police,0.323260,51.487909,On or near Dexter Close,E01015957,Thurrock 009A,Vehicle crime,Under investigation,
4a742339bb2c4a8c85621056919e9ca761c263f673b245793ca3556b41d9a7fa,2014-08,Essex Police,Essex Police,0.323260,51.487909,On or near Dexter Close,E01015957,Thurrock 009A,Violence and sexual offences,Under investigation,
,2014-08,Essex Police,Essex Police,0.320872,51.491940,On or near Dukes Avenue,E01015958,Thurrock 009B,Anti-social behaviour,,
,2014-08,Essex Police,Essex Police,0.320872,51.491940,On or near Dukes Avenue,E01015958,Thurrock 009B,Anti-social behaviour,,
,2014-08,Essex Police,Essex Police,0.323890,51.483868,On or near Russel Road,E01015958,Thurrock 009B,Anti-social behaviour,,
,2014-08,Essex Police,Essex Police,0.324764,51.485181,On or near Hathaway Road,E01015958,Thurrock 009B,Anti-social behaviour,,
02cfc91e69d195cbf5cb0556edcb26a569cd659022e5f6bbfbeaee93a594458d,2014-08,Essex Police,Essex Police,0.322450,51.486423,On or near Wallace Road,E01015958,Thurrock 009B,Burglary,Under investigation,
5c97554f3cfe8ff0ab90ca015198e584dc9ef390b432283fe9466a05438db4de,2014-08,Essex Police,Essex Police,0.324764,51.485181,On or near Hathaway Road,E01015958,Thurrock 009B,Criminal damage and arson,Under investigation,
8b645d0d57e001359512b3a45c3ac5f35ea84e4e0fdf89715ef1e9980826e4c3,2014-08,Essex Police,Essex Police,0.324764,51.485181,On or near Hathaway Road,E01015958,Thurrock 009B,Other theft,Investigation complete; no suspect identified,
1f9824662c2050c09072c6a046ca8d9da64f9fcce7f1e1180e52d480d9678ac7,2014-08,Essex Police,Essex Police,0.324764,51.485181,On or near Hathaway Road,E01015958,Thurrock 009B,Public order,Under investigation,
112f006f867aca8f343545dc68f06fe7d8ae7485394c20294ac5c29686848d3f,2014-08,Essex Police,Essex Police,0.324764,51.485181,On or near Hathaway Road,E01015958,Thurrock 009B,Public order,Under investigation,
9189bbe6d2ed0e43f4d0d641b0b733892e07d83485e3b5e913569da752acaed3,2014-08,Essex Police,Essex Police,0.324764,51.485181,On or near Hathaway Road,E01015958,Thurrock 009B,Public order,Under investigation,
b8624a2d3f2b16ce411eab2bb675440d700e1619d166a3cff367e2e2cb352198,2014-08,Essex Police,Essex Police,0.324764,51.485181,On or near Hathaway Road,E01015958,Thurrock 009B,Public order,Unable to prosecute suspect,
02f5e01125de1cd05408c5892411f77be83d9cf35ccc41462907c61938d00892,2014-08,Essex Police,Essex Police,0.322450,51.486423,On or near Wallace Road,E01015958,Thurrock 009B,Vehicle crime,Awaiting court outcome,
0c43485c31cf5a77281637a8d4ee00e6fdff5a66b923b36b567e50bdef8860b0,2014-08,Essex Police,Essex Police,0.324764,51.485181,On or near Hathaway Road,E01015958,Thurrock 009B,Violence and sexual offences,Awaiting court outcome,
,2014-08,Essex Police,Essex Police,0.333212,51.499996,On or near Oakway,E01015993,Thurrock 009C,Anti-social behaviour,,
,2014-08,Essex Police,Essex Police,0.336075,51.498230,On or near Leasway,E01015993,Thurrock 009C,Anti-social behaviour,,
,2014-08,Essex Police,Essex Police,0.331665,51.500737,On or near Whitmore Avenue,E01015993,Thurrock 009C,Anti-social behaviour,,
48a4f8b5f3c08ff759fe4da13174906e9eb98b8366b9ebeb7c148302bc82cd6e,2014-08,Essex Police,Essex Police,0.333212,51.499996,On or near Oakway,E01015993,Thurrock 009C,Criminal damage and arson,Under investigation,
7f36cfca8ecc67797dc99e5e143c93101ce6b7cd3bcc34ebfa8ff1865b2ba543,2014-08,Essex Police,Essex Police,0.333212,51.499996,On or near Oakway,E01015993,Thurrock 009C,Criminal damage and arson,Under investigation,
,2014-08,Essex Police,Essex Police,0.327866,51.496874,On or near Harty Close,E01015994,Thurrock 009D,Anti-social behaviour,,
55cbb35ac06ce073e9920b7589e9c2b284f320384b887a640a184a3127580fd8,2014-08,Essex Police,Essex Police,0.326374,51.496732,On or near Crawford Avenue,E01015994,Thurrock 009D,Bicycle theft,Investigation complete; no suspect identified,
ce6743ff27342b8c75c3ecc9af0b55758d3ae4e12f31fcf18d853f1bf89447cf,2014-08,Essex Police,Essex Police,0.325122,51.494779,On or near Nutberry Avenue,E01015994,Thurrock 009D,Burglary,Under investigation,
b8588507efb37a567f28ec418de6f4732b3348a0b547f04377a47a8052edd501,2014-08,Essex Police,Essex Police,0.324242,51.496442,On or near Fieldway,E01015994,Thurrock 009D,Burglary,Under investigation,
51e6d832eafbe0169df33a8bab857166ef0eac1ba14e38767ff8d606ba84a6e9,2014-08,Essex Police,Essex Police,0.314479,51.499396,On or near A13,E01015994,Thurrock 009D,Criminal damage and arson,Under investigation,
a4812992aebdeb11ebe731554a9d6874a9ad8a12ced5b452f4c4d4a28dfedd85,2014-08,Essex Police,Essex Police,0.314479,51.499396,On or near A13,E01015994,Thurrock 009D,Public order,Under investigation,
a017651d5156f8ece7614fc4dc72e4d469a7c09c3d4c0659f2a1b5cf45eff855,2014-08,Essex Police,Essex Police,0.314479,51.499396,On or near A13,E01015994,Thurrock 009D,Vehicle crime,Investigation complete; no suspect identified,
4fb470fa4c2313535398d3dc3b160fe77d445704e159625dff66424f4e4459ec,2014-08,Essex Police,Essex Police,0.324242,51.496442,On or near Fieldway,E01015994,Thurrock 009D,Violence and sexual offences,Under investigation,
,2014-08,Essex Police,Essex Police,0.330506,51.495544,On or near Long Lane,E01015995,Thurrock 009E,Anti-social behaviour,,
,2014-08,Essex Police,Essex Police,0.328888,51.491215,On or near Bodell Close,E01015995,Thurrock 009E,Anti-social behaviour,,
,2014-08,Essex Police,Essex Police,0.330506,51.495544,On or near Long Lane,E01015995,Thurrock 009E,Anti-social behaviour,,
9828da973b1ed6e3a1b42ae62bd6eb8e64c8038fa2ccd8e4aa967b24ae66b1f9,2014-08,Essex Police,Essex Police,0.330506,51.495544,On or near Long Lane,E01015995,Thurrock 009E,Burglary,Investigation complete; no suspect identified,
4dedbecb707b7ac7463bc676527bc8d7451adf967c32dc824d083a0206836805,2014-08,Essex Police,Essex Police,0.330506,51.495544,On or near Long Lane,E01015995,Thurrock 009E,Drugs,Under investigation,
edd11fa84159d080293c9a85e4a858445db7cd1f05ca5962d650349410dc970a,2014-08,Essex Police,Essex Police,0.330506,51.495544,On or near Long Lane,E01015995,Thurrock 009E,Drugs,Under investigation,
8902bc2135bfbcaf8542e0165efdb6eb187c31fc5992d205e5aa34ed3d361ed9,2014-08,Essex Police,Essex Police,0.330506,51.495544,On or near Long Lane,E01015995,Thurrock 009E,Drugs,Under investigation,
3422be5114bb92001c244b4c5e7a4d708e5827edf6165959559ea0156faed828,2014-08,Essex Police,Essex Police,0.328888,51.491215,On or near Bodell Close,E01015995,Thurrock 009E,Other theft,Investigation complete; no suspect identified,
f7ed8673c5bebe5819b2f6a3dbcd548d3625ec92bb87c01e0eca9ab21ebe3d09,2014-08,Essex Police,Essex Police,0.329805,51.492815,On or near Chestnut Avenue,E01015995,Thurrock 009E,Vehicle crime,Investigation complete; no suspect identified,
12928416c868df12e7b283a639cbb657477aaf82e5e818fde3c081518bbf78a0,2014-08,Essex Police,Essex Police,0.325435,51.491580,On or near Lodge Lane,E01015995,Thurrock 009E,Vehicle crime,Under investigation,
233c2e6a68f3ae0e9cb33580426d9a7b68dee8b2e924ce4b554368597cef9ffd,2014-08,Essex Police,Essex Police,0.325435,51.491580,On or near Lodge Lane,E01015995,Thurrock 009E,Vehicle crime,Under investigation,
,2014-08,Essex Police,Essex Police,0.325819,51.499118,On or near Chafford Way,E01015996,Thurrock 009F,Anti-social behaviour,,
,2014-08,Essex Police,Essex Police,0.323944,51.497104,On or near Thorley Road,E01015996,Thurrock 009F,Anti-social behaviour,,
,2014-08,Essex Police,Essex Police,0.328362,51.500668,On or near Gourney Grove,E01015996,Thurrock 009F,Anti-social behaviour,,
,2014-08,Essex Police,Essex Police,0.328362,51.500668,On or near Gourney Grove,E01015996,Thurrock 009F,Anti-social behaviour,,
58ad8da1c351e31a28f15fd00f9cb6a79ee80ee6a08e6f5c55a66ac88fe2c0a3,2014-08,Essex Police,Essex Police,0.324372,51.500711,On or near Silverwood Close,E01015996,Thurrock 009F,Criminal damage and arson,Unable to prosecute suspect,
8e51eaf048ff68351b96f23893a6901887206af091fbf645238b5e0cf29bc081,2014-08,Essex Police,Essex Police,0.327292,51.501454,On or near Kingsman Drive,E01015996,Thurrock 009F,Criminal damage and arson,Under investigation,
890670f0990497bb646707f75eae45e75a7f744bce3042be2ad919d0de821ade,2014-08,Essex Police,Essex Police,0.319882,51.499964,On or near Grantham Way,E01015996,Thurrock 009F,Vehicle crime,Investigation complete; no suspect identified,
,2014-08,Essex Police,Essex Police,0.345374,51.497217,On or near Kerry Road,E01015963,Thurrock 010A,Anti-social behaviour,,
,2014-08,Essex Police,Essex Police,0.345374,51.497217,On or near Kerry Road,E01015963,Thurrock 010A,Anti-social behaviour,,
136484eaff4c83a4d613c547598e0c757d0228f88cd8ba00270b8687d9a4d9c7,2014-08,Essex Police,Essex Police,0.346980,51.494811,On or near Springfield Road,E01015963,Thurrock 010A,Burglary,Under investigation,
901694e2add57b5f124f3cff9d66b02f0a2f27af3b72344e52423ba3de4dd964,2014-08,Essex Police,Essex Police,0.345558,51.495748,On or near Jesmond Road,E01015963,Thurrock 010A,Shoplifting,Under investigation,
6ecc0ad84369face43d8d028d4f6cec5ca7134e9db9500049b86519bedc6ef0a,2014-08,Essex Police,Essex Police,0.346980,51.494811,On or near Springfield Road,E01015963,Thurrock 010A,Violence and sexual offences,Under investigation,
41a91906c36eb1938857a923959c557f7393f5c56353e52c7b8e2cddc8e48130,2014-08,Essex Police,Essex Police,0.342623,51.495537,On or near Highfield Gardens,E01015963,Thurrock 010A,Violence and sexual offences,Under investigation,
f179e4181f806c0814abdabedbc4e298750a8ea295c5a0ea8d41e343aa586f34,2014-08,Essex Police,Essex Police,0.346980,51.494811,On or near Springfield Road,E01015963,Thurrock 010A,Violence and sexual offences,Under investigation,
5dc83cb821222f4aa9fb47dde748cfd7959761b153ad2429691793ca565aeda5,2014-08,Essex Police,Essex Police,0.343428,51.496627,On or near Cherrydown,E01015963,Thurrock 010A,Other crime,Under investigation,
,2014-08,Essex Police,Essex Police,0.337659,51.492002,On or near Turp Avenue,E01015964,Thurrock 010B,Anti-social behaviour,,
,2014-08,Essex Police,Essex Police,0.337659,51.492002,On or near Turp Avenue,E01015964,Thurrock 010B,Anti-social behaviour,,
,2014-08,Essex Police,Essex Police,0.333777,51.490182,On or near Albert Close,E01015964,Thurrock 010B,Anti-social behaviour,,
,2014-08,Essex Police,Essex Police,0.337659,51.492002,On or near Turp Avenue,E01015964,Thurrock 010B,Anti-social behaviour,,
6a29c99be7a2b8f9e53f376048719473276881aaaab4d0c357cfba7a8a235492,2014-08,Essex Police,Essex Police,0.340105,51.489139,On or near Lodge Lane,E01015964,Thurrock 010B,Criminal damage and arson,Awaiting court outcome,
2a2ef8e492bf66010f532769bca5539e20a763b5a89301addee2804a4f90f1dd,2014-08,Essex Police,Essex Police,0.340105,51.489139,On or near Lodge Lane,E01015964,Thurrock 010B,Criminal damage and arson,Investigation complete; no suspect identified,
1ba8efcb3aac354445d6ac07465c77f3a575c956e2723305ecce463436d26489,2014-08,Essex Police,Essex Police,0.339788,51.489136,On or near Lodge Lane,E01015964,Thurrock 010B,Other theft,Under investigation,
f5c795c7c1dd6d534512834355fbd6ac335be16f64fe1c3ac55f881d76178496,2014-08,Essex Police,Essex Police,0.353139,51.491603,On or near Buxton Road,E01015965,Thurrock 010C,Burglary,Under investigation,
0405f5950035f086bafa2ff54984c377235c6fd2eb16b8f9410a8f02f643397b,2014-08,Essex Police,Essex Police,0.354940,51.489921,On or near Carlton Road,E01015965,Thurrock 010C,Burglary,Under investigation,
fc0ea404ef61405eb03bf0af6a10b356c82765ee8c1de25e0e3cb60fa51f8c02,2014-08,Essex Police,Essex Police,0.351538,51.486239,On or near Sports/Recreation Area,E01015965,Thurrock 010C,Burglary,Under investigation,
81ac87d86f880176c204967c37414cdb2fc581a5855cc385688e94c58e2a14a8,2014-08,Essex Police,Essex Police,0.355844,51.498230,On or near A1089,E01015965,Thurrock 010C,Drugs,Offender given a drugs possession warning,
9e2880766d4bcee27c2a77fde432bcf042357d4da83187a64f48363ff18232fd,2014-08,Essex Police,Essex Police,0.355844,51.498230,On or near A1089,E01015965,Thurrock 010C,Drugs,Offender given a drugs possession warning,
45aa868c5481776757842d6f6e358cb4dc283cab28514835e5011a78702f1ecc,2014-08,Essex Police,Essex Police,0.355844,51.498230,On or near A1089,E01015965,Thurrock 010C,Vehicle crime,Investigation complete; no suspect identified,
f160b9d3b1f933fc512e47602623a3f6b64389e0919d86f7c6ae529b11f8472c,2014-08,Essex Police,Essex Police,0.355844,51.498230,On or near A1089,E01015965,Thurrock 010C,Vehicle crime,Investigation complete; no suspect identified,
473c0ffaabd0b407392ad9d119d05de5657b93c5d83c2049d8ea753bf479adc7,2014-08,Essex Police,Essex Police,0.355844,51.498230,On or near A1089,E01015965,Thurrock 010C,Vehicle crime,Investigation complete; no suspect identified,
22890cd50b8dd7df62b1386f984c20e9a84ddc60d25d882fdb1a3d3fc9128906,2014-08,Essex Police,Essex Police,0.353657,51.489911,On or near Gordon Road,E01015965,Thurrock 010C,Violence and sexual offences,Under investigation,
dd3c63eebb1698287a1f8f859e9ee3fd949ab14b098ce9e3b277a2fdbc0fd113,2014-08,Essex Police,Essex Police,0.353657,51.489911,On or near Gordon Road,E01015965,Thurrock 010C,Violence and sexual offences,Under investigation,
,2014-08,Essex Police,Essex Police,0.341638,51.491779,On or near Parking Area,E01015966,Thurrock 010D,Anti-social behaviour,,
,2014-08,Essex Police,Essex Police,0.340369,51.497659,On or near Brookman'S Avenue,E01015966,Thurrock 010D,Anti-social behaviour,,
,2014-08,Essex Police,Essex Police,0.341136,51.493516,On or near Broadview Avenue,E01015966,Thurrock 010D,Anti-social behaviour,,
,2014-08,Essex Police,Essex Police,0.346930,51.490756,On or near Sports/Recreation Area,E01015966,Thurrock 010D,Anti-social behaviour,,
,2014-08,Essex Police,Essex Police,0.340369,51.497659,On or near Brookman'S Avenue,E01015966,Thurrock 010D,Anti-social behaviour,,
ffbce3b0354575c1c74501badee7344792b627e42cdc76555791569f8ccc32a0,2014-08,Essex Police,Essex Police,0.341638,51.491779,On or near Parking Area,E01015966,Thurrock 010D,Bicycle theft,Under investigation,
14c6c5a2c110e8f8e2887d04ebd7b0bfbef2e4d44e56a7b47f6b3d18ab6797c5,2014-08,Essex Police,Essex Police,0.337686,51.492820,On or near Haven Place,E01015966,Thurrock 010D,Burglary,Under investigation,
5501e1b9727862fba9868db0def60b671d948f4e4ded4fb79b4e187080e08d44,2014-08,Essex Police,Essex Police,0.341206,51.497130,On or near Rushley Close,E01015966,Thurrock 010D,Burglary,Under investigation,
3bf0dc7a3ac66e3d40c2938f5f5f8c41247e263ed532672d252c9fbcf2816161,2014-08,Essex Police,Essex Police,0.343044,51.494764,On or near Laird Avenue,E01015966,Thurrock 010D,Other theft,Investigation complete; no suspect identified,
f2e7396510213981fe261769550c546973a5424e444228f39109418f5d936f5e,2014-08,Essex Police,Essex Police,0.343044,51.494764,On or near Laird Avenue,E01015966,Thurrock 010D,Robbery,Under investigation,
6e3055fec929084a0bedeb14c2e4d23d5d0aac4747119457f95020ee13cee65c,2014-08,Essex Police,Essex Police,0.341136,51.493516,On or near Broadview Avenue,E01015966,Thurrock 010D,Vehicle crime,Under investigation,
ed0ca4476ea3e64e1ec16f4baa224ee5bbb9b3ddac5b706284aa03440a921711,2014-08,Essex Police,Essex Police,0.337418,51.494336,On or near Crowstone Road,E01015966,Thurrock 010D,Vehicle crime,Investigation complete; no suspect identified,
bf0572887a0308b8d29e40bdc774d54775186964790035e730a4df32acd03d14,2014-08,Essex Police,Essex Police,0.343044,51.494764,On or near Laird Avenue,E01015966,Thurrock 010D,Violence and sexual offences,Under investigation,
18011869d006bf8ab5fa17e7a1c0520f9a982ec138db35776149e9e0fc1858cc,2014-08,Essex Police,Essex Police,0.337418,51.494336,On or near Crowstone Road,E01015966,Thurrock 010D,Violence and sexual offences,Under investigation,
4f8a06ff126597e15496f5959ce73505e55a07f9754a9de7ca8d4340c4535333,2014-08,Essex Police,Essex Police,0.343044,51.494764,On or near Laird Avenue,E01015966,Thurrock 010D,Violence and sexual offences,Under investigation,
,2014-08,Essex Police,Essex Police,0.378940,51.484661,On or near Cole Avenue,E01015933,Thurrock 012A,Anti-social behaviour,,
,2014-08,Essex Police,Essex Police,0.376093,51.482821,On or near Langton Way,E01015933,Thurrock 012A,Anti-social behaviour,,
,2014-08,Essex Police,Essex Police,0.378940,51.484661,On or near Cole Avenue,E01015933,Thurrock 012A,Anti-social behaviour,,
,2014-08,Essex Police,Essex Police,0.378940,51.484661,On or near Cole Avenue,E01015933,Thurrock 012A,Anti-social behaviour,,
b50b4ae5554d9503721a1c4713b652f627551ef1daa3a954bf52729f18046c24,2014-08,Essex Police,Essex Police,0.371596,51.480817,On or near Giffordside,E01015933,Thurrock 012A,Burglary,Under investigation,
b763b00f90296770705a16e7b1f41aaa02720309931d19b0dd9cb6d09ce96e59,2014-08,Essex Police,Essex Police,0.370349,51.480383,On or near Furness Close,E01015933,Thurrock 012A,Other theft,Under investigation,
4b2cb918c286776ff1958968ada13ab003060f22f984d4b753c0dc7e3fd664c8,2014-08,Essex Police,Essex Police,0.372533,51.480276,On or near St Johns Road,E01015933,Thurrock 012A,Vehicle crime,Under investigation,
f74436c7a7f46ee1a21d7c4651310b9e44e52c65c50efc304f3ca3dbee7d5e14,2014-08,Essex Police,Essex Police,0.370349,51.480383,On or near Furness Close,E01015933,Thurrock 012A,Violence and sexual offences,Under investigation,
,2014-08,Essex Police,Essex Police,0.369246,51.482447,On or near Parking Area,E01015934,Thurrock 012B,Anti-social behaviour,,
,2014-08,Essex Police,Essex Police,0.366587,51.482825,On or near Oxford Avenue,E01015934,Thurrock 012B,Anti-social behaviour,,
,2014-08,Essex Police,Essex Police,0.369246,51.482447,On or near Parking Area,E01015934,Thurrock 012B,Anti-social behaviour,,
,2014-08,Essex Police,Essex Police,0.372710,51.483690,On or near Camden Close,E01015934,Thurrock 012B,Anti-social behaviour,,
,2014-08,Essex Police,Essex Police,0.362433,51.486056,On or near Templer Avenue,E01015934,Thurrock 012B,Anti-social behaviour,,
4bd9fab0c452970e8371c8838e9e2e609e68745ecde8a05cd3ea2e42db46c42c,2014-08,Essex Police,Essex Police,0.372710,51.483690,On or near Camden Close,E01015934,Thurrock 012B,Bicycle theft,Under investigation,
aeb66afa71caf4bd12a05825f451359f77f4203d769e69e62c1d4185d8657bf9,2014-08,Essex Police,Essex Police,0.369246,51.482447,On or near Parking Area,E01015934,Thurrock 012B,Bicycle theft,Under investigation,
a6ca030bbc95f2dbcde2d98d8cae4663724255ee9ec575e051c76eb85d8dab84,2014-08,Essex Police,Essex Police,0.369893,51.482974,On or near Marisco Close,E01015934,Thurrock 012B,Burglary,Under investigation,
96fba9d1bda4089e04707be18baedd2018a4515029f4403729a66e359a809223,2014-08,Essex Police,Essex Police,0.368653,51.484905,On or near Rigby Gardens,E01015934,Thurrock 012B,Burglary,Under investigation,
e7ab9dd4b19c9eb61f674b67ed807d2ddd77187304bcde06005f4b655e2a0080,2014-08,Essex Police,Essex Police,0.368407,51.482653,On or near Petrol Station,E01015934,Thurrock 012B,Criminal damage and arson,Investigation complete; no suspect identified,
5abc46809e73d66b20ff366b95b1af7849538edee8f76260af6d0d7170c11655,2014-08,Essex Police,Essex Police,0.368407,51.482653,On or near Petrol Station,E01015934,Thurrock 012B,Criminal damage and arson,Under investigation,
3b5eab0ec77655ef8d2f8ed8d99154ee92e59cdd80366e3eca5b5b5a7f23fec5,2014-08,Essex Police,Essex Police,0.368407,51.482653,On or near Petrol Station,E01015934,Thurrock 012B,Other theft,Under investigation,
e7f7431e801a247a75ba693ea6b519414b3fc35607d4998868cadf9b0f1b6ce3,2014-08,Essex Police,Essex Police,0.368407,51.482653,On or near Petrol Station,E01015934,Thurrock 012B,Other theft,Investigation complete; no suspect identified,
1f892b6ca319f47fc078023d375751c7770b0e2c45b2cc085dff32384775fc48,2014-08,Essex Police,Essex Police,0.368407,51.482653,On or near Petrol Station,E01015934,Thurrock 012B,Other theft,Under investigation,
fe1b92ff78f2181fe52231833745df855a34c02831a57351a6c0fb5a1d02cbd3,2014-08,Essex Police,Essex Police,0.366187,51.483444,On or near Newnham Place,E01015934,Thurrock 012B,Other theft,Investigation complete; no suspect identified,
9f99e277c7143e54eb94d1616d92f079ce218f3ab3fc148752106df54d98f483,2014-08,Essex Police,Essex Police,0.369893,51.482974,On or near Marisco Close,E01015934,Thurrock 012B,Other theft,Under investigation,
ad7ed09242bc21e0f62712f40a8783726ca85482b02633d38aab4f3c78ef8d5c,2014-08,Essex Police,Essex Police,0.368407,51.482653,On or near Petrol Station,E01015934,Thurrock 012B,Vehicle crime,Investigation complete; no suspect identified,
64bcbd2a444dc1ab835a53cc37a1a3ba0c1654a1987d6d49955ab1afdc216955,2014-08,Essex Police,Essex Police,0.364080,51.484494,On or near Scott Road,E01015934,Thurrock 012B,Violence and sexual offences,Under investigation,
39e0ed154789474c5e6962c16919f3f3b2a20549850872a11bcf2bf2a66e72f5,2014-08,Essex Police,Essex Police,0.369246,51.482447,On or near Parking Area,E01015934,Thurrock 012B,Violence and sexual offences,Under investigation,
,2014-08,Essex Police,Essex Police,0.364287,51.481801,On or near Kingsley Walk,E01015935,Thurrock 012C,Anti-social behaviour,,
,2014-08,Essex Police,Essex Police,0.365572,51.478807,On or near Thames View,E01015935,Thurrock 012C,Anti-social behaviour,,
,2014-08,Essex Police,Essex Police,0.363627,51.480735,On or near Stour Road,E01015935,Thurrock 012C,Anti-social behaviour,,
,2014-08,Essex Police,Essex Police,0.367091,51.479496,On or near Lea Road,E01015935,Thurrock 012C,Anti-social behaviour,,
,2014-08,Essex Police,Essex Police,0.365572,51.478807,On or near Thames View,E01015935,Thurrock 012C,Anti-social behaviour,,
,2014-08,Essex Police,Essex Police,0.363301,51.481128,On or near Chelmer Road,E01015935,Thurrock 012C,Anti-social behaviour,,
,2014-08,Essex Police,Essex Police,0.363736,51.480067,On or near Crouch Road,E01015935,Thurrock 012C,Anti-social behaviour,,
,2014-08,Essex Police,Essex Police,0.363301,51.481128,On or near Chelmer Road,E01015935,Thurrock 012C,Anti-social behaviour,,
,2014-08,Essex Police,Essex Police,0.364287,51.481801,On or near Kingsley Walk,E01015935,Thurrock 012C,Anti-social behaviour,,
,2014-08,Essex Police,Essex Police,0.367091,51.479496,On or near Lea Road,E01015935,Thurrock 012C,Anti-social behaviour,,
,2014-08,Essex Police,Essex Police,0.363301,51.481128,On or near Chelmer Road,E01015935,Thurrock 012C,Anti-social behaviour,,
d4cfe0253938465ff4a20d88d3e09aac564fc07a9a9ef465134db786da9a85a4,2014-08,Essex Police,Essex Police,0.360515,51.482947,On or near Lever Square,E01015935,Thurrock 012C,Burglary,Under investigation,
e6aa185854fa2f5c203e81ffa1cf91da4c4a49b215242543599a788333d7f2d8,2014-08,Essex Police,Essex Police,0.365931,51.480176,On or near Thames Drive,E01015935,Thurrock 012C,Public order,Under investigation,
29fe5d54e5928f4623863ffe8d67fc03fa6d451200f8c462d7f72bb40b041c86,2014-08,Essex Police,Essex Police,0.360599,51.484573,On or near Lytton Road,E01015935,Thurrock 012C,Public order,Under investigation,
e5f8613f35bef2a611258487111be3ac946b2bd2dbe578566e4f2c4cb2698ceb,2014-08,Essex Police,Essex Police,0.360599,51.484573,On or near Lytton Road,E01015935,Thurrock 012C,Vehicle crime,Under investigation,
0e764ea4431c56568ded26c0ffefd2da2bc9a2374cf156ba05b535ed478ce948,2014-08,Essex Police,Essex Police,0.362302,51.483801,On or near Ruskin Road,E01015935,Thurrock 012C,Vehicle crime,Investigation complete; no suspect identified,
401d91bd70d8d81b608cf3f3988848089c632637197fbce092ea319770ad2489,2014-08,Essex Police,Essex Police,0.365572,51.478807,On or near Thames View,E01015935,Thurrock 012C,Violence and sexual offences,Under investigation,
52bea5a1da6b1677f2db6d68b03aa12bcc13138386b92bb16821c8f66830557d,2014-08,Essex Police,Essex Police,0.362236,51.482804,On or near Meredith Road,E01015935,Thurrock 012C,Violence and sexual offences,Under investigation,
,2014-08,Essex Police,Essex Police,0.369308,51.487806,On or near Kendale,E01015936,Thurrock 012D,Anti-social behaviour,,
,2014-08,Essex Police,Essex Police,0.373098,51.488952,On or near Longhouse Road,E01015936,Thurrock 012D,Anti-social behaviour,,
,2014-08,Essex Police,Essex Police,0.375717,51.488611,On or near Ingleby Road,E01015936,Thurrock 012D,Anti-social behaviour,,
,2014-08,Essex Police,Essex Police,0.376907,51.485745,On or near Seaborough Road,E01015936,Thurrock 012D,Anti-social behaviour,,
3217f2398065aa49f5f30bf384983a4057778841015136eda9923b86cb6950e4,2014-08,Essex Police,Essex Police,0.378467,51.486649,On or near Saint Francis Way,E01015936,Thurrock 012D,Burglary,Under investigation,
a65520e578f7bc15f52829f083131a987a638626546bd38f3991eb24576c0c09,2014-08,Essex Police,Essex Police,0.371959,51.487824,On or near Delargy Close,E01015936,Thurrock 012D,Other theft,Under investigation,
,2014-08,Essex Police,Essex Police,0.364274,51.487134,On or near Orsett Heath Crescent,E01015937,Thurrock 012E,Anti-social behaviour,,
,2014-08,Essex Police,Essex Police,0.367471,51.488230,On or near Cherry Walk,E01015937,Thurrock 012E,Anti-social behaviour,,
,2014-08,Essex Police,Essex Police,0.364348,51.488562,On or near Loewen Road,E01015937,Thurrock 012E,Anti-social behaviour,,
,2014-08,Essex Police,Essex Police,0.362449,51.494455,On or near Hornsby Lane,E01015937,Thurrock 012E,Anti-social behaviour,,
,2014-08,Essex Police,Essex Police,0.362449,51.494455,On or near Hornsby Lane,E01015937,Thurrock 012E,Anti-social behaviour,,
,2014-08,Essex Police,Essex Police,0.364348,51.488562,On or near Loewen Road,E01015937,Thurrock 012E,Anti-social behaviour,,
f96fc954b56600f9549a59434d8010df4fe6157a15da62e574ecd3312bfc81ea,2014-08,Essex Police,Essex Police,0.365057,51.489178,On or near Chilton Road,E01015937,Thurrock 012E,Burglary,Under investigation,
7e4d7cac2e6fa060a9b69ff5d8a52a1c530c60a92d3fed7e04f9dd8655caa1f8,2014-08,Essex Police,Essex Police,0.368826,51.489623,On or near Errington Close,E01015937,Thurrock 012E,Criminal damage and arson,Investigation complete; no suspect identified,
127cee5d6f55a8c027ef1530508b642a435c393bcaad3257e75c7860548115bd,2014-08,Essex Police,Essex Police,0.364348,51.488562,On or near Loewen Road,E01015937,Thurrock 012E,Criminal damage and arson,Under investigation,
5655c6d9afb1494e3b4c4a2b0412bee29c9fea0c7a09b1835f3aa70e3088912b,2014-08,Essex Police,Essex Police,0.364792,51.491575,On or near Greyhound Lane,E01015937,Thurrock 012E,Other theft,Unable to prosecute suspect,
b6349a2b9af930b7cc031650a97163fde47349c798bfd9e3fa131db124980ade,2014-08,Essex Police,Essex Police,0.364348,51.488562,On or near Loewen Road,E01015937,Thurrock 012E,Public order,Awaiting court outcome,
d9f3eb5743f2741b959077460491ab88fb5bc37e990c0e99bdf0ec353ae6363e,2014-08,Essex Police,Essex Police,0.372042,51.490242,On or near Godman Road,E01015937,Thurrock 012E,Violence and sexual offences,Under investigation,
c65c3473ea325bdafecc68191709b346e08fbf0448a1699859338c87e74d0ef0,2014-08,Essex Police,Essex Police,0.362672,51.489289,On or near Haig Road,E01015937,Thurrock 012E,Violence and sexual offences,Under investigation,
,2014-08,Essex Police,Essex Police,0.375056,51.492519,On or near Ravencroft,E01015938,Thurrock 012F,Anti-social behaviour,,
,2014-08,Essex Police,Essex Police,0.376015,51.491861,On or near Alexandra Close,E01015938,Thurrock 012F,Anti-social behaviour,,
,2014-08,Essex Police,Essex Police,0.375056,51.492519,On or near Ravencroft,E01015938,Thurrock 012F,Anti-social behaviour,,
,2014-08,Essex Police,Essex Police,0.375056,51.492519,On or near Ravencroft,E01015938,Thurrock 012F,Anti-social behaviour,,
,2014-08,Essex Police,Essex Police,0.374851,51.489133,On or near Rykhill,E01015938,Thurrock 012F,Anti-social behaviour,,
,2014-08,Essex Police,Essex Police,0.375056,51.492519,On or near Ravencroft,E01015938,Thurrock 012F,Anti-social behaviour,,
,2014-08,Essex Police,Essex Police,0.375056,51.492519,On or near Ravencroft,E01015938,Thurrock 012F,Anti-social behaviour,,
,2014-08,Essex Police,Essex Police,0.375056,51.492519,On or near Ravencroft,E01015938,Thurrock 012F,Anti-social behaviour,,
,2014-08,Essex Police,Essex Police,0.375056,51.492519,On or near Ravencroft,E01015938,Thurrock 012F,Anti-social behaviour,,
,2014-08,Essex Police,Essex Police,0.375056,51.492519,On or near Ravencroft,E01015938,Thurrock 012F,Anti-social behaviour,,
,2014-08,Essex Police,Essex Police,0.375056,51.492519,On or near Ravencroft,E01015938,Thurrock 012F,Anti-social behaviour,,
,2014-08,Essex Police,Essex Police,0.375056,51.492519,On or near Ravencroft,E01015938,Thurrock 012F,Anti-social behaviour,,
79adcf731c63fa645839a9b60f672bd3205f13cfdcbc19f76d0fa203681a759b,2014-08,Essex Police,Essex Police,0.375578,51.489271,On or near Halton Road,E01015938,Thurrock 012F,Burglary,Under investigation,
da3c061d36811cab694f663c39d70237e8a0a8a9ed20054cd395711b06b2fb11,2014-08,Essex Police,Essex Police,0.375056,51.492519,On or near Ravencroft,E01015938,Thurrock 012F,Burglary,Under investigation,
7247a79420b32d7c121de0ce469b3a669b6741e4614f21826b815cc061a1e643,2014-08,Essex Police,Essex Police,0.373108,51.490814,On or near Northwood,E01015938,Thurrock 012F,Burglary,Under investigation,
c13881c98a20fcd5fcea112e549d48d3b4d095f2fad5f3bf835367ca2f94557f,2014-08,Essex Police,Essex Police,0.375056,51.492519,On or near Ravencroft,E01015938,Thurrock 012F,Burglary,Under investigation,
1e826ab2637ad471871542283fb1ac6c2864dd6726267dd19a0b48da8bb12cf2,2014-08,Essex Police,Essex Police,0.375056,51.492519,On or near Ravencroft,E01015938,Thurrock 012F,Drugs,Offender given community sentence,
38102fb26c8e5e1f49ef766431fa577f99c0aa89c15c707b71394cbf67c1b9d9,2014-08,Essex Police,Essex Police,0.372927,51.490089,On or near Morant Road,E01015938,Thurrock 012F,Drugs,Under investigation,
1e9e547640ea786d4b7e1406194aa775eb16b984ebf3e771a7064fc96c3f44da,2014-08,Essex Police,Essex Police,0.375056,51.492519,On or near Ravencroft,E01015938,Thurrock 012F,Other theft,Investigation complete; no suspect identified,
9f7d8cabaec6c92e15f0ea3cfe92abbfce1327517de813982a5b857cead8a9da,2014-08,Essex Police,Essex Police,0.374551,51.491684,On or near Sleepers Farm Road,E01015938,Thurrock 012F,Robbery,Under investigation,
6d014cc2c419bc1eae0028be4da760b884994c8db80a7ce907d9083ae3f04db6,2014-08,Essex Police,Essex Police,0.372927,51.490089,On or near Morant Road,E01015938,Thurrock 012F,Violence and sexual offences,Under investigation,
a3f43e28d8acc03b21943a73640235f6792c4d91ad019e7e82c298e534d4119c,2014-08,Essex Police,Essex Police,0.375056,51.492519,On or near Ravencroft,E01015938,Thurrock 012F,Violence and sexual offences,Under investigation,
e7a44d11189db3a7e56100b28db2aa2ee9a34cea23f0f7f7b15a6a2c187c7dda,2014-08,Essex Police,Essex Police,0.375056,51.492519,On or near Ravencroft,E01015938,Thurrock 012F,Violence and sexual offences,Under investigation,
b01e4bbef51d2e4264e05fcd4bcf75b038fbc9f76a1f6455765be87ab1d3d935,2014-08,Essex Police,Essex Police,0.375056,51.492519,On or near Ravencroft,E01015938,Thurrock 012F,Other crime,Under investigation,
,2014-08,Essex Police,Essex Police,0.420074,51.481598,On or near Queen Mary Avenue,E01015947,Thurrock 013A,Anti-social behaviour,,
,2014-08,Essex Police,Essex Police,0.421759,51.485943,On or near Colne,E01015947,Thurrock 013A,Anti-social behaviour,,
132bc834d290c1f965e4529c55e5ca0e7ed7b1956cc1351e385ed93f6798e933,2014-08,Essex Police,Essex Police,0.419809,51.485290,On or near Hayle,E01015947,Thurrock 013A,Burglary,Under investigation,
bb31ea8e18a174a12e0e9b934e96d99723cea024a5309e6fcd52dcf00726e5d7,2014-08,Essex Police,Essex Police,0.418147,51.483562,On or near Queen Elizabeth Avenue,E01015947,Thurrock 013A,Burglary,Investigation complete; no suspect identified,
a76ba91632257055c881aea13b2a599b0483bbed2c93dc001a4f2da1252d1310,2014-08,Essex Police,Essex Police,0.420107,51.485761,On or near Solway,E01015947,Thurrock 013A,Burglary,Under investigation,
3be0b9eed5c4f34ab217c535bccc8f289908093505ca3809c9d8a40dbf5a6362,2014-08,Essex Police,Essex Police,0.421759,51.485943,On or near Colne,E01015947,Thurrock 013A,Criminal damage and arson,Under investigation,
,2014-08,Essex Police,Essex Police,0.415707,51.485078,On or near Alexandra Way,E01015948,Thurrock 013B,Anti-social behaviour,,
,2014-08,Essex Police,Essex Police,0.419386,51.481117,On or near Princess Avenue,E01015948,Thurrock 013B,Anti-social behaviour,,
cc2d4ba4f9bfc35ec016cedbb0a89605f7f44911900295273b2c13a69d96e1a8,2014-08,Essex Police,Essex Police,0.415707,51.485078,On or near Alexandra Way,E01015948,Thurrock 013B,Bicycle theft,Investigation complete; no suspect identified,
df684aef229bfe2f545a549148fcb3357d1ab7c04552b6379a64fdecebded685,2014-08,Essex Police,Essex Police,0.415477,51.480182,On or near Bata Avenue,E01015948,Thurrock 013B,Burglary,Investigation complete; no suspect identified,
f7d4baf7f90451d21b052c5ce49f2dcbf793fb3af71f64023136803a7b142935,2014-08,Essex Police,Essex Police,0.419386,51.481117,On or near Princess Avenue,E01015948,Thurrock 013B,Burglary,Under investigation,
06a8356ae79a447f3e5f58cac92a697c94adf9dbb285c1f221d3228eb64b8b96,2014-08,Essex Police,Essex Police,0.419664,51.480383,On or near Gloucester Avenue,E01015948,Thurrock 013B,Other theft,Under investigation,
eb61f29ad9eebd8ec240d229a166022c437826425b22de0597d89607f957d4da,2014-08,Essex Police,Essex Police,0.415707,51.485078,On or near Alexandra Way,E01015948,Thurrock 013B,Other theft,Unable to prosecute suspect,
426bf8ba0d8d1ba2b1e9cf8b5c88810c045345574987e1b647f696b85524b0d4,2014-08,Essex Police,Essex Police,0.419664,51.480383,On or near Gloucester Avenue,E01015948,Thurrock 013B,Shoplifting,Under investigation,
67b71beb5b2b64929bb31482d6a1010ebf52d6a062355ffe842e32e322eb859e,2014-08,Essex Police,Essex Police,0.419664,51.480383,On or near Gloucester Avenue,E01015948,Thurrock 013B,Shoplifting,Under investigation,
8975cf676afff461696e22e607c2a23de17fa53e5d7b2577c80b517ffc417d55,2014-08,Essex Police,Essex Police,0.419664,51.480383,On or near Gloucester Avenue,E01015948,Thurrock 013B,Shoplifting,Awaiting court outcome,
a01cde89abe6f1663b2d8b3894457ec5caabd9aaf09dc1891209ff997c99cbac,2014-08,Essex Police,Essex Police,0.415477,51.480182,On or near Bata Avenue,E01015948,Thurrock 013B,Violence and sexual offences,Under investigation,
11485f3d1cf2fe409e32e617f9c1092bce6845b3b97fc40d323c3f096514d7bb,2014-08,Essex Police,Essex Police,0.415707,51.485078,On or near Alexandra Way,E01015948,Thurrock 013B,Violence and sexual offences,Under investigation,
,2014-08,Essex Police,Essex Police,0.419711,51.483440,On or near Strathmore,E01015949,Thurrock 013C,Anti-social behaviour,,
a0e1c6ffd6dbbea6a133a423c461aa315eb1b68d81642af0171b99a006518768,2014-08,Essex Police,Essex Police,0.419904,51.493355,On or near Park/Open Space,E01015949,Thurrock 013C,Burglary,Investigation complete; no suspect identified,
0a0f2b6f057084edeb9ef5ec47426cbea1c0b8e60405224336cc0e60c1d6e521,2014-08,Essex Police,Essex Police,0.424242,51.481979,On or near Arun,E01015949,Thurrock 013C,Burglary,Under investigation,
efbf483607df8e7e376ed71f3a454d7c895965baace44b3a64da1a9f0fb04242,2014-08,Essex Police,Essex Police,0.419912,51.483975,On or near Clyde,E01015949,Thurrock 013C,Other theft,Unable to prosecute suspect,
d3a975d555c1ab33c7193545426429ca25fe2a6507d284fdb866a14c33188e9e,2014-08,Essex Police,Essex Police,0.423122,51.481229,On or near Trent,E01015949,Thurrock 013C,Other theft,Investigation complete; no suspect identified,
c81c49ec991bb9b7f6ebebbffe2e24e8f8957a11499ca79963530f548b7f5acc,2014-08,Essex Police,Essex Police,0.419711,51.483440,On or near Strathmore,E01015949,Thurrock 013C,Vehicle crime,Investigation complete; no suspect identified,
4203640dae23fac3f7b694ff00d6706455d683ab4ee08fa6ca8b9bf293a1bd4b,2014-08,Essex Police,Essex Police,0.419912,51.483975,On or near Clyde,E01015949,Thurrock 013C,Violence and sexual offences,Offender given a caution,
761fec735899d1f29a2446a74a1646d39e93184b8855cd74d6b3ed686f6e0ef7,2014-08,Essex Police,Essex Police,0.421341,51.477516,On or near Sports/Recreation Area,E01015949,Thurrock 013C,Violence and sexual offences,Unable to prosecute suspect,
,2014-08,Essex Police,Essex Police,0.394504,51.473543,On or near Church Road,E01015950,Thurrock 013D,Anti-social behaviour,,
,2014-08,Essex Police,Essex Police,0.387217,51.476579,On or near Rectory Road,E01015950,Thurrock 013D,Anti-social behaviour,,
b700d914e0db0283c267c683ac26e8f69758d4e80f09c80cf4c8b3de9a9d4ba8,2014-08,Essex Police,Essex Police,0.394504,51.473543,On or near Church Road,E01015950,Thurrock 013D,Burglary,Investigation complete; no suspect identified,
d3cf833a744bdb4a9521841871c5ee6ee02d50de6a80cf5fe78f66c85172f501,2014-08,Essex Police,Essex Police,0.390281,51.479259,On or near Blue Anchor Lane,E01015950,Thurrock 013D,Burglary,Under investigation,
460bf8eff5272ee23f8769917c28e01b88305db0ba464cc7477c64902ad0a911,2014-08,Essex Police,Essex Police,0.405461,51.488293,On or near Stafford Close,E01015950,Thurrock 013D,Other theft,Investigation complete; no suspect identified,
f719619349bce69cb7a295d7c90c35dd1a8f10ff4c463718461457d277dfe9b1,2014-08,Essex Police,Essex Police,0.375163,51.480448,On or near Hill House Drive,E01015950,Thurrock 013D,Vehicle crime,Investigation complete; no suspect identified,
,2014-08,Essex Police,Essex Police,0.334607,51.485291,On or near St George'S Avenue,E01015960,Thurrock 014A,Anti-social behaviour,,
,2014-08,Essex Police,Essex Police,0.335461,51.484807,On or near Petrol Station,E01015960,Thurrock 014A,Anti-social behaviour,,
911b81c0ed99f5698c62b2cf5107d3c682a77091403610f2b442fab35b0d96b0,2014-08,Essex Police,Essex Police,0.335461,51.484807,On or near Petrol Station,E01015960,Thurrock 014A,Other theft,Under investigation,
16942dfd95e191c2088b1ce9fe2da37407b23e1ddd55f0d6f8b5a4c4e9d2aaa9,2014-08,Essex Police,Essex Police,0.332699,51.487973,On or near Tennyson Avenue,E01015960,Thurrock 014A,Other theft,Under investigation,
fb6d03397fbafe5ad929caad100f01e52b9216b6b41c686b40678cbe30d01f96,2014-08,Essex Police,Essex Police,0.331904,51.485111,On or near Bradleigh Avenue,E01015960,Thurrock 014A,Other theft,Under investigation,
9ce4bb24f2e94a2cc38f4881e243f7ace04314a299f62ddeb113f77c06ee7ce1,2014-08,Essex Police,Essex Police,0.332399,51.483231,On or near College Avenue,E01015960,Thurrock 014A,Other theft,Investigation complete; no suspect identified,
607393a701995acba0e0e29361ca32f93062a2e125dd572cda17bcc442a35bf7,2014-08,Essex Police,Essex Police,0.335461,51.484807,On or near Petrol Station,E01015960,Thurrock 014A,Shoplifting,Awaiting court outcome,
22d6052520d794a53bdcd4963dc43132e5655ec408dc05712c07562fedf2d22d,2014-08,Essex Police,Essex Police,0.335461,51.484807,On or near Petrol Station,E01015960,Thurrock 014A,Shoplifting,Under investigation,
fd57483c6e6bedd31921cb147abdd9c4351764b57537cd8dc86195fd7df30eb4,2014-08,Essex Police,Essex Police,0.335461,51.484807,On or near Petrol Station,E01015960,Thurrock 014A,Shoplifting,Under investigation,
,2014-08,Essex Police,Essex Police,0.339427,51.483496,On or near Macleod Close,E01015967,Thurrock 014B,Anti-social behaviour,,
,2014-08,Essex Police,Essex Police,0.339427,51.483496,On or near Macleod Close,E01015967,Thurrock 014B,Anti-social behaviour,,
2ac22ab174097b4fc6eb486dcb0a8a6a58153dc4249df7e2541f14796542b505,2014-08,Essex Police,Essex Police,0.344534,51.481118,On or near Maycroft Gardens,E01015967,Thurrock 014B,Criminal damage and arson,Under investigation,
0df104d9c4f5c1fac1de43422ce21951167495eeb47af2770c2d745eb5d75541,2014-08,Essex Police,Essex Police,0.340827,51.482703,On or near Rectory Road,E01015967,Thurrock 014B,Vehicle crime,Investigation complete; no suspect identified,
87121c432672998b319e995f547df1d11e4d2272a1e3e4b1f0ffc0d259e8e72d,2014-08,Essex Police,Essex Police,0.342792,51.481414,On or near Rosedale Road,E01015967,Thurrock 014B,Violence and sexual offences,Unable to prosecute suspect,
,2014-08,Essex Police,Essex Police,0.336751,51.484394,On or near College Road,E01015968,Thurrock 014C,Anti-social behaviour,,
a982568fa58662d1373a2e434e99ebefc300324b1ff4d5a403bb154ceacc594b,2014-08,Essex Police,Essex Police,0.338577,51.482919,On or near Palmers Drive,E01015968,Thurrock 014C,Other theft,Investigation complete; no suspect identified,
d3dbea15691c900bea12b7e91ac6a2b29743e3cf5a9d1fc0884ad881246bfb62,2014-08,Essex Police,Essex Police,0.338986,51.479386,On or near Gunning Road,E01015968,Thurrock 014C,Public order,Awaiting court outcome,
,2014-08,Essex Police,Essex Police,0.336708,51.476229,On or near Broadway,E01015969,Thurrock 014D,Anti-social behaviour,,
,2014-08,Essex Police,Essex Police,0.342336,51.476747,On or near Dock Road,E01015969,Thurrock 014D,Anti-social behaviour,,
,2014-08,Essex Police,Essex Police,0.342926,51.476159,On or near Lawns Crescent,E01015969,Thurrock 014D,Anti-social behaviour,,
,2014-08,Essex Police,Essex Police,0.339964,51.476254,On or near St Marys Close,E01015969,Thurrock 014D,Anti-social behaviour,,
,2014-08,Essex Police,Essex Police,0.345259,51.476724,On or near The Willows,E01015969,Thurrock 014D,Anti-social behaviour,,
8d482d141ed8477f8a2211514089f061f170a11a1f8847f43cc8339cc583e92c,2014-08,Essex Police,Essex Police,0.337502,51.476555,On or near Petrol Station,E01015969,Thurrock 014D,Criminal damage and arson,Under investigation,
b90ba4398174bec297d55d1231d58da05a979e497a60e021de1799f1567eb559,2014-08,Essex Police,Essex Police,0.337973,51.476474,On or near Spurgeon Close,E01015969,Thurrock 014D,Criminal damage and arson,Investigation complete; no suspect identified,
d0b5c3f694ebef218d55de7b42ba1083ff08aac2f42e93237d5678224f5262f0,2014-08,Essex Police,Essex Police,0.337973,51.476474,On or near Spurgeon Close,E01015969,Thurrock 014D,Drugs,Under investigation,
7a0a262aa951ed5942d16b724a801692f866ada4a639229edcdac5fe453f7c67,2014-08,Essex Police,Essex Police,0.340463,51.474761,On or near Silverlocke Road,E01015969,Thurrock 014D,Other theft,Investigation complete; no suspect identified,
bd784aac2e47f78fb1b022723726c8a3bc6aae1a703b1d30a351e9c7ed995bdc,2014-08,Essex Police,Essex Police,0.340522,51.477871,On or near Crescent Avenue,E01015969,Thurrock 014D,Other theft,Investigation complete; no suspect identified,
878888caf69f14166a2efb843d76b56ff429cb7b1c5a98d6544d0342f1cac524,2014-08,Essex Police,Essex Police,0.337502,51.476555,On or near Petrol Station,E01015969,Thurrock 014D,Public order,Under investigation,
64263ef4d8cf38cc37630d344a8d94db61afd6d3674eb583c8e5fe32e4f3130f,2014-08,Essex Police,Essex Police,0.342336,51.476747,On or near Dock Road,E01015969,Thurrock 014D,Vehicle crime,Under investigation,
178f5c4d73334334b2b9811c72ed8cd1941af542f46c30ef42f3f28f3224fc45,2014-08,Essex Police,Essex Police,0.342701,51.477108,On or near Tyrrells Hall Close,E01015969,Thurrock 014D,Violence and sexual offences,Under investigation,
37de19da6afd01e3718c5d87b6e94506325293f57d2710fca1792a74ba88a41c,2014-08,Essex Police,Essex Police,0.337973,51.476474,On or near Spurgeon Close,E01015969,Thurrock 014D,Violence and sexual offences,Local resolution,
8796f01e2b8e5e6ec9bcddc07538ac242b3cc7b5f48c2e18d91feb84b6681183,2014-08,Essex Police,Essex Police,0.342336,51.476747,On or near Dock Road,E01015969,Thurrock 014D,Violence and sexual offences,Under investigation,
c24f3049adafd3c76b30020f2b0c89bb5df2a25444c6cdfe4ae8c23a4654771f,2014-08,Essex Police,Essex Police,0.342701,51.477108,On or near Tyrrells Hall Close,E01015969,Thurrock 014D,Violence and sexual offences,Under investigation,
,2014-08,Essex Police,Essex Police,0.341894,51.484409,On or near Chadwell Road,E01015970,Thurrock 014E,Anti-social behaviour,,
,2014-08,Essex Police,Essex Police,0.341894,51.484409,On or near Chadwell Road,E01015970,Thurrock 014E,Anti-social behaviour,,
,2014-08,Essex Police,Essex Police,0.341751,51.488368,On or near Denecroft Gardens,E01015970,Thurrock 014E,Anti-social behaviour,,
9fd426d2cd1e5716f4408c66dfa1912127d332a5fdf90c232f673db2daf958b6,2014-08,Essex Police,Essex Police,0.338431,51.488794,On or near Supermarket,E01015970,Thurrock 014E,Burglary,Under investigation,
57f5620c351d86ca4d4d631d2800e6c8e05138bd840693c526ef61f2693a585f,2014-08,Essex Police,Essex Police,0.341854,51.485875,On or near Nunns Way,E01015970,Thurrock 014E,Other theft,Under investigation,
a81cbf38d26b0dee81bf7487a0a380ae7f1a3181b79a3659b15df4b128aa7530,2014-08,Essex Police,Essex Police,0.338431,51.488794,On or near Supermarket,E01015970,Thurrock 014E,Shoplifting,Under investigation,
be7f4473fcd4650f39ee8fbcfb71ef23bee540c7d14f9baa3f2602ff5db371ec,2014-08,Essex Police,Essex Police,0.338431,51.488794,On or near Supermarket,E01015970,Thurrock 014E,Shoplifting,Under investigation,
962c9ac7fb983ad8ce754ee53e02fbfe0edfc9b2299fb6e2656b6e84d4188c1f,2014-08,Essex Police,Essex Police,0.338431,51.488794,On or near Supermarket,E01015970,Thurrock 014E,Shoplifting,Investigation complete; no suspect identified,
ecd3c7ec0c2f3fd940f0d2b4fc5802d02a9e52c73a77c0a5c6f3cb4609051691,2014-08,Essex Police,Essex Police,0.338431,51.488794,On or near Supermarket,E01015970,Thurrock 014E,Shoplifting,Awaiting court outcome,
e9071a4faa89f79184209d70cfa76621d7d3fe5a537c6f89168dc51991fba499,2014-08,Essex Police,Essex Police,0.341894,51.484409,On or near Chadwell Road,E01015970,Thurrock 014E,Vehicle crime,Under investigation,
dbfea24a5a94c1019a1b276402ed8069066424c514e64f5653ab1669ccd0d20e,2014-08,Essex Police,Essex Police,0.341894,51.484409,On or near Chadwell Road,E01015970,Thurrock 014E,Vehicle crime,Under investigation,
92355fe7809e6c49c68b9bc472cc5fce67b4ff6ac84f7644be3f5228818d59c9,2014-08,Essex Police,Essex Police,0.341854,51.485875,On or near Nunns Way,E01015970,Thurrock 014E,Violence and sexual offences,Under investigation,
81cb61a74ee925e296edad2cdd30624330407619a0a13be79d6363f4f733a50a,2014-08,Essex Police,Essex Police,0.341894,51.484409,On or near Chadwell Road,E01015970,Thurrock 014E,Violence and sexual offences,Unable to prosecute suspect,
,2014-08,Essex Police,Essex Police,0.243639,51.486627,On or near A1306,E01015921,Thurrock 015A,Anti-social behaviour,,
,2014-08,Essex Police,Essex Police,0.256771,51.485655,On or near Bailey Close,E01015921,Thurrock 015A,Anti-social behaviour,,
,2014-08,Essex Police,Essex Police,0.256771,51.485655,On or near Bailey Close,E01015921,Thurrock 015A,Anti-social behaviour,,
,2014-08,Essex Police,Essex Police,0.256171,51.485460,On or near Gabion Avenue,E01015921,Thurrock 015A,Anti-social behaviour,,
,2014-08,Essex Police,Essex Police,0.254787,51.484848,On or near Banner Close,E01015921,Thurrock 015A,Anti-social behaviour,,
,2014-08,Essex Police,Essex Police,0.243639,51.486627,On or near A1306,E01015921,Thurrock 015A,Anti-social behaviour,,
,2014-08,Essex Police,Essex Police,0.241925,51.487226,On or near London Road,E01015921,Thurrock 015A,Anti-social behaviour,,
,2014-08,Essex Police,Essex Police,0.255495,51.498900,On or near High Street,E01015921,Thurrock 015A,Anti-social behaviour,,
,2014-08,Essex Police,Essex Police,0.254787,51.484848,On or near Banner Close,E01015921,Thurrock 015A,Anti-social behaviour,,
,2014-08,Essex Police,Essex Police,0.253459,51.485377,On or near Baton Close,E01015921,Thurrock 015A,Anti-social behaviour,,
,2014-08,Essex Police,Essex Police,0.256771,51.485655,On or near Bailey Close,E01015921,Thurrock 015A,Anti-social behaviour,,
,2014-08,Essex Police,Essex Police,0.255094,51.484950,On or near Brimfield Road,E01015921,Thurrock 015A,Anti-social behaviour,,
235e67df5983dd8ee261a0d062c96f5d19e2d8465cfcec47351dae25a6d50567,2014-08,Essex Police,Essex Police,0.255495,51.498900,On or near High Street,E01015921,Thurrock 015A,Bicycle theft,Under investigation,
51755fe9639a33489f77b5a0173dd6e11fed45c2cf28fd0df625c8e87f541684,2014-08,Essex Police,Essex Police,0.251620,51.485476,On or near Sports/Recreation Area,E01015921,Thurrock 015A,Burglary,Under investigation,
71e3d23bb28ee81054c9e296d58cea7cdec343d6fcd9d270323305ace44320ae,2014-08,Essex Police,Essex Police,0.256771,51.485655,On or near Bailey Close,E01015921,Thurrock 015A,Burglary,Under investigation,
a6b600ec060297195707f7942b7249a58dd38726f0a06c20675ba0e32777c01b,2014-08,Essex Police,Essex Police,0.241925,51.487226,On or near London Road,E01015921,Thurrock 015A,Criminal damage and arson,Investigation complete; no suspect identified,
c0de3b9c27fbdb8e998a024c83d4707ec514c4c43967e1addfa0a0b99cd238d3,2014-08,Essex Police,Essex Police,0.243639,51.486627,On or near A1306,E01015921,Thurrock 015A,Other theft,Under investigation,
7bc5acae5fd4fa118df924c4465f9ba34f46a21d336b9c841e87c685e3545ca9,2014-08,Essex Police,Essex Police,0.243639,51.486627,On or near A1306,E01015921,Thurrock 015A,Other theft,Under investigation,
18ca826430080141fc3cd22e2f360f787fad511ba3741f238299c6fc2f529be8,2014-08,Essex Police,Essex Police,0.243639,51.486627,On or near A1306,E01015921,Thurrock 015A,Other theft,Under investigation,
8dc2a69ad6ad110956a6b803d560c0fb4656a5d977273e688297c01726f0a56a,2014-08,Essex Police,Essex Police,0.243639,51.486627,On or near A1306,E01015921,Thurrock 015A,Other theft,Under investigation,
e721e4dcf5fc1096de0e7e685d723c7a84369e0f043dfddc8186de7b80d3eb4e,2014-08,Essex Police,Essex Police,0.255495,51.498900,On or near High Street,E01015921,Thurrock 015A,Other theft,Unable to prosecute suspect,
e0a5747529e5b898d96fb51319ad4a895ca4bbabf6867a31ed4ff0e723854f17,2014-08,Essex Police,Essex Police,0.243639,51.486627,On or near A1306,E01015921,Thurrock 015A,Other theft,Under investigation,
925b4c394c61916418e12b99ecf1f88a4a3ab78ce7fcfec6f8059fbe5ff3be16,2014-08,Essex Police,Essex Police,0.255495,51.498900,On or near High Street,E01015921,Thurrock 015A,Shoplifting,Under investigation,
87b48a13ee2d6230a326827fc5e5fbbc2d27aa4922018636aa66dbfd76210ca2,2014-08,Essex Police,Essex Police,0.255495,51.498900,On or near High Street,E01015921,Thurrock 015A,Shoplifting,Under investigation,
3f74742ed6bc9e106c73e2a4547f591cbde309fe3cba4a851944377262e63af0,2014-08,Essex Police,Essex Police,0.241925,51.487226,On or near London Road,E01015921,Thurrock 015A,Vehicle crime,Investigation complete; no suspect identified,
801501774ffe3a5e7454fe6f44ba0a5bb5867a876e6e0f5f8fec48c6e9203027,2014-08,Essex Police,Essex Police,0.255495,51.498900,On or near High Street,E01015921,Thurrock 015A,Vehicle crime,Investigation complete; no suspect identified,
2afab98dfcb85798b924b85f7d5602b64d89d672d0c84d27ecfcca0fba832e18,2014-08,Essex Police,Essex Police,0.255732,51.484749,On or near Talus Close,E01015921,Thurrock 015A,Vehicle crime,Investigation complete; no suspect identified,
280e0adbc15c923b458ec320fc38eedd8ea5fa8ec440fb7eb46b4219dfaee4d8,2014-08,Essex Police,Essex Police,0.254733,51.485515,On or near Brevet Close,E01015921,Thurrock 015A,Violence and sexual offences,Under investigation,
99c2f52dba9ccbbc71c6159b97a99267769da9a9b6dd5fdf1d5f3a509a6c1467,2014-08,Essex Police,Essex Police,0.248852,51.484558,On or near North Road,E01015921,Thurrock 015A,Violence and sexual offences,Under investigation,
,2014-08,Essex Police,Essex Police,0.292499,51.475142,On or near Porter Close,E01016011,Thurrock 015B,Anti-social behaviour,,
,2014-08,Essex Police,Essex Police,0.293896,51.475726,On or near Parsonage Road,E01016011,Thurrock 015B,Anti-social behaviour,,
,2014-08,Essex Police,Essex Police,0.298576,51.478863,On or near Mill Lane,E01016011,Thurrock 015B,Anti-social behaviour,,
,2014-08,Essex Police,Essex Police,0.284143,51.486609,On or near Shopping Area,E01016011,Thurrock 015B,Anti-social behaviour,,
,2014-08,Essex Police,Essex Police,0.285907,51.477510,On or near Charlotte Place,E01016011,Thurrock 015B,Anti-social behaviour,,
,2014-08,Essex Police,Essex Police,0.292036,51.475969,On or near Oakley Close,E01016011,Thurrock 015B,Anti-social behaviour,,
e7829f6adc8b7ec7f80c62000dd19eb8d91bf59b1590901dd769397422f92131,2014-08,Essex Police,Essex Police,0.292499,51.475142,On or near Porter Close,E01016011,Thurrock 015B,Bicycle theft,Investigation complete; no suspect identified,
92a40a2c8541df95efcfc1136940c5382e85ef80d53eb275c1b23f0bf962bd43,2014-08,Essex Police,Essex Police,0.293896,51.475726,On or near Parsonage Road,E01016011,Thurrock 015B,Burglary,Under investigation,
c13458571fd3a7ddd32a41334c2b40c993e12e7427c19de6c17a04131f11e9f3,2014-08,Essex Police,Essex Police,0.294658,51.475702,On or near Hayes Close,E01016011,Thurrock 015B,Burglary,Investigation complete; no suspect identified,
ec8fee51eb5a299b9b6ee4c2561ed87598c699c943c8b28b329aa203bcb94b25,2014-08,Essex Police,Essex Police,0.282488,51.487496,On or near Shopping Area,E01016011,Thurrock 015B,Burglary,Investigation complete; no suspect identified,
5fff824fab0b8e43f0874cf7871bb36c7701d0d144270a55da59c87430a77bb2,2014-08,Essex Police,Essex Police,0.290071,51.475252,On or near Manor Road,E01016011,Thurrock 015B,Burglary,Under investigation,
d5390474ac72238a9359398336ac1cc33f362d1965c8453443151f788f9de351,2014-08,Essex Police,Essex Police,0.284143,51.486609,On or near Shopping Area,E01016011,Thurrock 015B,Drugs,Offender given a caution,
ba763d3dfd9657cd587624215f07d5f6b568a60cffa54ad66b93b7bbb033985d,2014-08,Essex Police,Essex Police,0.293896,51.475726,On or near Parsonage Road,E01016011,Thurrock 015B,Drugs,Under investigation,
4a95f15d65fb6d4f3189ecbf018371effded6f7cba40ca39e80bbc014591f8db,2014-08,Essex Police,Essex Police,0.284490,51.487772,On or near Shopping Area,E01016011,Thurrock 015B,Drugs,Under investigation,
1bc0685a9543e14bf45fec5d4e50671bd7e24f49bbc2f989fc401e9dfe8eb38a,2014-08,Essex Police,Essex Police,0.284143,51.486609,On or near Shopping Area,E01016011,Thurrock 015B,Drugs,Offender given a drugs possession warning,
d1f1511a80d0f3e513374e557a6551f6a8ca370b2c853ffd3297313bb6330159,2014-08,Essex Police,Essex Police,0.285907,51.477510,On or near Charlotte Place,E01016011,Thurrock 015B,Other theft,Investigation complete; no suspect identified,
1ba1eab9ae6b9f365115aabf8755e9f7de422fe8e12fa2194a9e123342c72ec2,2014-08,Essex Police,Essex Police,0.284143,51.486609,On or near Shopping Area,E01016011,Thurrock 015B,Other theft,Investigation complete; no suspect identified,
a1f811554e3bcc2771c606a512e51abf525f46bd36a0c56f9c8f7e371abc8516,2014-08,Essex Police,Essex Police,0.285272,51.488728,On or near Parking Area,E01016011,Thurrock 015B,Other theft,Under investigation,
4e04be511bc5978e5f84e078f4a4f4c994a1fed8543fe01d4c7fda351ffb3867,2014-08,Essex Police,Essex Police,0.285907,51.477510,On or near Charlotte Place,E01016011,Thurrock 015B,Other theft,Under investigation,
e3bd034c7fbaab174a064206ef061aa6dd37dfbdf4eb919defd623281cfd6791,2014-08,Essex Police,Essex Police,0.282026,51.488629,On or near Parking Area,E01016011,Thurrock 015B,Other theft,Unable to prosecute suspect,
49c76fc5991e8f708cb4b8ddc537bf98b41cf982a29fe2a91a018fa07e2db8c9,2014-08,Essex Police,Essex Police,0.285907,51.477510,On or near Charlotte Place,E01016011,Thurrock 015B,Other theft,Investigation complete; no suspect identified,
e50ca75e7cf49df2f20f13ffe5d233397c0cc606ce71fe436fb830a65a2075de,2014-08,Essex Police,Essex Police,0.282026,51.488629,On or near Parking Area,E01016011,Thurrock 015B,Other theft,Investigation complete; no suspect identified,
cb7ec522c1d8b3b75b24b8fdace6621cf7c9d19cf8e5b4e8e8cd3365bf58467a,2014-08,Essex Police,Essex Police,0.297529,51.477229,On or near London Road,E01016011,Thurrock 015B,Possession of weapons,Awaiting court outcome,
0580027c7d4f8c8e3aed24a738aa4faaf270e77d3e5b803e3799b9a9567eabb7,2014-08,Essex Police,Essex Police,0.280536,51.482444,On or near Parking Area,E01016011,Thurrock 015B,Public order,Under investigation,
c2ed5bb31075c2e9913f5bb7efc50b632f395714c0a7f38dcac1eb25c06c8868,2014-08,Essex Police,Essex Police,0.293896,51.475726,On or near Parsonage Road,E01016011,Thurrock 015B,Public order,Under investigation,
db6e0c384fabeb16c674130c7082e6cac4f119271dac74ca4367c4fb76ec1c8d,2014-08,Essex Police,Essex Police,0.284143,51.486609,On or near Shopping Area,E01016011,Thurrock 015B,Shoplifting,Investigation complete; no suspect identified,
6fc2742f9d0c63e948c6f77f4d378bffd139555f819685e9c835172424ceef4c,2014-08,Essex Police,Essex Police,0.284143,51.486609,On or near Shopping Area,E01016011,Thurrock 015B,Shoplifting,Under investigation,
b1d000b603feca152c8c8530eef6981543055039d65cd5d5c097b63a82a07c27,2014-08,Essex Police,Essex Police,0.282488,51.487496,On or near Shopping Area,E01016011,Thurrock 015B,Shoplifting,Under investigation,
79e4aca75c05edbefc7fac84fc5780a50eb3df7172384f27c47499c0d67a4d86,2014-08,Essex Police,Essex Police,0.284143,51.486609,On or near Shopping Area,E01016011,Thurrock 015B,Shoplifting,Awaiting court outcome,
117b25a66f5fa68260fbe32f784038796b17938707391d285527e89a1442ac79,2014-08,Essex Police,Essex Police,0.284143,51.486609,On or near Shopping Area,E01016011,Thurrock 015B,Shoplifting,Under investigation,
15f260cd59e4b7b119929272ff8fefffb3fda92e4b1d993515697cf46683a6df,2014-08,Essex Police,Essex Police,0.285222,51.484852,On or near Parking Area,E01016011,Thurrock 015B,Shoplifting,Under investigation,
fde13281f95e66636d7f87d6456b84e967a48cc824d894dde9bbb7c089164499,2014-08,Essex Police,Essex Police,0.284143,51.486609,On or near Shopping Area,E01016011,Thurrock 015B,Shoplifting,Unable to prosecute suspect,
eda86fefd55f0cee1b1c2d5923c9a37653716c35d6843a4ba208002ba054651a,2014-08,Essex Police,Essex Police,0.285222,51.484852,On or near Parking Area,E01016011,Thurrock 015B,Shoplifting,Awaiting court outcome,
6c1de792ff3e4dd1c2036e2217108cfc2eddb103ee50f07e5d7d93a19db961a9,2014-08,Essex Police,Essex Police,0.284143,51.486609,On or near Shopping Area,E01016011,Thurrock 015B,Shoplifting,Offender given a caution,
9314f44d744251b04cd7681f40f04ae661e197d5ce22e8bdcf3b23e3291306e5,2014-08,Essex Police,Essex Police,0.280536,51.482444,On or near Parking Area,E01016011,Thurrock 015B,Shoplifting,Under investigation,
4e8957e3878de53f3976e743d1143736bc3a2e6a08c4cdc3ae33e5e7e5e144f0,2014-08,Essex Police,Essex Police,0.280536,51.482444,On or near Parking Area,E01016011,Thurrock 015B,Shoplifting,Awaiting court outcome,
b9fbfcf1806b807eca6ae0e244003e4955d94653eee5d73d3c553ba16fba0a3d,2014-08,Essex Police,Essex Police,0.285222,51.484852,On or near Parking Area,E01016011,Thurrock 015B,Shoplifting,Under investigation,
0a85229c931cfc53801051d231d4ffc3aa2a0879f95ab3df3435dddd0c60034a,2014-08,Essex Police,Essex Police,0.285222,51.484852,On or near Parking Area,E01016011,Thurrock 015B,Shoplifting,Offender given a caution,
f4fe47325b7e8ea891ca21f877ac78344758fdafa38a9da6596c5054c5510fa0,2014-08,Essex Police,Essex Police,0.284143,51.486609,On or near Shopping Area,E01016011,Thurrock 015B,Shoplifting,Offender given a caution,
09983e8c62c2a5611fd1db905504cf2792b8dfec6b33ac15127a1a33cbf36554,2014-08,Essex Police,Essex Police,0.282026,51.488629,On or near Parking Area,E01016011,Thurrock 015B,Shoplifting,Offender given a caution,
b8b55365198ea9777383385cbc6ee1a40bd30b7c2c7d4fd136981f45fccc0341,2014-08,Essex Police,Essex Police,0.281698,51.489840,On or near Parking Area,E01016011,Thurrock 015B,Shoplifting,Under investigation,
a17e7ae3840b9f50d6514f37b85cbea98ab9ba2e2d95bd83f619a692c127ad3b,2014-08,Essex Police,Essex Police,0.285222,51.484852,On or near Parking Area,E01016011,Thurrock 015B,Shoplifting,Offender given community sentence,
5ebaff4cb675006a9d84f00c33bf344fd8d9a6918d4e27fa92bb9c02d32f416b,2014-08,Essex Police,Essex Police,0.284143,51.486609,On or near Shopping Area,E01016011,Thurrock 015B,Shoplifting,Awaiting court outcome,
3bed256124b78601d86738381f749efc7f13ffb9cc744000a4fe283d19815bb4,2014-08,Essex Police,Essex Police,0.285272,51.488728,On or near Parking Area,E01016011,Thurrock 015B,Shoplifting,Awaiting court outcome,
bf26726ae12f801f6ecc94cd58941f264ee381476520cf0df586b0ea2e06c39f,2014-08,Essex Police,Essex Police,0.285272,51.488728,On or near Parking Area,E01016011,Thurrock 015B,Shoplifting,Offender given a caution,
2850245ba9c084bea5a463b0aed3d76a64a4c60ee76b4022943a82fe04a979d8,2014-08,Essex Police,Essex Police,0.284143,51.486609,On or near Shopping Area,E01016011,Thurrock 015B,Shoplifting,Offender given a caution,
e97706250df228eda1666ef19813f7cdce841d9004c55ab1a7a4d61de0ff9144,2014-08,Essex Police,Essex Police,0.284143,51.486609,On or near Shopping Area,E01016011,Thurrock 015B,Shoplifting,Offender given a caution,
cc09b6a47cfd2fc3e6527e030a762e2f0a2c8f1aff7a6d9f1055358bcb697721,2014-08,Essex Police,Essex Police,0.282026,51.488629,On or near Parking Area,E01016011,Thurrock 015B,Shoplifting,Offender given a caution,
6cce425dab3b1fd67f85576f487a0eba0ed57c434a4da1b7ceeea2c600da68c0,2014-08,Essex Police,Essex Police,0.284143,51.486609,On or near Shopping Area,E01016011,Thurrock 015B,Shoplifting,Local resolution,
f1f9a26742774f04a38f404ccd353752410fde5f88461976a3aaca3ba32b1748,2014-08,Essex Police,Essex Police,0.284143,51.486609,On or near Shopping Area,E01016011,Thurrock 015B,Shoplifting,Offender given suspended prison sentence,
27ace7277171251e65b0b2b2c00a4904843346b6cbc0cdcbd628cfd7eb2d5cad,2014-08,Essex Police,Essex Police,0.285272,51.488728,On or near Parking Area,E01016011,Thurrock 015B,Shoplifting,Under investigation,
89a69caf3daaa94d90a720d0fd2d34ca5eeebc3da6b71241edbed3f01cd1bcf1,2014-08,Essex Police,Essex Police,0.284490,51.487772,On or near Shopping Area,E01016011,Thurrock 015B,Shoplifting,Offender given a caution,
7a0101d9167a0e429b5cfb981a89c17f7d6f075ffb45c45d0dc12d84d1c02bd8,2014-08,Essex Police,Essex Police,0.284143,51.486609,On or near Shopping Area,E01016011,Thurrock 015B,Shoplifting,Offender given a caution,
720de349d69d5d807b1f0a81ac6cda901f122c984206fcb41c3f49bbb248cf25,2014-08,Essex Police,Essex Police,0.284490,51.487772,On or near Shopping Area,E01016011,Thurrock 015B,Shoplifting,Offender given penalty notice,
ab04c271d797570f60d6103b60f9903ee0f82927ecf55b87dc6fa9584907f23d,2014-08,Essex Police,Essex Police,0.284143,51.486609,On or near Shopping Area,E01016011,Thurrock 015B,Shoplifting,Awaiting court outcome,
6c66271cddd9dc3122674f7658850acc236e453624232626e2146902926fbdc6,2014-08,Essex Police,Essex Police,0.284143,51.486609,On or near Shopping Area,E01016011,Thurrock 015B,Shoplifting,Awaiting court outcome,
98161ed901371b9a8942c51b8acf1ae00c8ca41e7853360c1d96777263008486,2014-08,Essex Police,Essex Police,0.282026,51.488629,On or near Parking Area,E01016011,Thurrock 015B,Shoplifting,Awaiting court outcome,
1f68c22189beb9e8c696f60e93e3e036cf7a77986d10b15f2664ed714adabcf7,2014-08,Essex Police,Essex Police,0.284143,51.486609,On or near Shopping Area,E01016011,Thurrock 015B,Shoplifting,Offender given suspended prison sentence,
16a22011396bce185c1bcc0a56a8bc98598fc1911dba5d8bf3962c6ed6fd0087,2014-08,Essex Police,Essex Police,0.285272,51.488728,On or near Parking Area,E01016011,Thurrock 015B,Shoplifting,Under investigation,
f6734512df6e0869037f58d4d9cb4e1ed92b48454f7f931bfd33b69d383416a2,2014-08,Essex Police,Essex Police,0.285222,51.484852,On or near Parking Area,E01016011,Thurrock 015B,Shoplifting,Under investigation,
db342cb14037a1a50db457df654da1e11d60ca1255efd20fcbb6d9b1707d91e4,2014-08,Essex Police,Essex Police,0.284143,51.486609,On or near Shopping Area,E01016011,Thurrock 015B,Theft from the person,Investigation complete; no suspect identified,
2e608e6bc622744b0e9d334f0d0cce7893071434ef864a8cad85cb82d4763d16,2014-08,Essex Police,Essex Police,0.284143,51.486609,On or near Shopping Area,E01016011,Thurrock 015B,Theft from the person,Investigation complete; no suspect identified,
37a565b0982f0af32673009555a82371a8816e4200e7198efbf3341903ea40fc,2014-08,Essex Police,Essex Police,0.284143,51.486609,On or near Shopping Area,E01016011,Thurrock 015B,Theft from the person,Investigation complete; no suspect identified,
a624db887bf4916f724fbc3f6fe04374bb024175d534b6adc8d1dae6c07c5533,2014-08,Essex Police,Essex Police,0.284143,51.486609,On or near Shopping Area,E01016011,Thurrock 015B,Vehicle crime,Investigation complete; no suspect identified,
e558f0c7ba824bc4fec4382bf77f951598293f478ade9aeb9c26a67a09dcaab0,2014-08,Essex Police,Essex Police,0.284143,51.486609,On or near Shopping Area,E01016011,Thurrock 015B,Vehicle crime,Investigation complete; no suspect identified,
6f5b4307cb621ef74c0d9738866053738e1571043328de18e36c28fee4fd0e4c,2014-08,Essex Police,Essex Police,0.285222,51.484852,On or near Parking Area,E01016011,Thurrock 015B,Vehicle crime,Investigation complete; no suspect identified,
c05042e71d1268b7c502a9190294c46f7c402dd32ffe0505aa3ddb2155d544ef,2014-08,Essex Police,Essex Police,0.293896,51.475726,On or near Parsonage Road,E01016011,Thurrock 015B,Vehicle crime,Investigation complete; no suspect identified,
ff93bbeb9177ea8582ac368cb30fbfc06511491ddc08c2cb820492818a477be7,2014-08,Essex Police,Essex Police,0.292036,51.475969,On or near Oakley Close,E01016011,Thurrock 015B,Vehicle crime,Investigation complete; no suspect identified,
569c2f699c77f496cde2b33b1944fc028384bdbe7c2384844890a0e7cf39f097,2014-08,Essex Police,Essex Police,0.297529,51.477229,On or near London Road,E01016011,Thurrock 015B,Vehicle crime,Under investigation,
1e3abe04b82e83c139a49f47225f95c221794cedd8ce92503e2a47ee0096845d,2014-08,Essex Police,Essex Police,0.284143,51.486609,On or near Shopping Area,E01016011,Thurrock 015B,Vehicle crime,Investigation complete; no suspect identified,
7dfdab1c8042c013bec787406de3db36bf82611de82df30c0e8b0b713c018cc6,2014-08,Essex Police,Essex Police,0.280536,51.482444,On or near Parking Area,E01016011,Thurrock 015B,Vehicle crime,Investigation complete; no suspect identified,
30664e7a1a4a6361cdd85a8a40634caedd0ab367a26ce1bb6cd2cc755c723cc1,2014-08,Essex Police,Essex Police,0.284143,51.486609,On or near Shopping Area,E01016011,Thurrock 015B,Violence and sexual offences,Awaiting court outcome,
c565d9a574eb43e5445fee167ecdbb708fa429676df81faa67fd2fe15a2ce6e1,2014-08,Essex Police,Essex Police,0.292499,51.475142,On or near Porter Close,E01016011,Thurrock 015B,Violence and sexual offences,Unable to prosecute suspect,
940af042b13e126dc76e558e9b8cb0c90d888a62f93ef3102b6288badb856553,2014-08,Essex Police,Essex Police,0.284143,51.486609,On or near Shopping Area,E01016011,Thurrock 015B,Violence and sexual offences,Investigation complete; no suspect identified,
1da9ab95e8438552ab20fb555ff5de3e80f28f140e97e1806f1af26e61ac1885,2014-08,Essex Police,Essex Police,0.298576,51.478863,On or near Mill Lane,E01016011,Thurrock 015B,Violence and sexual offences,Unable to prosecute suspect,
fe084bc9935eec9870aff247fe84b0c3f318004a077eefe6cfbfe626d6e93ac7,2014-08,Essex Police,Essex Police,0.290071,51.475252,On or near Manor Road,E01016011,Thurrock 015B,Violence and sexual offences,Awaiting court outcome,
c2eeda71eca428286e799ca6f3f0e8cb66e03c4a37ec93dd497f756b1561e9d6,2014-08,Essex Police,Essex Police,0.294658,51.475702,On or near Hayes Close,E01016011,Thurrock 015B,Violence and sexual offences,Awaiting court outcome,
e961b8ecf3d537882e7e6ec5b2e7bfc7e64db2c6a62f1ffa971b49d0619ec2e7,2014-08,Essex Police,Essex Police,0.284143,51.486609,On or near Shopping Area,E01016011,Thurrock 015B,Violence and sexual offences,Under investigation,
d8c48bba27e1ecad51d98073fa0388b8c9f17e6d8aa4ab88e27acf1c224843f1,2014-08,Essex Police,Essex Police,0.297529,51.477229,On or near London Road,E01016011,Thurrock 015B,Violence and sexual offences,Unable to prosecute suspect,
99200aa9ee01d204b2a50a32dcfba7a17f85d04b50c70d4d01e4f32de0d79fb6,2014-08,Essex Police,Essex Police,0.294658,51.475702,On or near Hayes Close,E01016011,Thurrock 015B,Violence and sexual offences,Awaiting court outcome,
8e97cfec9f4d2ea44dc0f8d3553b8bbc63440172f0f4f2e38db0a67b3b292904,2014-08,Essex Police,Essex Police,0.280536,51.482444,On or near Parking Area,E01016011,Thurrock 015B,Violence and sexual offences,Under investigation,
bab4e6fa31dae7b55a15b835b3cc91df0a5a0332c36c71929ecdeec5b5088776,2014-08,Essex Police,Essex Police,0.285222,51.484852,On or near Parking Area,E01016011,Thurrock 015B,Violence and sexual offences,Awaiting court outcome,
7cbc09c2025c0b64300e8e47e43cc1c5267e23db8ab0ef4973ccd569eaa849cd,2014-08,Essex Police,Essex Police,0.294658,51.475702,On or near Hayes Close,E01016011,Thurrock 015B,Violence and sexual offences,Awaiting court outcome,
e08f5e13b75a16db278509ecd6fd2a9040e13bc789544fe832079c60ab51e39f,2014-08,Essex Police,Essex Police,0.284143,51.486609,On or near Shopping Area,E01016011,Thurrock 015B,Violence and sexual offences,Local resolution,
9b7baa7882a5d7de8ca709fea7b36791b2571aca4336794c2898f66c50c3480b,2014-08,Essex Police,Essex Police,0.298576,51.478863,On or near Mill Lane,E01016011,Thurrock 015B,Other crime,Unable to prosecute suspect,
,2014-08,Essex Police,Essex Police,0.277867,51.477154,On or near Second Avenue,E01016012,Thurrock 015C,Anti-social behaviour,,
,2014-08,Essex Police,Essex Police,0.274448,51.479927,On or near Euclid Way,E01016012,Thurrock 015C,Anti-social behaviour,,
,2014-08,Essex Police,Essex Police,0.280432,51.478039,On or near Hillcrest Avenue,E01016012,Thurrock 015C,Anti-social behaviour,,
,2014-08,Essex Police,Essex Police,0.249780,51.479693,On or near Ulverston,E01016012,Thurrock 015C,Anti-social behaviour,,
,2014-08,Essex Police,Essex Police,0.277434,51.486092,On or near Shopping Area,E01016012,Thurrock 015C,Anti-social behaviour,,
,2014-08,Essex Police,Essex Police,0.280432,51.478039,On or near Hillcrest Avenue,E01016012,Thurrock 015C,Anti-social behaviour,,
,2014-08,Essex Police,Essex Police,0.283224,51.475413,On or near Flint Street,E01016012,Thurrock 015C,Anti-social behaviour,,
,2014-08,Essex Police,Essex Police,0.279525,51.476618,On or near The Rookery,E01016012,Thurrock 015C,Anti-social behaviour,,
,2014-08,Essex Police,Essex Police,0.277434,51.486092,On or near Shopping Area,E01016012,Thurrock 015C,Anti-social behaviour,,
,2014-08,Essex Police,Essex Police,0.267167,51.471633,On or near Cosgrove Road,E01016012,Thurrock 015C,Anti-social behaviour,,
,2014-08,Essex Police,Essex Police,0.282270,51.475629,On or near Fox Manor Way,E01016012,Thurrock 015C,Anti-social behaviour,,
,2014-08,Essex Police,Essex Police,0.273943,51.475854,On or near London Road West Thurrock,E01016012,Thurrock 015C,Anti-social behaviour,,
,2014-08,Essex Police,Essex Police,0.249780,51.479693,On or near Ulverston,E01016012,Thurrock 015C,Anti-social behaviour,,
,2014-08,Essex Police,Essex Police,0.263449,51.489034,On or near Southway,E01016012,Thurrock 015C,Anti-social behaviour,,
,2014-08,Essex Police,Essex Police,0.277141,51.477321,On or near Fourth Avenue,E01016012,Thurrock 015C,Anti-social behaviour,,
,2014-08,Essex Police,Essex Police,0.274448,51.479927,On or near Euclid Way,E01016012,Thurrock 015C,Anti-social behaviour,,
,2014-08,Essex Police,Essex Police,0.280432,51.478039,On or near Hillcrest Avenue,E01016012,Thurrock 015C,Anti-social behaviour,,
,2014-08,Essex Police,Essex Police,0.275564,51.489033,On or near Supermarket,E01016012,Thurrock 015C,Anti-social behaviour,,
,2014-08,Essex Police,Essex Police,0.272582,51.482958,On or near Central Avenue,E01016012,Thurrock 015C,Anti-social behaviour,,
,2014-08,Essex Police,Essex Police,0.280432,51.478039,On or near Hillcrest Avenue,E01016012,Thurrock 015C,Anti-social behaviour,,
,2014-08,Essex Police,Essex Police,0.278591,51.475503,On or near Essex Road,E01016012,Thurrock 015C,Anti-social behaviour,,
e623e3867099e37cd55a3e62c76d0da0c4abb89d35eaa81a2531a197acb57b81,2014-08,Essex Police,Essex Police,0.272582,51.482958,On or near Central Avenue,E01016012,Thurrock 015C,Bicycle theft,Under investigation,
752869d08c5e51ff126d64f3cd1d29481e87e4875ea1fee2c29afbbcbb3b23ab,2014-08,Essex Police,Essex Police,0.249780,51.479693,On or near Ulverston,E01016012,Thurrock 015C,Burglary,Under investigation,
54e62b143c25e3ad8d78fc27fbbc6f629b2abda07479542991cd350d43236f5d,2014-08,Essex Police,Essex Police,0.272582,51.482958,On or near Central Avenue,E01016012,Thurrock 015C,Burglary,Under investigation,
e04de039a0612e39f16a261f2655da5477a3c5351e987d87ab277972e15499fe,2014-08,Essex Police,Essex Police,0.249780,51.479693,On or near Ulverston,E01016012,Thurrock 015C,Criminal damage and arson,Investigation complete; no suspect identified,
cab6abbf03aee11a2f4634aabbb8d4fd18c1dd0fd8964096e61d212a1f6c4762,2014-08,Essex Police,Essex Police,0.272582,51.482958,On or near Central Avenue,E01016012,Thurrock 015C,Criminal damage and arson,Investigation complete; no suspect identified,
d0d0769c264c75104224d74da46b609e3dd3b76dc6c7a678f60118c54fa3a73c,2014-08,Essex Police,Essex Police,0.271332,51.491121,On or near Petrol Station,E01016012,Thurrock 015C,Other theft,Under investigation,
6017828d4b0b772d60c3980b380e41e910c3d6941dad51f4bd701b9fae253b67,2014-08,Essex Police,Essex Police,0.282270,51.475629,On or near Fox Manor Way,E01016012,Thurrock 015C,Other theft,Under investigation,
49cbd70f0295adaca1f55c52a373cc77273e5335a799a2e2ed995a826ed86e83,2014-08,Essex Police,Essex Police,0.273943,51.475854,On or near London Road West Thurrock,E01016012,Thurrock 015C,Other theft,Under investigation,
364025dbd995e03745834843b7e262cef7ed75852bdbd8745e0a13b2bc6e5842,2014-08,Essex Police,Essex Police,0.277434,51.486092,On or near Shopping Area,E01016012,Thurrock 015C,Other theft,Under investigation,
71b5782a6ec2542466fda07fde75d70beae2e356d5a609d6a5b18c629f92ab76,2014-08,Essex Police,Essex Police,0.271332,51.491121,On or near Petrol Station,E01016012,Thurrock 015C,Other theft,Under investigation,
67680ee7d116fbc9c36db73579deaa885b70eaac6ab2b47e8113d654209bbacd,2014-08,Essex Police,Essex Police,0.283224,51.475413,On or near Flint Street,E01016012,Thurrock 015C,Other theft,Under investigation,
fa960f1a0b71e48cf78ea6bfdd1b5e23dd19f4a67ccbd195382109de26de2291,2014-08,Essex Police,Essex Police,0.264910,51.489437,On or near Sports/Recreation Area,E01016012,Thurrock 015C,Other theft,Under investigation,
2b68c660195e333f5165a6d193ce0902d03e14c64e6e2ac7e5d6452bd2f1bba4,2014-08,Essex Police,Essex Police,0.266292,51.478970,On or near A282,E01016012,Thurrock 015C,Other theft,Under investigation,
9211e75c7563f588d6743e777d552fe895ce0916c70faf199c0c56f7b3288d4c,2014-08,Essex Police,Essex Police,0.272254,51.492281,On or near Motorway Service Area,E01016012,Thurrock 015C,Other theft,Under investigation,
0c82c64c98a5c4b156f019eae5368d7edf5c1142044eaa7feede1a5bf8557eef,2014-08,Essex Police,Essex Police,0.271332,51.491121,On or near Petrol Station,E01016012,Thurrock 015C,Other theft,Investigation complete; no suspect identified,
eba3ff9beb3a28513bb8e2d0a91074a3198c4cb409e760e6340850eb525b7ac4,2014-08,Essex Police,Essex Police,0.277434,51.486092,On or near Shopping Area,E01016012,Thurrock 015C,Other theft,Under investigation,
05397abaf9fecaa0d39f1724f2db259f3b99a994fad0edcdaef0657297b45382,2014-08,Essex Police,Essex Police,0.275564,51.489033,On or near Supermarket,E01016012,Thurrock 015C,Other theft,Investigation complete; no suspect identified,
7610a1e565b4a79601159a5d2e87a73410aff89b3cffbdae88c71bb803bfdb0c,2014-08,Essex Police,Essex Police,0.271332,51.491121,On or near Petrol Station,E01016012,Thurrock 015C,Other theft,Under investigation,
278e6ec124b237a389793082a24d12b8c26bcfa28b7a864e4f9a4ac3bd0f1542,2014-08,Essex Police,Essex Police,0.254499,51.479017,On or near Sports/Recreation Area,E01016012,Thurrock 015C,Other theft,Under investigation,
60038b657786b043f1687d22139345db341dcce9cf0fcf24a6d9e432446d9191,2014-08,Essex Police,Essex Police,0.270550,51.478573,On or near Quarry Way,E01016012,Thurrock 015C,Other theft,Investigation complete; no suspect identified,
d74fbd643e895b47ae53d9b8b4b3f28a480c26dade28205339e1f7629883050d,2014-08,Essex Police,Essex Police,0.271332,51.491121,On or near Petrol Station,E01016012,Thurrock 015C,Other theft,Investigation complete; no suspect identified,
94477df6ca365cbad93609d2643cfe032a6243c5455b29d0294b111bed772b66,2014-08,Essex Police,Essex Police,0.267167,51.471633,On or near Cosgrove Road,E01016012,Thurrock 015C,Other theft,Investigation complete; no suspect identified,
b9a85716e2fc921d397f76bf87f99b8fdbde3ad0cf8a894f814830247e4e519c,2014-08,Essex Police,Essex Police,0.270445,51.486039,On or near Parking Area,E01016012,Thurrock 015C,Public order,Under investigation,
ee569f9449165374018644c2b4fb88ad79879dfd44a3aebf482659ab4eed499d,2014-08,Essex Police,Essex Police,0.272254,51.492281,On or near Motorway Service Area,E01016012,Thurrock 015C,Public order,Unable to prosecute suspect,
d4ae2bce24f422b5a02b9befefd1fe5e3d8a5f971fd6420ab2bf9408e0878212,2014-08,Essex Police,Essex Police,0.281161,51.477359,On or near Park Avenue,E01016012,Thurrock 015C,Public order,Under investigation,
35e73f15e571428efc65e76c94a853e11c0be3e8e46e7d6e15336a8f708edefc,2014-08,Essex Police,Essex Police,0.270445,51.486039,On or near Parking Area,E01016012,Thurrock 015C,Shoplifting,Under investigation,
25345856bb695b04b0560128a5d8cb69608a519263c3360760b05244900f5157,2014-08,Essex Police,Essex Police,0.275564,51.489033,On or near Supermarket,E01016012,Thurrock 015C,Shoplifting,Local resolution,
76a9b2e289740361b536591a17d34dc8d850d294d68bce4b8d9ba27d3b8d64b2,2014-08,Essex Police,Essex Police,0.270445,51.486039,On or near Parking Area,E01016012,Thurrock 015C,Shoplifting,Local resolution,
8bce50265295165c71b7d521cf74156a630b270a01a03950b861626516c9288a,2014-08,Essex Police,Essex Police,0.275564,51.489033,On or near Supermarket,E01016012,Thurrock 015C,Shoplifting,Awaiting court outcome,
92a90083dc6dc024860368a579687bb02b9dac1caee791b3f52bee8e469bb545,2014-08,Essex Police,Essex Police,0.277434,51.486092,On or near Shopping Area,E01016012,Thurrock 015C,Shoplifting,Under investigation,
f11cb3e641917de5e6ceeb6d38ab9ccae33b0392eff91c26364abee3ac265738,2014-08,Essex Police,Essex Police,0.275564,51.489033,On or near Supermarket,E01016012,Thurrock 015C,Shoplifting,Offender given penalty notice,
bcecaf237b94933f99d8955ad305c5f03758d4cff303683c1e03725197bccde1,2014-08,Essex Police,Essex Police,0.270445,51.486039,On or near Parking Area,E01016012,Thurrock 015C,Shoplifting,Offender given penalty notice,
fb0a11ae80852e18d7d95372765245ca38579f85ab878a4fbd7cd6037bcc8db8,2014-08,Essex Police,Essex Police,0.275564,51.489033,On or near Supermarket,E01016012,Thurrock 015C,Shoplifting,Offender given penalty notice,
59b9428922be02551ad8f26d67c59e5d5e04dd3dacc874ff778cbe532e009d1d,2014-08,Essex Police,Essex Police,0.270445,51.486039,On or near Parking Area,E01016012,Thurrock 015C,Shoplifting,Under investigation,
1b5807e3a1648f03d055dfcc18a8c7be30da5d0cf1a41eb9886c46d78eed73e7,2014-08,Essex Police,Essex Police,0.270445,51.486039,On or near Parking Area,E01016012,Thurrock 015C,Shoplifting,Local resolution,
2e4fbed90d1eae3dc4120d35f6ddc3bbd37175560149fcaa8efbbe2dc35fa382,2014-08,Essex Police,Essex Police,0.275564,51.489033,On or near Supermarket,E01016012,Thurrock 015C,Shoplifting,Offender given a caution,
d08040f73fcfb3bc7b779cb0c0ed36aa67a7eefea49d0bcd1a452a3d9bb6c69c,2014-08,Essex Police,Essex Police,0.277434,51.486092,On or near Shopping Area,E01016012,Thurrock 015C,Shoplifting,Under investigation,
042180b48e9e32ee76a59473c1b070fa4315108e1c2537898fd246271f761104,2014-08,Essex Police,Essex Police,0.270445,51.486039,On or near Parking Area,E01016012,Thurrock 015C,Shoplifting,Offender given a caution,
0fef2923b5fa6978575791fbd61356658166430f423a9fde381a4e3263a23620,2014-08,Essex Police,Essex Police,0.275564,51.489033,On or near Supermarket,E01016012,Thurrock 015C,Shoplifting,Local resolution,
e77e0bf4058a702a4edccbae4ad17b385d9707696b26298acaa58252be55db8b,2014-08,Essex Police,Essex Police,0.270445,51.486039,On or near Parking Area,E01016012,Thurrock 015C,Shoplifting,Awaiting court outcome,
9ce526154e9d5c2ae8de8d6e8af784957c543098db4e0b46b6593d7135c73e17,2014-08,Essex Police,Essex Police,0.270445,51.486039,On or near Parking Area,E01016012,Thurrock 015C,Shoplifting,Under investigation,
fcf23862b1cee84f5933667dfdc158c29c0944e9157af8078b6119f1f8451c5a,2014-08,Essex Police,Essex Police,0.278591,51.475503,On or near Essex Road,E01016012,Thurrock 015C,Vehicle crime,Offender given community sentence,
aba0f0934cb227baf3b4fd30d61dd2dc8044104b0395230ee8d222d736774f43,2014-08,Essex Police,Essex Police,0.263270,51.482805,On or near Dolphin Way,E01016012,Thurrock 015C,Vehicle crime,Investigation complete; no suspect identified,
62014fd157ad0b6d9689786b2eccece8b1e8ce2a635902299be2c119649ca4cc,2014-08,Essex Police,Essex Police,0.266292,51.478970,On or near A282,E01016012,Thurrock 015C,Vehicle crime,Investigation complete; no suspect identified,
5d46cbff2772d7c2684e921345f5ed649af7ae6464dc786f2f74efcce7df1a33,2014-08,Essex Police,Essex Police,0.272582,51.482958,On or near Central Avenue,E01016012,Thurrock 015C,Vehicle crime,Investigation complete; no suspect identified,
98dff55d5b279f243ab987640fa8b925a1eefa9198ecd97e48dac7a0ddaf78e1,2014-08,Essex Police,Essex Police,0.271275,51.476355,On or near Petrol Station,E01016012,Thurrock 015C,Vehicle crime,Investigation complete; no suspect identified,
78331dbaec18199de12896647b95a4db3aa5f41cbb7c805b53af25798c0fb6ae,2014-08,Essex Police,Essex Police,0.279933,51.478444,On or near Hilltop Road,E01016012,Thurrock 015C,Vehicle crime,Investigation complete; no suspect identified,
9ae7210e2faef377ad5fe1315eb8903201782ab18431fdad80074ab29bc7dd1a,2014-08,Essex Police,Essex Police,0.279933,51.478444,On or near Hilltop Road,E01016012,Thurrock 015C,Violence and sexual offences,Under investigation,
d048acdaa93c62dd3539d3104c1ace745014ce892bb10e278a76b40321d1a94e,2014-08,Essex Police,Essex Police,0.272254,51.492281,On or near Motorway Service Area,E01016012,Thurrock 015C,Violence and sexual offences,Under investigation,
4af15d4a6786cc9b84f17a7bf8225806fa4182e0b8f642c16b737cf590a5a188,2014-08,Essex Police,Essex Police,0.282270,51.475629,On or near Fox Manor Way,E01016012,Thurrock 015C,Violence and sexual offences,Under investigation,
577e9a35f88c4bc1d97cbbeaabd284256822d6dd9f03b9090eed8a8e831d7faf,2014-08,Essex Police,Essex Police,0.282270,51.475629,On or near Fox Manor Way,E01016012,Thurrock 015C,Violence and sexual offences,Under investigation,
1b14a02b3ab3b90658cc3286096650f3668950122df0e928063d5bf669863173,2014-08,Essex Police,Essex Police,0.278591,51.475503,On or near Essex Road,E01016012,Thurrock 015C,Violence and sexual offences,Under investigation,
,2014-08,Essex Police,Essex Police,0.241602,51.480344,On or near Beacon Hill,E01016013,Thurrock 015D,Anti-social behaviour,,
,2014-08,Essex Police,Essex Police,0.236290,51.487757,On or near Fanns Rise,E01016013,Thurrock 015D,Anti-social behaviour,,
,2014-08,Essex Police,Essex Police,0.237904,51.487177,On or near Water Lane,E01016013,Thurrock 015D,Anti-social behaviour,,
,2014-08,Essex Police,Essex Police,0.242871,51.479789,On or near Linnet Way,E01016013,Thurrock 015D,Anti-social behaviour,,
eabf2655513fecd11ded74b8b35daa563c5a582a0391a6d67770fb3ac80b6364,2014-08,Essex Police,Essex Police,0.243726,51.480177,On or near Oakhill Road,E01016013,Thurrock 015D,Burglary,Under investigation,
9b798c4275d4d462a5dc75f0490f7a0fc6c09543be038b0de173df40a51fb96b,2014-08,Essex Police,Essex Police,0.247390,51.479711,On or near Coniston Avenue,E01016013,Thurrock 015D,Criminal damage and arson,Investigation complete; no suspect identified,
68f232f429fba6c276ae37d08ebf47d6f2fb7dd834a0aa10ee285c11d790ba5a,2014-08,Essex Police,Essex Police,0.247390,51.479711,On or near Coniston Avenue,E01016013,Thurrock 015D,Criminal damage and arson,Under investigation,
85f622c834ff2054e12990bbdb8237e71c4d373e552082209b36b771fd9a417d,2014-08,Essex Police,Essex Police,0.247390,51.479711,On or near Coniston Avenue,E01016013,Thurrock 015D,Criminal damage and arson,Under investigation,
ce66004a756222dd5ff1aab158da924cec1bd9811e8586f6d3e619560e310f9f,2014-08,Essex Police,Essex Police,0.248540,51.484060,On or near Griffiths Road,E01016013,Thurrock 015D,Vehicle crime,Investigation complete; no suspect identified,
3f2ff6188cc1f15df47b61d75cea968c8c2a0935cb155a64dc23435be3c88a60,2014-08,Essex Police,Essex Police,0.242871,51.479789,On or near Linnet Way,E01016013,Thurrock 015D,Vehicle crime,Investigation complete; no suspect identified,
87158baf7de47f6cccc441ac65e5d04013dfd008120f83eec52b054413e7980e,2014-08,Essex Police,Essex Police,0.237904,51.487177,On or near Water Lane,E01016013,Thurrock 015D,Vehicle crime,Under investigation,
857af87646fd1945d85d5f352d2fd2ed15a8b0e7f0c819d5e14f1b47b64d16b5,2014-08,Essex Police,Essex Police,0.242871,51.479789,On or near Linnet Way,E01016013,Thurrock 015D,Vehicle crime,Investigation complete; no suspect identified,
c4ffbe28605560d5c7f4a87ac6fa566e20b972be3fce7206429e6df735c681d2,2014-08,Essex Police,Essex Police,0.241602,51.480344,On or near Beacon Hill,E01016013,Thurrock 015D,Violence and sexual offences,Under investigation,
cc8f5597b38ddb08ef7d8d3e02857c12ed6eda3f64a41aa0a8f237e6d75c8264,2014-08,Essex Police,Essex Police,0.247390,51.479711,On or near Coniston Avenue,E01016013,Thurrock 015D,Violence and sexual offences,Unable to prosecute suspect,
5b7b40bdf6b53c07bb7f9712153c109270de825b7b578d13701303f77fbfd096,2014-08,Essex Police,Essex Police,0.240155,51.480192,On or near Wingrove Drive,E01016013,Thurrock 015D,Violence and sexual offences,Under investigation,
4dad0a5533aa5010c65e3aca4ee416cad6cb07fa951c23124237b20ccf532e67,2014-08,Essex Police,Essex Police,0.236535,51.480971,On or near London Road Purfleet,E01016013,Thurrock 015D,Violence and sexual offences,Offender given a caution,
beeeb37c6160474ff7366d0e1a8a8f8af866ff76d3659fca9ffd8b0b781a1fda,2014-08,Essex Police,Essex Police,0.243726,51.480177,On or near Oakhill Road,E01016013,Thurrock 015D,Violence and sexual offences,Under investigation,
,2014-08,Essex Police,Essex Police,0.235551,51.484128,On or near Caspian Close,E01016014,Thurrock 015E,Anti-social behaviour,,
,2014-08,Essex Police,Essex Police,0.229195,51.484933,On or near River Court,E01016014,Thurrock 015E,Anti-social behaviour,,
,2014-08,Essex Police,Essex Police,0.235058,51.483472,On or near Caspian Way,E01016014,Thurrock 015E,Anti-social behaviour,,
,2014-08,Essex Police,Essex Police,0.236080,51.486403,On or near Halfway Court,E01016014,Thurrock 015E,Anti-social behaviour,,
6a7dc84e2d8628d147f989896e7e9a80cd17434414064c46f25ec60b5507dd8d,2014-08,Essex Police,Essex Police,0.232703,51.486863,On or near Crusader Close,E01016014,Thurrock 015E,Burglary,Investigation complete; no suspect identified,
5d6d901fad54edde719a418d696869aab914f53019be7b7ba29340055837a53f,2014-08,Essex Police,Essex Police,0.235551,51.484128,On or near Caspian Close,E01016014,Thurrock 015E,Criminal damage and arson,Under investigation,
8114832a552f3511a6c8e906d1dfe1cc86a6cfe0dcffd150db2cf67f06deabbe,2014-08,Essex Police,Essex Police,0.231669,51.485749,On or near Chieftan Drive,E01016014,Thurrock 015E,Criminal damage and arson,Under investigation,
0717be314b6f90fe3a6a3ac0563991b913095d8a8a954f72da85996abf704469,2014-08,Essex Police,Essex Police,0.229195,51.484933,On or near River Court,E01016014,Thurrock 015E,Criminal damage and arson,Investigation complete; no suspect identified,
9be67ad6b344cac883635206ee1372536a0ed99ac94876d858a9ab89856b231b,2014-08,Essex Police,Essex Police,0.232982,51.482253,On or near London Road,E01016014,Thurrock 015E,Criminal damage and arson,Offender given conditional discharge,
f118fffe630bf23ccd2d5b022673e0b192bdaf61cdc8776b4d75ddf81b626cb2,2014-08,Essex Police,Essex Police,0.229701,51.486443,On or near Marine Court,E01016014,Thurrock 015E,Other theft,Investigation complete; no suspect identified,
201375937ae94efdaa2898e0f435fd8b092cd9db153c00cd7da56ff888f1febc,2014-08,Essex Police,Essex Police,0.229701,51.486443,On or near Marine Court,E01016014,Thurrock 015E,Other theft,Under investigation,
475ed8c774f0a98cc9646c05d50b2d9177c79eebc58243a45043b5f7c7a8e115,2014-08,Essex Police,Essex Police,0.232883,51.485825,On or near Saladin Drive,E01016014,Thurrock 015E,Public order,Under investigation,
0a300d06457277e0ea383bdd6591492aaf37e478c7f4a37b801639896b776a51,2014-08,Essex Police,Essex Police,0.231185,51.486442,On or near Rapier Close,E01016014,Thurrock 015E,Public order,Awaiting court outcome,
cd562a90facdbbac55c7a28ac92d56329bfdf76b1ca634f21bed14dfc229e742,2014-08,Essex Police,Essex Police,0.235551,51.484128,On or near Caspian Close,E01016014,Thurrock 015E,Violence and sexual offences,Awaiting court outcome,
1eaa7248e44e945870cf374e30309b7339b0507de1448020fe59a4440bc567a7,2014-08,Essex Police,Essex Police,0.229195,51.484933,On or near River Court,E01016014,Thurrock 015E,Violence and sexual offences,Under investigation,
8bcb6789ac35f80bff72965237462b7cc3683a3731a8f56feef905c395123c50,2014-08,Essex Police,Essex Police,0.229195,51.484933,On or near River Court,E01016014,Thurrock 015E,Violence and sexual offences,Under investigation,
,2014-08,Essex Police,Essex Police,0.300183,51.476745,On or near Foxton Road,E01016015,Thurrock 015F,Anti-social behaviour,,
,2014-08,Essex Police,Essex Police,0.302176,51.475995,On or near Gumley Road,E01016015,Thurrock 015F,Anti-social behaviour,,
,2014-08,Essex Police,Essex Police,0.300183,51.476745,On or near Foxton Road,E01016015,Thurrock 015F,Anti-social behaviour,,
,2014-08,Essex Police,Essex Police,0.301672,51.476851,On or near Charlton Street,E01016015,Thurrock 015F,Anti-social behaviour,,
,2014-08,Essex Police,Essex Police,0.300183,51.476745,On or near Foxton Road,E01016015,Thurrock 015F,Anti-social behaviour,,
1fb3b060f9d9cd5c17aee5f96d46338e829186d6b8bc763ae7cf96c0d13e3d7b,2014-08,Essex Police,Essex Police,0.300183,51.476745,On or near Foxton Road,E01016015,Thurrock 015F,Criminal damage and arson,Under investigation,
e96ebb186ee076b81fe19828da221cd147341882b3a69b2470556690d18bc483,2014-08,Essex Police,Essex Police,0.300183,51.476745,On or near Foxton Road,E01016015,Thurrock 015F,Other theft,Under investigation,
8849bf3d752be6657fdd684376a434e49bcc350dc10f5f2fd61dcf1167164609,2014-08,Essex Police,Essex Police,0.303317,51.476908,On or near East Street,E01016015,Thurrock 015F,Vehicle crime,Under investigation,
dc01ee60ba1d8264b1396d9e21ad4e711e04e145a51b62614d228dfdd5c33dd5,2014-08,Essex Police,Essex Police,0.296171,51.476275,On or near Angle Road,E01016015,Thurrock 015F,Vehicle crime,Investigation complete; no suspect identified,
3e7b0b994fb645e044da578c4e1691ae4d17b7f481f9b43016f214d50992a27e,2014-08,Essex Police,Essex Police,0.300183,51.476745,On or near Foxton Road,E01016015,Thurrock 015F,Vehicle crime,Under investigation,
cd91805d7ee40a15aad4e5b0aafd846a7b65ea370cf7509eb6042f64cde7847c,2014-08,Essex Police,Essex Police,0.303364,51.479839,On or near Moore Avenue,E01016015,Thurrock 015F,Vehicle crime,Under investigation,
4ddc100cb534832ae6d45c92effbf7db24f3c2440c123623538004c08da83279,2014-08,Essex Police,Essex Police,0.300183,51.476745,On or near Foxton Road,E01016015,Thurrock 015F,Violence and sexual offences,Unable to prosecute suspect,
c9d0a8218f8718e3efb6b4df3c0394f1204a753edfe8e9671cdcad9786b0337f,2014-08,Essex Police,Essex Police,0.303364,51.479839,On or near Moore Avenue,E01016015,Thurrock 015F,Violence and sexual offences,Under investigation,
8fde2bd7adfa1081112bd647d19a5e5f319e3dcfbdc1290d8669c3b1811cc945,2014-08,Essex Police,Essex Police,0.301672,51.476851,On or near Charlton Street,E01016015,Thurrock 015F,Violence and sexual offences,Unable to prosecute suspect,
a4dfcc1bbffbba0cb2bc92cc64273e21517cc366285dda9b6882d735bf292a00,2014-08,Essex Police,Essex Police,0.300183,51.476745,On or near Foxton Road,E01016015,Thurrock 015F,Violence and sexual offences,Unable to prosecute suspect,
,2014-08,Essex Police,Essex Police,0.311500,51.482107,On or near Moss Bank,E01015955,Thurrock 016A,Anti-social behaviour,,
,2014-08,Essex Police,Essex Police,0.312567,51.483831,On or near Henry De Grey Close,E01015955,Thurrock 016A,Anti-social behaviour,,
,2014-08,Essex Police,Essex Police,0.312567,51.483831,On or near Henry De Grey Close,E01015955,Thurrock 016A,Anti-social behaviour,,
8bfaa3e237b3f8b92c3da5a3bc48bfff6d71076d06fa358c55293286dfad6a6b,2014-08,Essex Police,Essex Police,0.316776,51.483334,On or near Bersham Lane,E01015955,Thurrock 016A,Drugs,Offender given a caution,
cf302ea1f9e2d1b0e10686b667f383b8d10149ad34d73d288a66dbd0515b6c4e,2014-08,Essex Police,Essex Police,0.316776,51.483334,On or near Bersham Lane,E01015955,Thurrock 016A,Other theft,Under investigation,
7a647d77e0b76cc7ab70a11f377df7e4f272099524a5de42ae55bb8cb389e320,2014-08,Essex Police,Essex Police,0.316776,51.483334,On or near Bersham Lane,E01015955,Thurrock 016A,Other theft,Investigation complete; no suspect identified,
a4ce1bbcd6f6abe0a7c632c45d037255da4083a0443edaac9e8735e32a11f0cd,2014-08,Essex Police,Essex Police,0.312040,51.478256,On or near Parker Road,E01015955,Thurrock 016A,Public order,Under investigation,
09e6d4eca69e04c41ac12a8f7874beba64440bd6f70db03081dd1ccbedaed905,2014-08,Essex Police,Essex Police,0.317082,51.483103,On or near Prior Chase,E01015955,Thurrock 016A,Other crime,Under investigation,
,2014-08,Essex Police,Essex Police,0.324934,51.477776,On or near Clarence Road,E01015956,Thurrock 016B,Anti-social behaviour,,
,2014-08,Essex Police,Essex Police,0.326367,51.478477,On or near Bedford Road,E01015956,Thurrock 016B,Anti-social behaviour,,
,2014-08,Essex Police,Essex Police,0.322008,51.478851,On or near Quarry Hill,E01015956,Thurrock 016B,Anti-social behaviour,,
ff2b10b057a7becd69cdbccb0bcc842e7c355ec7812813f8c1ff6d62b7ca0126,2014-08,Essex Police,Essex Police,0.328597,51.477875,On or near Clarence Road,E01015956,Thurrock 016B,Bicycle theft,Investigation complete; no suspect identified,
94d4a85cecebbd1711ce74dc9dd9ee20e9b6de9017634d4c5f401952f375bfa4,2014-08,Essex Police,Essex Police,0.322792,51.479555,On or near Brooke Road,E01015956,Thurrock 016B,Criminal damage and arson,Under investigation,
fd132bc3571307565fdac5abff4f1b2907dc0c032dfc9663514bbe009692b4c0,2014-08,Essex Police,Essex Police,0.324019,51.478460,On or near Theatre/Concert Hall,E01015956,Thurrock 016B,Other theft,Investigation complete; no suspect identified,
7c1819b777d57748d2e5513bd7389afd6d0950b7d7adfbe198827313879d9602,2014-08,Essex Police,Essex Police,0.326367,51.478477,On or near Bedford Road,E01015956,Thurrock 016B,Other theft,Investigation complete; no suspect identified,
8d8b96b4935249791dd616b1d1779a067edf21308cbd3d307f3d7bc72395ba33,2014-08,Essex Police,Essex Police,0.322792,51.479555,On or near Brooke Road,E01015956,Thurrock 016B,Other theft,Unable to prosecute suspect,
ddf8230ebbe71ad05add242ae0035ad05c4f12c4a13e4d15cfab6920c1f1eb35,2014-08,Essex Police,Essex Police,0.324019,51.478460,On or near Theatre/Concert Hall,E01015956,Thurrock 016B,Other theft,Under investigation,
474afcf711f5a3b5da93baa9fc05dc25e7ef0a29e964f59fe9daf980f50a0289,2014-08,Essex Police,Essex Police,0.328706,51.478034,On or near Park Road,E01015956,Thurrock 016B,Other theft,Under investigation,
0671ffa78b00da572b4e63ab1f8ca73b040f0bb7e070b8c08893877b94ec6716,2014-08,Essex Police,Essex Police,0.322008,51.478851,On or near Quarry Hill,E01015956,Thurrock 016B,Other theft,Under investigation,
10f5118b59b83dc79d4283e33a7efbcb0188b1651c94084f1a7b6855060468d1,2014-08,Essex Police,Essex Police,0.322355,51.479168,On or near Grays Police Station,E01015956,Thurrock 016B,Violence and sexual offences,Under investigation,
e029edf56d152800a5394f9089e325790bc4ca78dd08df859875838ceeadafe1,2014-08,Essex Police,Essex Police,0.326075,51.476980,On or near Darnley Road,E01015956,Thurrock 016B,Violence and sexual offences,Under investigation,
555787003cdf3134579e1382498fbc45a8f79993886ca57969f7baae0bb5946a,2014-08,Essex Police,Essex Police,0.322355,51.479168,On or near Grays Police Station,E01015956,Thurrock 016B,Violence and sexual offences,Awaiting court outcome,
04ee276cc5bc6c933fedc3e064c5f42dbbef65c26adc4d3b83f171f92e239171,2014-08,Essex Police,Essex Police,0.329276,51.479885,On or near Park View Gardens,E01015956,Thurrock 016B,Violence and sexual offences,Under investigation,
d6e427b32834c6a2544b966b605f3c1a4ebdc0d938dfc1924cd10e564b6b357e,2014-08,Essex Police,Essex Police,0.322355,51.479168,On or near Grays Police Station,E01015956,Thurrock 016B,Violence and sexual offences,Awaiting court outcome,
eb2a39829875a0418f27c8a2fe0fbe985586b5a9d3d560bef95ba9af4ad2a93a,2014-08,Essex Police,Essex Police,0.322355,51.479168,On or near Grays Police Station,E01015956,Thurrock 016B,Other crime,Under investigation,
,2014-08,Essex Police,Essex Police,0.324371,51.481421,On or near Cromwell Road,E01015959,Thurrock 016C,Anti-social behaviour,,
,2014-08,Essex Police,Essex Police,0.325054,51.480985,On or near Stuart Road,E01015959,Thurrock 016C,Anti-social behaviour,,
,2014-08,Essex Police,Essex Police,0.324371,51.481421,On or near Cromwell Road,E01015959,Thurrock 016C,Anti-social behaviour,,
ca197e7056281b4103015b3521fb03a831cf7247fed43c036eb924a146e797f1,2014-08,Essex Police,Essex Police,0.325594,51.481127,On or near Milton Road,E01015959,Thurrock 016C,Burglary,Under investigation,
a1f6c3e11c4d3fe6fdc605960e9ca8aeb01d270588548e245907ab562e44f468,2014-08,Essex Police,Essex Police,0.327561,51.482419,On or near Rookwood Close,E01015959,Thurrock 016C,Burglary,Investigation complete; no suspect identified,
af2afcc9180e4a81c12ddb0f05486b34214812a9fd18f5b6794bffd31413b0ba,2014-08,Essex Police,Essex Police,0.327793,51.485562,On or near Woodward Close,E01015959,Thurrock 016C,Burglary,Under investigation,
c531480e246d4a01dd61148351a6cf40ec1e3a81cd69d867cf6cd62e58d7bf10,2014-08,Essex Police,Essex Police,0.324584,51.479375,On or near Theatre/Concert Hall,E01015959,Thurrock 016C,Other theft,Investigation complete; no suspect identified,
1f673d116661581aedf72dd81d30a1b949e625586309c81f3dbd4b0655656a11,2014-08,Essex Police,Essex Police,0.327561,51.482419,On or near Rookwood Close,E01015959,Thurrock 016C,Other theft,Under investigation,
b71d09c0a957fafcbd0d7ce5085deeb41dadbfbcd54ca82e4edf4b943056135e,2014-08,Essex Police,Essex Police,0.331208,51.480781,On or near Orsett Road,E01015959,Thurrock 016C,Other theft,Investigation complete; no suspect identified,
c7d02d2520a98f26eecfc27981df762a5b13dead93eaaf80504ac431b9b6e5d8,2014-08,Essex Police,Essex Police,0.327561,51.482419,On or near Rookwood Close,E01015959,Thurrock 016C,Public order,Under investigation,
7095b2b73ab024a2a227244228e86ad1d00750c937df92dd0db19074b91d497f,2014-08,Essex Police,Essex Police,0.323676,51.482766,On or near Pym Place,E01015959,Thurrock 016C,Vehicle crime,Investigation complete; no suspect identified,
4295dd0a85ef413de04071f0a4480a04f410181fcdd46d5e9d15a3c386ae21a9,2014-08,Essex Police,Essex Police,0.324371,51.481421,On or near Cromwell Road,E01015959,Thurrock 016C,Violence and sexual offences,Unable to prosecute suspect,
d5f054523e03bfe73f9859f054c958284eefbcd246bb0f4adf5f90c7e8bbdb39,2014-08,Essex Police,Essex Police,0.327561,51.482419,On or near Rookwood Close,E01015959,Thurrock 016C,Violence and sexual offences,Unable to prosecute suspect,
c650da2a95382aa85bda951417ecb7300ab250947e6c2b8dfe97b191d9478100,2014-08,Essex Police,Essex Police,0.327561,51.482419,On or near Rookwood Close,E01015959,Thurrock 016C,Violence and sexual offences,Under investigation,
,2014-08,Essex Police,Essex Police,0.332158,51.479908,On or near Allenby Crescent,E01015961,Thurrock 016D,Anti-social behaviour,,
,2014-08,Essex Police,Essex Police,0.333747,51.481693,On or near Palmer'S Avenue,E01015961,Thurrock 016D,Anti-social behaviour,,
,2014-08,Essex Police,Essex Police,0.335410,51.480140,On or near High View Gardens,E01015961,Thurrock 016D,Anti-social behaviour,,
,2014-08,Essex Police,Essex Police,0.334135,51.478016,On or near Kent Road,E01015961,Thurrock 016D,Anti-social behaviour,,
e2c3e6903f3bd075bc3c69405f305556926a79aeab3cf41d62255c2ee82e3b4f,2014-08,Essex Police,Essex Police,0.335410,51.480140,On or near High View Gardens,E01015961,Thurrock 016D,Drugs,Under investigation,
2b742343d1fe65cad9196284cfa58765498d6c52b31ca107507128abdadd0652,2014-08,Essex Police,Essex Police,0.335075,51.481487,On or near Theobalds Avenue,E01015961,Thurrock 016D,Vehicle crime,Investigation complete; no suspect identified,
895cb6ea30564b06cad750f3456cdc02dde187538714de524f45fbe6f087bd89,2014-08,Essex Police,Essex Police,0.332158,51.479908,On or near Allenby Crescent,E01015961,Thurrock 016D,Violence and sexual offences,Under investigation,
af5e0e25e3ca077d85bb1280b65f17584bc52ee77196367b52a6fe83ed301218,2014-08,Essex Police,Essex Police,0.334135,51.478016,On or near Kent Road,E01015961,Thurrock 016D,Violence and sexual offences,Investigation complete; no suspect identified,
,2014-08,Essex Police,Essex Police,0.334241,51.476144,On or near Arthur Street,E01015962,Thurrock 016E,Anti-social behaviour,,
,2014-08,Essex Police,Essex Police,0.331354,51.475176,On or near Parking Area,E01015962,Thurrock 016E,Anti-social behaviour,,
,2014-08,Essex Police,Essex Police,0.330716,51.475935,On or near Parking Area,E01015962,Thurrock 016E,Anti-social behaviour,,
,2014-08,Essex Police,Essex Police,0.333125,51.474034,On or near Elm Road,E01015962,Thurrock 016E,Anti-social behaviour,,
,2014-08,Essex Police,Essex Police,0.335082,51.474283,On or near Maple Road,E01015962,Thurrock 016E,Anti-social behaviour,,
,2014-08,Essex Police,Essex Police,0.331354,51.475176,On or near Parking Area,E01015962,Thurrock 016E,Anti-social behaviour,,
,2014-08,Essex Police,Essex Police,0.333125,51.474034,On or near Elm Road,E01015962,Thurrock 016E,Anti-social behaviour,,
595734854524287006bbd25290e1409c4d81fefeb7ee2be0f8fb5fa9b4dced35,2014-08,Essex Police,Essex Police,0.331656,51.474585,On or near Doug Siddons Court,E01015962,Thurrock 016E,Burglary,Under investigation,
2e85fabb03920086284e82b92a48c681c151f95a6c64890cf7e187563c63ef61,2014-08,Essex Police,Essex Police,0.333982,51.474170,On or near Oak Road,E01015962,Thurrock 016E,Burglary,Under investigation,
05e8b166839e2baae980811e50b53ea058c569168f4b31b52bb1bcf5bc62cd82,2014-08,Essex Police,Essex Police,0.336465,51.475704,On or near Wood Street,E01015962,Thurrock 016E,Other theft,Unable to prosecute suspect,
b8ac3c44dd42d167bf49e86dde1d8d251ccdd3d36f3023f08dafe8175f8679ad,2014-08,Essex Police,Essex Police,0.330716,51.475935,On or near Parking Area,E01015962,Thurrock 016E,Vehicle crime,Under investigation,
72455f7e40bdd8a1f0621bd03c2e97d37e42a7e1308a817c7f9822beabde029b,2014-08,Essex Police,Essex Police,0.332752,51.475760,On or near John Street,E01015962,Thurrock 016E,Vehicle crime,Under investigation,
7483b38aae6ea945ce9f6198319592cff44b370f6cf9599389ca614d67a79f53,2014-08,Essex Police,Essex Police,0.331358,51.476084,On or near Charles Street,E01015962,Thurrock 016E,Violence and sexual offences,Investigation complete; no suspect identified,
2fc15eed95a4c0460c3b345fa659594f990d4b1a4e5f737c226ad8dbb29fa96c,2014-08,Essex Police,Essex Police,0.334553,51.475481,On or near Alfred Street,E01015962,Thurrock 016E,Violence and sexual offences,Under investigation,
f37bd74625defbf47658f014c422cf46c85a939b022d4f7a3a49438449dfd825,2014-08,Essex Police,Essex Police,0.336767,51.474573,On or near Manor Road,E01015962,Thurrock 016E,Violence and sexual offences,Under investigation,
,2014-08,Essex Police,Essex Police,0.309550,51.475149,On or near Bexhill Drive,E01015951,Thurrock 017A,Anti-social behaviour,,
,2014-08,Essex Police,Essex Police,0.309363,51.477158,On or near Rosebery Road,E01015951,Thurrock 017A,Anti-social behaviour,,
,2014-08,Essex Police,Essex Police,0.311333,51.477380,On or near Belmont Road,E01015951,Thurrock 017A,Anti-social behaviour,,
,2014-08,Essex Police,Essex Police,0.314624,51.476101,On or near Wharf Road,E01015951,Thurrock 017A,Anti-social behaviour,,
c11cb4c34dd360b3b160963c05a222a5e38432ee5ced9a47071ce11e415bf66f,2014-08,Essex Police,Essex Police,0.313493,51.475665,On or near Goldsmith,E01015951,Thurrock 017A,Burglary,Investigation complete; no suspect identified,
690bee634fbb035843d43e80b4e669ec2adff0465e3a4dfe41d66864df0bd456,2014-08,Essex Police,Essex Police,0.311333,51.477380,On or near Belmont Road,E01015951,Thurrock 017A,Burglary,Under investigation,
b33ca9ed26b8cf9801a00ae2c9a3cf13e8ab7b2c3a25fd51663eb85cff485f38,2014-08,Essex Police,Essex Police,0.309550,51.475149,On or near Bexhill Drive,E01015951,Thurrock 017A,Burglary,Under investigation,
0668a61f01a9dc99ab1c0e9ced98340b92663dc38411806f505dadd1a9b9e991,2014-08,Essex Police,Essex Police,0.314624,51.476101,On or near Wharf Road,E01015951,Thurrock 017A,Violence and sexual offences,Under investigation,
d91638e4adcdfa3dbae00b16b2523a31728730a8bc68b689152e05dd032aab08,2014-08,Essex Police,Essex Police,0.313493,51.475665,On or near Goldsmith,E01015951,Thurrock 017A,Violence and sexual offences,Awaiting court outcome,
,2014-08,Essex Police,Essex Police,0.330502,51.474554,On or near Bridge Road,E01015952,Thurrock 017B,Anti-social behaviour,,
,2014-08,Essex Police,Essex Police,0.329709,51.472268,On or near Crest Avenue,E01015952,Thurrock 017B,Anti-social behaviour,,
,2014-08,Essex Police,Essex Police,0.329709,51.472268,On or near Crest Avenue,E01015952,Thurrock 017B,Anti-social behaviour,,
,2014-08,Essex Police,Essex Police,0.331654,51.473137,On or near Falcon Avenue,E01015952,Thurrock 017B,Anti-social behaviour,,
,2014-08,Essex Police,Essex Police,0.328178,51.472460,On or near Conway Gardens,E01015952,Thurrock 017B,Anti-social behaviour,,
,2014-08,Essex Police,Essex Police,0.329639,51.476550,On or near Sports/Recreation Area,E01015952,Thurrock 017B,Anti-social behaviour,,
0bd1207cff9d2cc085d04d482f77053aed2ae5d161f9e313b9f1aee89902ad90,2014-08,Essex Police,Essex Police,0.330392,51.472119,On or near Manor Way,E01015952,Thurrock 017B,Criminal damage and arson,Investigation complete; no suspect identified,
d9f89a64dca91e04d194f485608a5bc61e1e4a83ed7b1c0a9a5b3b3897c94773,2014-08,Essex Police,Essex Police,0.329135,51.476551,On or near Sports/Recreation Area,E01015952,Thurrock 017B,Criminal damage and arson,Investigation complete; no suspect identified,
005a9032a821c3a621c56d931f040896fdfef5bc64d5e54e295ded6b6e1aae1e,2014-08,Essex Police,Essex Police,0.327640,51.476886,On or near Finchley Road,E01015952,Thurrock 017B,Criminal damage and arson,Investigation complete; no suspect identified,
4d04958fffdaf8ba7ccc67a4a49f4643c288c880b6c13fb06cbdee8784690f9e,2014-08,Essex Police,Essex Police,0.330502,51.474554,On or near Bridge Road,E01015952,Thurrock 017B,Criminal damage and arson,Under investigation,
84a76bb7c447e9fdd406b74a23dad821b0f7117581784c96f5ca206446885268,2014-08,Essex Police,Essex Police,0.331654,51.473137,On or near Falcon Avenue,E01015952,Thurrock 017B,Other theft,Under investigation,
980d81508c8e72e37b6ea6f113ff8f5a261197e95089120290949526d0eff675,2014-08,Essex Police,Essex Police,0.328178,51.472460,On or near Conway Gardens,E01015952,Thurrock 017B,Possession of weapons,Awaiting court outcome,
398a148b7ea5be5289f61abdb2babc6f30a8786ffbb734b2001fa91926ea2e11,2014-08,Essex Police,Essex Police,0.330392,51.472119,On or near Manor Way,E01015952,Thurrock 017B,Public order,Under investigation,
6fc2cccd212e0128b1f44de1d28120c4aa46f3e4bb61f0ae65710577e2337fa5,2014-08,Essex Police,Essex Police,0.329410,51.475457,On or near Prospect Place,E01015952,Thurrock 017B,Vehicle crime,Investigation complete; no suspect identified,
6bfc2fafb04504e6f69bf82945963924466a6762c203069196bcd054a54665f4,2014-08,Essex Police,Essex Police,0.328178,51.472460,On or near Conway Gardens,E01015952,Thurrock 017B,Vehicle crime,Investigation complete; no suspect identified,
129775f08bc2edf5356c0af6e9030dc8760aee12455207ce4907be7e6acba2cb,2014-08,Essex Police,Essex Police,0.328178,51.472460,On or near Conway Gardens,E01015952,Thurrock 017B,Vehicle crime,Investigation complete; no suspect identified,
50fb6eab77989ab1554c54522964b686b6e089e024f086b850660ac4ff2351a8,2014-08,Essex Police,Essex Police,0.328178,51.472460,On or near Conway Gardens,E01015952,Thurrock 017B,Vehicle crime,Investigation complete; no suspect identified,
50752bb68b3e4e92c5a9173ce41b0e97a09b509c9bd1b3eaa638a1fe348d8cf4,2014-08,Essex Police,Essex Police,0.329709,51.472268,On or near Crest Avenue,E01015952,Thurrock 017B,Violence and sexual offences,Under investigation,
14a3571efd317af4f64a38821918ba746757424eb113cc67626f9fbed4fe694b,2014-08,Essex Police,Essex Police,0.329639,51.476550,On or near Sports/Recreation Area,E01015952,Thurrock 017B,Violence and sexual offences,Unable to prosecute suspect,
,2014-08,Essex Police,Essex Police,0.321375,51.474906,On or near Vicarage Square,E01015953,Thurrock 017C,Anti-social behaviour,,
,2014-08,Essex Police,Essex Police,0.316734,51.476815,On or near Supermarket,E01015953,Thurrock 017C,Anti-social behaviour,,
,2014-08,Essex Police,Essex Police,0.319731,51.477969,On or near Parking Area,E01015953,Thurrock 017C,Anti-social behaviour,,
,2014-08,Essex Police,Essex Police,0.321375,51.474906,On or near Vicarage Square,E01015953,Thurrock 017C,Anti-social behaviour,,
,2014-08,Essex Police,Essex Police,0.321375,51.474906,On or near Vicarage Square,E01015953,Thurrock 017C,Anti-social behaviour,,
,2014-08,Essex Police,Essex Police,0.317489,51.474668,On or near Lewes Close,E01015953,Thurrock 017C,Anti-social behaviour,,
,2014-08,Essex Police,Essex Police,0.319731,51.477969,On or near Parking Area,E01015953,Thurrock 017C,Anti-social behaviour,,
,2014-08,Essex Police,Essex Police,0.321375,51.474906,On or near Vicarage Square,E01015953,Thurrock 017C,Anti-social behaviour,,
7b6cf8fa2457096342adb41651db34a62836f273df47a64ba90f278cf3a997ef,2014-08,Essex Police,Essex Police,0.319731,51.477969,On or near Parking Area,E01015953,Thurrock 017C,Bicycle theft,Investigation complete; no suspect identified,
d01e185428e556d5cc657f9b2357056ae2546491c704552aae775ed44e7b6cf3,2014-08,Essex Police,Essex Police,0.316734,51.476815,On or near Supermarket,E01015953,Thurrock 017C,Bicycle theft,Investigation complete; no suspect identified,
3b09defd9676f854624ed60b5495dc1defdeb5b26f1da0a5d4c8a8cd57135d73,2014-08,Essex Police,Essex Police,0.316734,51.476815,On or near Supermarket,E01015953,Thurrock 017C,Burglary,Under investigation,
f67e366890c1766b2bf58233ff1b90cc2316ae6375f2aec65fe181f55004d683,2014-08,Essex Police,Essex Police,0.317475,51.475514,On or near Hove Close,E01015953,Thurrock 017C,Burglary,Investigation complete; no suspect identified,
47943e3798ffda48c7aceb173402cdb9e710a3d0c9f897ec1fc60bf6785bd242,2014-08,Essex Police,Essex Police,0.316734,51.476815,On or near Supermarket,E01015953,Thurrock 017C,Burglary,Under investigation,
c28e3314c9ba1da55834078748eaec4f702be499c232ba0196fb466740a3b51c,2014-08,Essex Police,Essex Police,0.319731,51.477969,On or near Parking Area,E01015953,Thurrock 017C,Criminal damage and arson,Investigation complete; no suspect identified,
11b36d07358af0c5c17ce56cdb41d3bd04c03db81c83b83cfef8e46afed59650,2014-08,Essex Police,Essex Police,0.319731,51.477969,On or near Parking Area,E01015953,Thurrock 017C,Drugs,Offender given a drugs possession warning,
708ceb56e69a1c087851ae6c16e4d2776ea0bac764c0df9efda86fb38da918a1,2014-08,Essex Police,Essex Police,0.319731,51.477969,On or near Parking Area,E01015953,Thurrock 017C,Other theft,Under investigation,
d3037eb037605337fbf612d34ed4333e12b7e43f97c28c6e5ac1cfe71f030f3d,2014-08,Essex Police,Essex Police,0.321375,51.474906,On or near Vicarage Square,E01015953,Thurrock 017C,Other theft,Investigation complete; no suspect identified,
8602d4db26bb16dccb8ef149749c03071e0421e6b3973c28e19303a9066e2662,2014-08,Essex Police,Essex Police,0.315057,51.474977,On or near Wharf Road South,E01015953,Thurrock 017C,Other theft,Under investigation,
3daeddf363d2e29d371de0403df606d39fd6f844b60084b91e89d63518c5964e,2014-08,Essex Police,Essex Police,0.319609,51.474150,On or near Columbia Wharf Road,E01015953,Thurrock 017C,Other theft,Under investigation,
23d65cc9acdd3c04da58945874d4f7b07e6160ef61cc77bf6a5a03579eb29be0,2014-08,Essex Police,Essex Police,0.316734,51.476815,On or near Supermarket,E01015953,Thurrock 017C,Shoplifting,Under investigation,
a6ba81a2a996e08e87f4d9f1dc3e94fc8ece0e9f1af93717292cc00630a04f5e,2014-08,Essex Police,Essex Police,0.316734,51.476815,On or near Supermarket,E01015953,Thurrock 017C,Shoplifting,Under investigation,
4e266185fb9394f0e91ebb07e613cb1f47a89c9b1bc3dd437a44d3f237bde85f,2014-08,Essex Police,Essex Police,0.316734,51.476815,On or near Supermarket,E01015953,Thurrock 017C,Shoplifting,Under investigation,
8fcf4cb8c2867b07b8e5ff7fb54ebde9d829846044779357b8b3f2fb33012bdd,2014-08,Essex Police,Essex Police,0.319731,51.477969,On or near Parking Area,E01015953,Thurrock 017C,Shoplifting,Unable to prosecute suspect,
e295f876bab0a462a205b725455fe65a6d645ce6f90401f338a68cbb6fc1d45d,2014-08,Essex Police,Essex Police,0.316734,51.476815,On or near Supermarket,E01015953,Thurrock 017C,Shoplifting,Under investigation,
304674e7614bbabdc5ecdb22d2ed9e297f6832be4d5431101b0e79db4a1a9656,2014-08,Essex Police,Essex Police,0.319731,51.477969,On or near Parking Area,E01015953,Thurrock 017C,Shoplifting,Under investigation,
0df2554b56c8f83cd7552c037c2141421c69dd9eb8a835f4258985b9fe9890c0,2014-08,Essex Police,Essex Police,0.319731,51.477969,On or near Parking Area,E01015953,Thurrock 017C,Shoplifting,Unable to prosecute suspect,
20f7b06f8a591398b303203026190c4c0ea064f46e2ccfabd8f06b74bcd6760f,2014-08,Essex Police,Essex Police,0.316734,51.476815,On or near Supermarket,E01015953,Thurrock 017C,Theft from the person,Investigation complete; no suspect identified,
6d983fa7c6b727ccfec1dc1021cc996636aef72cce27e641286c94a475f72781,2014-08,Essex Police,Essex Police,0.319731,51.477969,On or near Parking Area,E01015953,Thurrock 017C,Theft from the person,Investigation complete; no suspect identified,
4b4c3369b56e57643da5570862b9a8f5683e92cc49afd190e8fa620361a41970,2014-08,Essex Police,Essex Police,0.319593,51.475256,On or near Bruces Wharf Road,E01015953,Thurrock 017C,Vehicle crime,Investigation complete; no suspect identified,
2ce171003c289f1f711f63be4f96487ba9dbeb43cb6c42fbca0d7581956023a9,2014-08,Essex Police,Essex Police,0.319731,51.477969,On or near Parking Area,E01015953,Thurrock 017C,Violence and sexual offences,Under investigation,
cbfb1faaa2b926eed5cc247e63765fa47ff0c805607d7ca94c728ff1480f940b,2014-08,Essex Police,Essex Police,0.319593,51.475256,On or near Bruces Wharf Road,E01015953,Thurrock 017C,Violence and sexual offences,Awaiting court outcome,
3b3a2a967d0c00c5cc561bf43a0bd26578b458f5ebf48b4edfac3248c865552d,2014-08,Essex Police,Essex Police,0.311932,51.475552,On or near Goldace,E01015953,Thurrock 017C,Violence and sexual offences,Under investigation,
,2014-08,Essex Police,Essex Police,0.323432,51.476835,On or near Shopping Area,E01015954,Thurrock 017D,Anti-social behaviour,,
,2014-08,Essex Police,Essex Police,0.328361,51.474075,On or near Exmouth Road,E01015954,Thurrock 017D,Anti-social behaviour,,
,2014-08,Essex Police,Essex Police,0.322153,51.476033,On or near Station Approach,E01015954,Thurrock 017D,Anti-social behaviour,,
,2014-08,Essex Police,Essex Police,0.324602,51.476614,On or near Supermarket,E01015954,Thurrock 017D,Anti-social behaviour,,
,2014-08,Essex Police,Essex Police,0.325264,51.475198,On or near New Road,E01015954,Thurrock 017D,Anti-social behaviour,,
,2014-08,Essex Police,Essex Police,0.326119,51.472186,On or near Thames Road,E01015954,Thurrock 017D,Anti-social behaviour,,
,2014-08,Essex Police,Essex Police,0.321089,51.476360,On or near Pedestrian Subway,E01015954,Thurrock 017D,Anti-social behaviour,,
,2014-08,Essex Police,Essex Police,0.324544,51.475203,On or near Hawkes Close,E01015954,Thurrock 017D,Anti-social behaviour,,
,2014-08,Essex Police,Essex Police,0.321840,51.473845,On or near Parking Area,E01015954,Thurrock 017D,Anti-social behaviour,,
,2014-08,Essex Police,Essex Police,0.321840,51.473845,On or near Parking Area,E01015954,Thurrock 017D,Anti-social behaviour,,
,2014-08,Essex Police,Essex Police,0.325332,51.474261,On or near Sherfield Road,E01015954,Thurrock 017D,Anti-social behaviour,,
,2014-08,Essex Police,Essex Police,0.326119,51.472186,On or near Thames Road,E01015954,Thurrock 017D,Anti-social behaviour,,
,2014-08,Essex Police,Essex Police,0.328361,51.474075,On or near Exmouth Road,E01015954,Thurrock 017D,Anti-social behaviour,,
,2014-08,Essex Police,Essex Police,0.323992,51.477085,On or near Shopping Area,E01015954,Thurrock 017D,Anti-social behaviour,,
,2014-08,Essex Police,Essex Police,0.328361,51.474075,On or near Exmouth Road,E01015954,Thurrock 017D,Anti-social behaviour,,
,2014-08,Essex Police,Essex Police,0.321840,51.473845,On or near Parking Area,E01015954,Thurrock 017D,Anti-social behaviour,,
,2014-08,Essex Police,Essex Police,0.328361,51.474075,On or near Exmouth Road,E01015954,Thurrock 017D,Anti-social behaviour,,
,2014-08,Essex Police,Essex Police,0.325332,51.474261,On or near Sherfield Road,E01015954,Thurrock 017D,Anti-social behaviour,,
f58648877b64c995c305b32550ecb4138e5ebc9ecfa0bdf603f5e86f80866982,2014-08,Essex Police,Essex Police,0.324602,51.476614,On or near Supermarket,E01015954,Thurrock 017D,Bicycle theft,Investigation complete; no suspect identified,
384e9b1ab993500a9ba2671bf7613cc64bc199b01b9e934e49ff654fb66a603f,2014-08,Essex Police,Essex Police,0.324602,51.476614,On or near Supermarket,E01015954,Thurrock 017D,Bicycle theft,Under investigation,
939042bd6695dac91ebba4a0def9b9df328d36c2efb108533f94470e924ffe30,2014-08,Essex Police,Essex Police,0.324602,51.476614,On or near Supermarket,E01015954,Thurrock 017D,Bicycle theft,Under investigation,
a0e54831af3e81e0534d2936acbecb1b2df8338dcc13501e26011660965effc2,2014-08,Essex Police,Essex Police,0.325332,51.474261,On or near Sherfield Road,E01015954,Thurrock 017D,Burglary,Under investigation,
b07f89abcb83501f9ad61bfa5123111a772177c7d3ddeeefe9e10867fb4ec31d,2014-08,Essex Police,Essex Police,0.325332,51.474261,On or near Sherfield Road,E01015954,Thurrock 017D,Burglary,Under investigation,
c20eb8fd8ef3162c3863a16764536f09d9c855d156e12cc4c0eb74e891ca4359,2014-08,Essex Police,Essex Police,0.323432,51.476835,On or near Shopping Area,E01015954,Thurrock 017D,Burglary,Under investigation,
6d6ab271b3b0b9b81571e0ce207d4dae58007524219695cdbf9f599e2a38932e,2014-08,Essex Police,Essex Police,0.322759,51.475778,On or near High Street,E01015954,Thurrock 017D,Burglary,Under investigation,
f7eecf6900766ae89c0c1cd97a0e91cef3209fca8184351ade3f02fa4f55906d,2014-08,Essex Police,Essex Police,0.328361,51.474075,On or near Exmouth Road,E01015954,Thurrock 017D,Burglary,Investigation complete; no suspect identified,
e98ecd25ca1cd69efc4c5937c58fcf6e413257fd4cc487a8c2bb79065c600aaa,2014-08,Essex Police,Essex Police,0.324602,51.476614,On or near Supermarket,E01015954,Thurrock 017D,Criminal damage and arson,Investigation complete; no suspect identified,
c1fc1bac03467b08dc0a26d7c46673d9616a0931251f8024a38e5ea8a362a781,2014-08,Essex Police,Essex Police,0.325332,51.474261,On or near Sherfield Road,E01015954,Thurrock 017D,Criminal damage and arson,Investigation complete; no suspect identified,
ce09e8da7df2d23bd90caf990d0cf8957baa4c780250397734cce47127a80197,2014-08,Essex Police,Essex Police,0.325332,51.474261,On or near Sherfield Road,E01015954,Thurrock 017D,Criminal damage and arson,Investigation complete; no suspect identified,
b0e7dfcb8c9ae64ee47a819952ec9bf66ed7482aa67ff347cdc4294beeecb615,2014-08,Essex Police,Essex Police,0.328361,51.474075,On or near Exmouth Road,E01015954,Thurrock 017D,Criminal damage and arson,Investigation complete; no suspect identified,
d9100a4b90586d00be59e2989a1eaca4ca4b5ce39520bc5b39b6e80f14f62713,2014-08,Essex Police,Essex Police,0.322759,51.475778,On or near High Street,E01015954,Thurrock 017D,Drugs,Awaiting court outcome,
c1c2922b59be8b18c9f7544d6463069ef15189644a40bb70a370a4ae8f648214,2014-08,Essex Police,Essex Police,0.324602,51.476614,On or near Supermarket,E01015954,Thurrock 017D,Other theft,Investigation complete; no suspect identified,
d53d45cafe0290f426105e39d24419bf6b10365b36395186cfdebd853f89cffd,2014-08,Essex Police,Essex Police,0.323432,51.476835,On or near Shopping Area,E01015954,Thurrock 017D,Other theft,Under investigation,
221ff1e1fb22256a93baf07b298349b2737f17e88b1128527ca84cd793dc283e,2014-08,Essex Police,Essex Police,0.321089,51.476360,On or near Pedestrian Subway,E01015954,Thurrock 017D,Other theft,Under investigation,
a5586ad1ef5cc89b38cfd2506f248a55666fcc345b87452559e518bf29d6701b,2014-08,Essex Police,Essex Police,0.323432,51.476835,On or near Shopping Area,E01015954,Thurrock 017D,Other theft,Under investigation,
1a37c60268cd32f57b6deccf08fa2f90a871b6c6cda7f315a6699580a4fca7f8,2014-08,Essex Police,Essex Police,0.323432,51.476835,On or near Shopping Area,E01015954,Thurrock 017D,Other theft,Under investigation,
fa326aac8d84cda2b8a77dc67392257999140960c25b03874929af37aab7f041,2014-08,Essex Police,Essex Police,0.325177,51.473212,On or near Argent Street,E01015954,Thurrock 017D,Other theft,Under investigation,
20c9a052ecd97b9a9d63e38ad11b3a0f1326d83bad019a4099f67f7bbbce131a,2014-08,Essex Police,Essex Police,0.328361,51.474075,On or near Exmouth Road,E01015954,Thurrock 017D,Other theft,Under investigation,
246c732d566ac28b8fcb8015fc5357e9c3eb50da218be0d232ed86c577c0ee45,2014-08,Essex Police,Essex Police,0.324602,51.476614,On or near Supermarket,E01015954,Thurrock 017D,Other theft,Under investigation,
66c29cde2dca5bcaa2316e55eeb8cbb35a8cbd9bbf7e745e2cbc228ef1cf9ea8,2014-08,Essex Police,Essex Police,0.322759,51.475778,On or near High Street,E01015954,Thurrock 017D,Possession of weapons,Awaiting court outcome,
924cf955bb8d08937d866453eb8e43b59c326ec4e6e496856321c27ac574ea20,2014-08,Essex Police,Essex Police,0.324602,51.476614,On or near Supermarket,E01015954,Thurrock 017D,Public order,Unable to prosecute suspect,
14c712647a89d119f2c31bd84e55bf065c4ac562e58942921f6def282047cc63,2014-08,Essex Police,Essex Police,0.324602,51.476614,On or near Supermarket,E01015954,Thurrock 017D,Shoplifting,Under investigation,
7ec7e5e2ecd296615d8c9addd6382b33dce0e83613b2c02e82c2f0cec03019ee,2014-08,Essex Police,Essex Police,0.324602,51.476614,On or near Supermarket,E01015954,Thurrock 017D,Shoplifting,Awaiting court outcome,
cf8446ae98f7bf303a567acea8754c6fb5b44e987621ce516980bed23a9accd8,2014-08,Essex Police,Essex Police,0.324310,51.477114,On or near Shopping Area,E01015954,Thurrock 017D,Shoplifting,Awaiting court outcome,
30858eb355c314a9a0e0f65d23df99511fdcf5efa545cb3f889ab97503515b5b,2014-08,Essex Police,Essex Police,0.323432,51.476835,On or near Shopping Area,E01015954,Thurrock 017D,Shoplifting,Under investigation,
71b43e0f91d41625d9684b17ea67ea828c17a031f70a6423aed2d7e4d17e0409,2014-08,Essex Police,Essex Police,0.324310,51.477114,On or near Shopping Area,E01015954,Thurrock 017D,Shoplifting,Awaiting court outcome,
b3b401c8dda5733346dcabd80a6067f60ad65596ca90d3af8bdb1484b083067d,2014-08,Essex Police,Essex Police,0.321840,51.473845,On or near Parking Area,E01015954,Thurrock 017D,Vehicle crime,Under investigation,
3a0e05e8d98ec7d9e52459debabcbfb9cbb60c78495a06e6685bec8447d996bd,2014-08,Essex Police,Essex Police,0.326119,51.472186,On or near Thames Road,E01015954,Thurrock 017D,Vehicle crime,Investigation complete; no suspect identified,
eeb978e90b14f854473c7de73419747e593ac430f9911ccb1c32c5ba4ff490f2,2014-08,Essex Police,Essex Police,0.326119,51.472186,On or near Thames Road,E01015954,Thurrock 017D,Vehicle crime,Investigation complete; no suspect identified,
4aefbcefd951d14c4f174f40fc7e453f298de1804f10ced5b72686f97837424c,2014-08,Essex Police,Essex Police,0.328361,51.474075,On or near Exmouth Road,E01015954,Thurrock 017D,Vehicle crime,Investigation complete; no suspect identified,
200f40f742defca45b85544337d374aa89cba15c667d193ddbfee24e07f91175,2014-08,Essex Police,Essex Police,0.322153,51.476033,On or near Station Approach,E01015954,Thurrock 017D,Vehicle crime,Under investigation,
621265f23a80eaa93800f62375a522be1778c3b5b6d01a93b474e7c1631ab6b3,2014-08,Essex Police,Essex Police,0.328361,51.474075,On or near Exmouth Road,E01015954,Thurrock 017D,Vehicle crime,Investigation complete; no suspect identified,
6d59cf00b2c472fdb535abc50e5044a29eb690ad95944af0cc82991dcce33d73,2014-08,Essex Police,Essex Police,0.321840,51.473845,On or near Parking Area,E01015954,Thurrock 017D,Vehicle crime,Under investigation,
0d560b9b16f8372bade247bea2d112a6ccd471b3be9df4199d0704d659dea7b4,2014-08,Essex Police,Essex Police,0.328361,51.474075,On or near Exmouth Road,E01015954,Thurrock 017D,Violence and sexual offences,Under investigation,
8223798cca874af27888ae882fbe4601131cce663c9beff12f6921c8eba21196,2014-08,Essex Police,Essex Police,0.328361,51.474075,On or near Exmouth Road,E01015954,Thurrock 017D,Violence and sexual offences,Under investigation,
,2014-08,Essex Police,Essex Police,0.354700,51.462622,On or near Broadway,E01016003,Thurrock 018A,Anti-social behaviour,,
,2014-08,Essex Police,Essex Police,0.343942,51.474925,On or near Comfrey Court,E01016003,Thurrock 018A,Anti-social behaviour,,
,2014-08,Essex Police,Essex Police,0.357310,51.461302,On or near Dock Road,E01016003,Thurrock 018A,Anti-social behaviour,,
,2014-08,Essex Police,Essex Police,0.343942,51.474925,On or near Comfrey Court,E01016003,Thurrock 018A,Anti-social behaviour,,
,2014-08,Essex Police,Essex Police,0.356034,51.462802,On or near Parking Area,E01016003,Thurrock 018A,Anti-social behaviour,,
,2014-08,Essex Police,Essex Police,0.354029,51.463292,On or near Parking Area,E01016003,Thurrock 018A,Anti-social behaviour,,
,2014-08,Essex Police,Essex Police,0.357310,51.461302,On or near Dock Road,E01016003,Thurrock 018A,Anti-social behaviour,,
,2014-08,Essex Police,Essex Police,0.343882,51.469539,On or near Thurrock Park Way,E01016003,Thurrock 018A,Anti-social behaviour,,
,2014-08,Essex Police,Essex Police,0.357310,51.461302,On or near Dock Road,E01016003,Thurrock 018A,Anti-social behaviour,,
,2014-08,Essex Police,Essex Police,0.355524,51.462417,On or near Selwyn Road,E01016003,Thurrock 018A,Anti-social behaviour,,
,2014-08,Essex Police,Essex Police,0.353993,51.462025,On or near St Andrew'S Road,E01016003,Thurrock 018A,Anti-social behaviour,,
,2014-08,Essex Police,Essex Police,0.355297,51.463878,On or near Dunlop Road,E01016003,Thurrock 018A,Anti-social behaviour,,
,2014-08,Essex Police,Essex Police,0.357310,51.461302,On or near Dock Road,E01016003,Thurrock 018A,Anti-social behaviour,,
,2014-08,Essex Police,Essex Police,0.355524,51.462417,On or near Selwyn Road,E01016003,Thurrock 018A,Anti-social behaviour,,
,2014-08,Essex Police,Essex Police,0.355297,51.463878,On or near Dunlop Road,E01016003,Thurrock 018A,Anti-social behaviour,,
,2014-08,Essex Police,Essex Police,0.357310,51.461302,On or near Dock Road,E01016003,Thurrock 018A,Anti-social behaviour,,
,2014-08,Essex Police,Essex Police,0.353993,51.462025,On or near St Andrew'S Road,E01016003,Thurrock 018A,Anti-social behaviour,,
,2014-08,Essex Police,Essex Police,0.355297,51.463878,On or near Dunlop Road,E01016003,Thurrock 018A,Anti-social behaviour,,
,2014-08,Essex Police,Essex Police,0.359888,51.461043,On or near Bermuda Road,E01016003,Thurrock 018A,Anti-social behaviour,,
,2014-08,Essex Police,Essex Police,0.359888,51.461043,On or near Bermuda Road,E01016003,Thurrock 018A,Anti-social behaviour,,
,2014-08,Essex Police,Essex Police,0.359888,51.461043,On or near Bermuda Road,E01016003,Thurrock 018A,Anti-social behaviour,,
b6f4387cc242ebf706c76423cadb14ef7350696ac1018ce774613327de7664b6,2014-08,Essex Police,Essex Police,0.346788,51.473123,On or near Samphire Court,E01016003,Thurrock 018A,Bicycle theft,Investigation complete; no suspect identified,
9bac0cd91441ff1b5bc9370f229b5bbe7a2f2402201d29a8c53479229a25eeb9,2014-08,Essex Police,Essex Police,0.360127,51.461767,On or near Calcutta Road,E01016003,Thurrock 018A,Bicycle theft,Under investigation,
f5e2080416b20ce2a3e9dc8ba86a4bbeda403f1bdd4c65a1722956bf4d5251d9,2014-08,Essex Police,Essex Police,0.353282,51.464440,On or near Church Road,E01016003,Thurrock 018A,Burglary,Investigation complete; no suspect identified,
df9d5d91e31c52e02c10796bcac1e976583f0ddea2c0b59379f6f456b0c806fe,2014-08,Essex Police,Essex Police,0.359888,51.461043,On or near Bermuda Road,E01016003,Thurrock 018A,Burglary,Investigation complete; no suspect identified,
3e6d801cda8693b2cf446408661709f2419ef316b8558600b3e37ba805af900b,2014-08,Essex Police,Essex Police,0.343882,51.469539,On or near Thurrock Park Way,E01016003,Thurrock 018A,Burglary,Investigation complete; no suspect identified,
b87b63575721d19bf6ab92c4eeaba1c2e07f72ded64aedc30b50b0820735ab5b,2014-08,Essex Police,Essex Police,0.356034,51.462802,On or near Parking Area,E01016003,Thurrock 018A,Criminal damage and arson,Under investigation,
724f4580d7206d2a83e4c1ce66511768e114485aea662f9f3847c3121d8edd77,2014-08,Essex Police,Essex Police,0.359888,51.461043,On or near Bermuda Road,E01016003,Thurrock 018A,Criminal damage and arson,Investigation complete; no suspect identified,
cb7084be79bfb5ef2ee1b41528ef882e463cbb5825bf048c55c04a0d6c01bb4c,2014-08,Essex Police,Essex Police,0.359888,51.461043,On or near Bermuda Road,E01016003,Thurrock 018A,Criminal damage and arson,Investigation complete; no suspect identified,
0aabf0d4a0f840125c5e2f3e27bfbc2503d252cce6a840ee07efeabb4ea2a9d1,2014-08,Essex Police,Essex Police,0.359888,51.461043,On or near Bermuda Road,E01016003,Thurrock 018A,Criminal damage and arson,Investigation complete; no suspect identified,
ec6ad1563e2cd747b02515ccc84fee9b44f68661464e309ffb2b11fe7a1a1626,2014-08,Essex Police,Essex Police,0.359888,51.461043,On or near Bermuda Road,E01016003,Thurrock 018A,Criminal damage and arson,Investigation complete; no suspect identified,
25e14633ffe39e66d40f16f2507e001906b3ee5ca121114bdb3de3f94fe9ed2f,2014-08,Essex Police,Essex Police,0.347470,51.469027,On or near Petrol Station,E01016003,Thurrock 018A,Criminal damage and arson,Under investigation,
16d08167cbb85419fb19c12127acd48358bfc932918e93f8caff29d7caf3630b,2014-08,Essex Police,Essex Police,0.354029,51.463292,On or near Parking Area,E01016003,Thurrock 018A,Other theft,Investigation complete; no suspect identified,
839b50e331aa15d39de4c06945a1b68cfb43db64c77fc18d2f0ec91ebcaa2d0f,2014-08,Essex Police,Essex Police,0.343882,51.469539,On or near Thurrock Park Way,E01016003,Thurrock 018A,Public order,Under investigation,
1cd219b2ef7ed7bf7cf1b1a795fc5db9fe4a2306d31a7c92d08f1a5032a8ba0b,2014-08,Essex Police,Essex Police,0.343882,51.469539,On or near Thurrock Park Way,E01016003,Thurrock 018A,Shoplifting,Under investigation,
fcfadb0cc7033465f3adeaec888ef61083e833e28ab305f954f6e4a8790f2efe,2014-08,Essex Police,Essex Police,0.343882,51.469539,On or near Thurrock Park Way,E01016003,Thurrock 018A,Shoplifting,Under investigation,
03d5109ba165036a5b04987a69301f9e896805c812e785b891666c72dbe564e3,2014-08,Essex Police,Essex Police,0.357310,51.461302,On or near Dock Road,E01016003,Thurrock 018A,Vehicle crime,Investigation complete; no suspect identified,
5cb1869cb1535b7b895adc5f04c4fd20f09ade56df70bbd4929753bda825ad04,2014-08,Essex Police,Essex Police,0.357310,51.461302,On or near Dock Road,E01016003,Thurrock 018A,Vehicle crime,Investigation complete; no suspect identified,
f97571ee6eae31700bd64a6e37292382c792238b0d47a7ffe8aaf77e8f4b746d,2014-08,Essex Police,Essex Police,0.346788,51.473123,On or near Samphire Court,E01016003,Thurrock 018A,Vehicle crime,Investigation complete; no suspect identified,
4c171a1d83dd96d893c6fa5143b8a5adec22d31b07271188b55ed816bb1d7f8c,2014-08,Essex Police,Essex Police,0.351940,51.464935,On or near Russell Road,E01016003,Thurrock 018A,Vehicle crime,Investigation complete; no suspect identified,
bcf0365ed75987cdc371e0ed14e22f89f888d2cd912e81ef0866ccf38b9f0ef3,2014-08,Essex Police,Essex Police,0.357310,51.461302,On or near Dock Road,E01016003,Thurrock 018A,Vehicle crime,Investigation complete; no suspect identified,
d71a8fbf1f5fb41b2dbdb2ccbf7f4dac78803234ed643d4931fae0fdc782db6e,2014-08,Essex Police,Essex Police,0.355524,51.462417,On or near Selwyn Road,E01016003,Thurrock 018A,Vehicle crime,Investigation complete; no suspect identified,
364855051e1395befff9b1891f468c0a0ab279a86741eb810f66302b2337bee0,2014-08,Essex Police,Essex Police,0.357310,51.461302,On or near Dock Road,E01016003,Thurrock 018A,Vehicle crime,Investigation complete; no suspect identified,
177ff8e78610c72f927c20bc80e6603456e63355075143cc5ecd34f3afe695f4,2014-08,Essex Police,Essex Police,0.359888,51.461043,On or near Bermuda Road,E01016003,Thurrock 018A,Vehicle crime,Investigation complete; no suspect identified,
18aaab3887f8e5cc5b817c6aff2d58315a6ddca63d9eed0a9d6cbbb9301a42e9,2014-08,Essex Police,Essex Police,0.351940,51.464935,On or near Russell Road,E01016003,Thurrock 018A,Violence and sexual offences,Under investigation,
b1351143bcf6fdb2cd103b55c8cd94cc3c16c04f2f00dabac23b7dfadac440e3,2014-08,Essex Police,Essex Police,0.353833,51.464519,On or near Seymour Road,E01016003,Thurrock 018A,Violence and sexual offences,Awaiting court outcome,
ea7e3581d5219c92b09fc49eb3c5e1b3ddc2064a694905bdf9465a6509306d67,2014-08,Essex Police,Essex Police,0.355297,51.463878,On or near Dunlop Road,E01016003,Thurrock 018A,Violence and sexual offences,Investigation complete; no suspect identified,
,2014-08,Essex Police,Essex Police,0.368501,51.458900,On or near Brunel Close,E01016004,Thurrock 018B,Anti-social behaviour,,
,2014-08,Essex Police,Essex Police,0.362496,51.459417,On or near Wellington Road,E01016004,Thurrock 018B,Anti-social behaviour,,
,2014-08,Essex Police,Essex Police,0.372815,51.453255,On or near Park/Open Space,E01016004,Thurrock 018B,Anti-social behaviour,,
,2014-08,Essex Police,Essex Police,0.363477,51.460018,On or near Montreal Road,E01016004,Thurrock 018B,Anti-social behaviour,,
,2014-08,Essex Police,Essex Police,0.362496,51.459417,On or near Wellington Road,E01016004,Thurrock 018B,Anti-social behaviour,,
,2014-08,Essex Police,Essex Police,0.367177,51.459745,On or near Monarch Close,E01016004,Thurrock 018B,Anti-social behaviour,,
,2014-08,Essex Police,Essex Police,0.367177,51.459745,On or near Monarch Close,E01016004,Thurrock 018B,Anti-social behaviour,,
,2014-08,Essex Police,Essex Police,0.362233,51.460456,On or near Sydney Road,E01016004,Thurrock 018B,Anti-social behaviour,,
,2014-08,Essex Police,Essex Police,0.371719,51.453493,On or near Park/Open Space,E01016004,Thurrock 018B,Anti-social behaviour,,
,2014-08,Essex Police,Essex Police,0.367177,51.459745,On or near Monarch Close,E01016004,Thurrock 018B,Anti-social behaviour,,
,2014-08,Essex Police,Essex Police,0.362496,51.459417,On or near Wellington Road,E01016004,Thurrock 018B,Anti-social behaviour,,
a06f0188f6117b464cc03a2e522cf7c98055ac89736de14b26bc9d2db5c9d12f,2014-08,Essex Police,Essex Police,0.362496,51.459417,On or near Wellington Road,E01016004,Thurrock 018B,Bicycle theft,Investigation complete; no suspect identified,
6ce0a85746bbf21d5e0de47f08d63ce5417e88ea66fa580800f76dbf69f22262,2014-08,Essex Police,Essex Police,0.361654,51.459829,On or near Auckland Close,E01016004,Thurrock 018B,Burglary,Under investigation,
49dd0b5062db2d59399f294e2d435636e73030c460a41a1af9afff5e5a57fc41,2014-08,Essex Police,Essex Police,0.367676,51.459366,On or near Hume Avenue,E01016004,Thurrock 018B,Burglary,Investigation complete; no suspect identified,
60e206224fdcfe85d10f109083a1510b49243654df8ba883d6417d166a650ce8,2014-08,Essex Police,Essex Police,0.362233,51.460456,On or near Sydney Road,E01016004,Thurrock 018B,Other theft,Under investigation,
cebbf32075bd69409778d979e63d1af13658dbe10349af5dd1b5b66dadd03f4d,2014-08,Essex Police,Essex Police,0.365288,51.461915,On or near Civic Square,E01016004,Thurrock 018B,Other theft,Under investigation,
e14347ba33b72ba18e7e38cd5fda368870e6f5ea4b7199589f8db8de123e9dee,2014-08,Essex Police,Essex Police,0.365792,51.460241,On or near Kelvin Road,E01016004,Thurrock 018B,Other theft,Awaiting court outcome,
ddd0d70a48d145e375d6e59acb7c81fbe0b32f5b1b30985ebd01743d44bc2b15,2014-08,Essex Police,Essex Police,0.362496,51.459417,On or near Wellington Road,E01016004,Thurrock 018B,Other theft,Investigation complete; no suspect identified,
3dd26151f00e0e39359b3b7103bf4f3021d6c8b9c8152e18d4faae298a7a9390,2014-08,Essex Police,Essex Police,0.367676,51.459366,On or near Hume Avenue,E01016004,Thurrock 018B,Other theft,Investigation complete; no suspect identified,
9a70bbbc7654ced1d6ff51a49663f3890503a91feacef91c6f5ca3c7a07f654b,2014-08,Essex Police,Essex Police,0.361654,51.459829,On or near Auckland Close,E01016004,Thurrock 018B,Other theft,Under investigation,
41518c2a8945cb3c07c5b96154045ce1ac2b661a4ccdaa1b679bfbfb1600d3f3,2014-08,Essex Police,Essex Police,0.366115,51.458408,On or near Hume Close,E01016004,Thurrock 018B,Other theft,Under investigation,
1dfe31e4b8966b21d4e962247680b96ec34c6782ad4f2cf9753e68e64e9a4593,2014-08,Essex Police,Essex Police,0.366115,51.458408,On or near Hume Close,E01016004,Thurrock 018B,Vehicle crime,Unable to prosecute suspect,
d76476f1c154dfd022fdeb6e282e1bee46506ef0d8bfa74da44285b887df44af,2014-08,Essex Police,Essex Police,0.363477,51.460018,On or near Montreal Road,E01016004,Thurrock 018B,Violence and sexual offences,Awaiting court outcome,
455da5065f611a3045cec8da146ef4b9b3d2469db9838b78a40ddbf875115377,2014-08,Essex Police,Essex Police,0.362496,51.459417,On or near Wellington Road,E01016004,Thurrock 018B,Violence and sexual offences,Investigation complete; no suspect identified,
e33f3263b43ef6854cac2fb4623a52882f3f847c83433cbf9dde9f457f27f1cd,2014-08,Essex Police,Essex Police,0.367177,51.459745,On or near Monarch Close,E01016004,Thurrock 018B,Violence and sexual offences,Unable to prosecute suspect,
42172078f0df8786738b8e94e6778862d28dbcc242bed93c6c959dc0c3237341,2014-08,Essex Police,Essex Police,0.365241,51.461268,On or near Civic Square,E01016004,Thurrock 018B,Violence and sexual offences,Investigation complete; no suspect identified,
2c962c4ad65978c508724f36ab4f666af01a64f557327d6f65228774b956c660,2014-08,Essex Police,Essex Police,0.362233,51.460456,On or near Sydney Road,E01016004,Thurrock 018B,Violence and sexual offences,Offender given a caution,
6ac71681f84267d8908e056191c626b20251b2b49909994917865d57a1d8546e,2014-08,Essex Police,Essex Police,0.367177,51.459745,On or near Monarch Close,E01016004,Thurrock 018B,Violence and sexual offences,Unable to prosecute suspect,
ade7876a48137b51ffbc4d134cdd1a96bf48f02b226d299f25bedb5f76bc1239,2014-08,Essex Police,Essex Police,0.364345,51.459532,On or near Newton Road,E01016004,Thurrock 018B,Violence and sexual offences,Under investigation,
5a49b71a4c546d8d1fb9b57e7206ec5bfb90027cd0777fca9316cda2d9d95ab4,2014-08,Essex Police,Essex Police,0.366115,51.458408,On or near Hume Close,E01016004,Thurrock 018B,Violence and sexual offences,Under investigation,
e58a751185735fa97c7633982980feb420af09f09efe8f47b9d9bc5b2972dbd5,2014-08,Essex Police,Essex Police,0.367177,51.459745,On or near Monarch Close,E01016004,Thurrock 018B,Violence and sexual offences,Under investigation,
1e206d3db237e73add23a4417885d9d5328900ffa2e392316d2764873a48fe84,2014-08,Essex Police,Essex Police,0.363477,51.460018,On or near Montreal Road,E01016004,Thurrock 018B,Violence and sexual offences,Awaiting court outcome,
,2014-08,Essex Police,Essex Police,0.369944,51.460346,On or near London Road,E01016005,Thurrock 018C,Anti-social behaviour,,
,2014-08,Essex Police,Essex Police,0.375750,51.462090,On or near Chaucer Close,E01016005,Thurrock 018C,Anti-social behaviour,,
,2014-08,Essex Police,Essex Police,0.371733,51.460139,On or near Elizabeth Close,E01016005,Thurrock 018C,Anti-social behaviour,,
,2014-08,Essex Police,Essex Police,0.374757,51.461831,On or near Wilde Close,E01016005,Thurrock 018C,Anti-social behaviour,,
,2014-08,Essex Police,Essex Police,0.371733,51.460139,On or near Elizabeth Close,E01016005,Thurrock 018C,Anti-social behaviour,,
,2014-08,Essex Police,Essex Police,0.377147,51.463203,On or near Bryanston Road,E01016005,Thurrock 018C,Anti-social behaviour,,
4d792aa8afab75b2a17762bc41721c1b50c3db2d3c701e23334488fa895f9775,2014-08,Essex Police,Essex Police,0.371733,51.460139,On or near Elizabeth Close,E01016005,Thurrock 018C,Bicycle theft,Investigation complete; no suspect identified,
dab6323b857423ae3932007812906d48c7b8b6af41da603a0af696d2f0de172f,2014-08,Essex Police,Essex Police,0.377147,51.463203,On or near Bryanston Road,E01016005,Thurrock 018C,Burglary,Under investigation,
de6a2aa95987a741643a86a73717c974f427104968acc728f407663849f8da10,2014-08,Essex Police,Essex Police,0.372335,51.462878,On or near Brennan Road,E01016005,Thurrock 018C,Burglary,Under investigation,
37d7f5d7d230871bde4c735a43f2dada4b36043a307a5a4efde98032b8ccab41,2014-08,Essex Police,Essex Police,0.372573,51.461345,On or near Moore Avenue,E01016005,Thurrock 018C,Burglary,Under investigation,
e62bcca12b8637f55e4794a30097b8f3162b27f40e3ef045a2277137be1c0a1e,2014-08,Essex Police,Essex Police,0.377147,51.463203,On or near Bryanston Road,E01016005,Thurrock 018C,Burglary,Under investigation,
386ea1dd68d141fe828d2a795c39d170463b832edfc804580a935e3dd4db4afa,2014-08,Essex Police,Essex Police,0.371733,51.460139,On or near Elizabeth Close,E01016005,Thurrock 018C,Criminal damage and arson,Investigation complete; no suspect identified,
50711adb21698598a618c3927d1f1b53c953abb0d6ba69b12d8018298ac3a748,2014-08,Essex Police,Essex Police,0.375221,51.462163,On or near Coleridge Road,E01016005,Thurrock 018C,Vehicle crime,Under investigation,
9f32ebc520738bb01436fa7a77aa236d2f8f510e2be38e8e4768de6a881253c3,2014-08,Essex Police,Essex Police,0.371733,51.460139,On or near Elizabeth Close,E01016005,Thurrock 018C,Violence and sexual offences,Investigation complete; no suspect identified,
bef69c1277aed7f91d8461e34defa92655b688f92f384a05e0bfa36b6518b8eb,2014-08,Essex Police,Essex Police,0.371733,51.460139,On or near Elizabeth Close,E01016005,Thurrock 018C,Violence and sexual offences,Unable to prosecute suspect,
ea6ffe2937f7cba9687dcd21d49dd395ec2d4116488ff459ff98200f06bb08e5,2014-08,Essex Police,Essex Police,0.371733,51.460139,On or near Elizabeth Close,E01016005,Thurrock 018C,Violence and sexual offences,Unable to prosecute suspect,
d93a11a9b49a9ed66d58b7ff2514b3bbc69f79d36f2a2446b62aaf307da5a605,2014-08,Essex Police,Essex Police,0.372335,51.462878,On or near Brennan Road,E01016005,Thurrock 018C,Other crime,Investigation complete; no suspect identified,
,2014-08,Essex Police,Essex Police,0.357327,51.465546,On or near Darwin Road,E01016006,Thurrock 018D,Anti-social behaviour,,
,2014-08,Essex Police,Essex Police,0.352927,51.466210,On or near Gaylor Road,E01016006,Thurrock 018D,Anti-social behaviour,,
,2014-08,Essex Police,Essex Police,0.359937,51.465350,On or near Hobart Road,E01016006,Thurrock 018D,Anti-social behaviour,,
,2014-08,Essex Police,Essex Police,0.353836,51.466255,On or near Gaylor Road,E01016006,Thurrock 018D,Anti-social behaviour,,
,2014-08,Essex Police,Essex Police,0.352927,51.466210,On or near Gaylor Road,E01016006,Thurrock 018D,Anti-social behaviour,,
,2014-08,Essex Police,Essex Police,0.357737,51.464000,On or near Adelaide Road,E01016006,Thurrock 018D,Anti-social behaviour,,
,2014-08,Essex Police,Essex Police,0.359937,51.465350,On or near Hobart Road,E01016006,Thurrock 018D,Anti-social behaviour,,
,2014-08,Essex Police,Essex Police,0.357327,51.465546,On or near Darwin Road,E01016006,Thurrock 018D,Anti-social behaviour,,
,2014-08,Essex Police,Essex Police,0.353836,51.466255,On or near Gaylor Road,E01016006,Thurrock 018D,Anti-social behaviour,,
,2014-08,Essex Police,Essex Police,0.357327,51.465546,On or near Darwin Road,E01016006,Thurrock 018D,Anti-social behaviour,,
,2014-08,Essex Police,Essex Police,0.352927,51.466210,On or near Gaylor Road,E01016006,Thurrock 018D,Anti-social behaviour,,
,2014-08,Essex Police,Essex Police,0.360627,51.466163,On or near Parking Area,E01016006,Thurrock 018D,Anti-social behaviour,,
7cc257dd02af5a7b9adc8b8957702c9fdcbf64fac016beb9389e6431bcd7e263,2014-08,Essex Police,Essex Police,0.359937,51.465350,On or near Hobart Road,E01016006,Thurrock 018D,Burglary,Under investigation,
e227f6ed52b45833c657834664aee03741654002d212681bb36e4e928d94fbac,2014-08,Essex Police,Essex Police,0.357327,51.465546,On or near Darwin Road,E01016006,Thurrock 018D,Criminal damage and arson,Under investigation,
ebd79cd7dea4c6b636c02f47e5ac65c6206347c2a010045144efa9c83013789a,2014-08,Essex Police,Essex Police,0.359937,51.465350,On or near Hobart Road,E01016006,Thurrock 018D,Criminal damage and arson,Under investigation,
88df3819274fbf9efcd8eaa2559f15309741f57039a310d67c7e62e12efdc3f7,2014-08,Essex Police,Essex Police,0.359937,51.465350,On or near Hobart Road,E01016006,Thurrock 018D,Criminal damage and arson,Local resolution,
7418d0eec35b8d0741387260b09336a3d2ba4f2c19c51158ceb59e2f3f451933,2014-08,Essex Police,Essex Police,0.352927,51.466210,On or near Gaylor Road,E01016006,Thurrock 018D,Criminal damage and arson,Investigation complete; no suspect identified,
9d02d87589001600b0aa6a00f72ca8c6fc040789e7ddb61fa36d867795db7847,2014-08,Essex Police,Essex Police,0.360627,51.466163,On or near Parking Area,E01016006,Thurrock 018D,Public order,Unable to prosecute suspect,
2b92f2aa58d0abf375e821a2379424765cf515a583cafafb0e5a038e78f4247d,2014-08,Essex Police,Essex Police,0.359937,51.465350,On or near Hobart Road,E01016006,Thurrock 018D,Public order,Awaiting court outcome,
3594380b352380e5ce3f4c00b7658aaa88823e36a73d51f195639c820a4a1e1b,2014-08,Essex Police,Essex Police,0.356004,51.465303,On or near Fairfax Road,E01016006,Thurrock 018D,Vehicle crime,Investigation complete; no suspect identified,
939d226aa4388dd51c7e5f1c4270a151de80ab47dec203fa2f41d27db85da29f,2014-08,Essex Police,Essex Police,0.357737,51.464000,On or near Adelaide Road,E01016006,Thurrock 018D,Violence and sexual offences,Unable to prosecute suspect,
bebab42112b23d13b62b09e5c45357ad68846bf0a24dee0b6bec130a814c48a3,2014-08,Essex Police,Essex Police,0.357327,51.465546,On or near Darwin Road,E01016006,Thurrock 018D,Violence and sexual offences,Under investigation,
4126b8120cef3862ca40432b088d05b4eed0acb0ad73ed1a5cdbca4af913cb9c,2014-08,Essex Police,Essex Police,0.360627,51.466163,On or near Parking Area,E01016006,Thurrock 018D,Violence and sexual offences,Under investigation,
eec4d537310d9be1ca8339be212c0481c03d67abd477af69cfc7cb368e3af8c6,2014-08,Essex Police,Essex Police,0.356004,51.465303,On or near Fairfax Road,E01016006,Thurrock 018D,Violence and sexual offences,Unable to prosecute suspect,
,2014-08,Essex Police,Essex Police,0.366966,51.469012,On or near Melba Gardens,E01016007,Thurrock 018E,Anti-social behaviour,,
,2014-08,Essex Police,Essex Police,0.366966,51.469012,On or near Melba Gardens,E01016007,Thurrock 018E,Anti-social behaviour,,
,2014-08,Essex Police,Essex Police,0.362673,51.466194,On or near Central Avenue,E01016007,Thurrock 018E,Anti-social behaviour,,
,2014-08,Essex Police,Essex Police,0.362673,51.466194,On or near Central Avenue,E01016007,Thurrock 018E,Anti-social behaviour,,
,2014-08,Essex Police,Essex Police,0.365425,51.467613,On or near Sullivan Road,E01016007,Thurrock 018E,Anti-social behaviour,,
639aef7db48b44035a006817d718d172baddcef6178bb5647df31df723c54b9e,2014-08,Essex Police,Essex Police,0.366966,51.469012,On or near Melba Gardens,E01016007,Thurrock 018E,Burglary,Investigation complete; no suspect identified,
836d9d8beca00a79b5c0cec540181ef9bcfc673e5889d3bc06d5465596159dc6,2014-08,Essex Police,Essex Police,0.365425,51.467613,On or near Sullivan Road,E01016007,Thurrock 018E,Burglary,Under investigation,
59acc4eff763f60e83f8d3e73d1e1896e35715adde8b0cad4579cf1a16535357,2014-08,Essex Police,Essex Police,0.372042,51.467219,On or near Dickens Avenue,E01016007,Thurrock 018E,Burglary,Investigation complete; no suspect identified,
7a21adb7f546ded5e9e1a2449c093220258dacca95d82cf57981cc5636b0fb7e,2014-08,Essex Police,Essex Police,0.366966,51.469012,On or near Melba Gardens,E01016007,Thurrock 018E,Criminal damage and arson,Under investigation,
8fe25820595149865a6ca1711eb1e2b27acfaef673f754fe8cd21fb93d98a1ba,2014-08,Essex Police,Essex Police,0.362673,51.466194,On or near Central Avenue,E01016007,Thurrock 018E,Criminal damage and arson,Investigation complete; no suspect identified,
3a6104bcec56da26d0a7b2d38078a6a4709e3a0b92ab437267af44d9426fe6a0,2014-08,Essex Police,Essex Police,0.365425,51.467613,On or near Sullivan Road,E01016007,Thurrock 018E,Other theft,Under investigation,
17774369e0995ed30a6b959bcb6dacb91171d4c9901846af3cf4f13a22a6e5f1,2014-08,Essex Police,Essex Police,0.369722,51.466897,On or near Feenan Highway,E01016007,Thurrock 018E,Other theft,Investigation complete; no suspect identified,
09bbdb4a00d77c3e206653529b21033c8526945dedc97e065fcfe68c622cdf4b,2014-08,Essex Police,Essex Police,0.366966,51.469012,On or near Melba Gardens,E01016007,Thurrock 018E,Other theft,Under investigation,
54b6da56246ba281c1808e23cd3b21dcdade0524a0f80ffe99a7d226385a2982,2014-08,Essex Police,Essex Police,0.361622,51.465910,On or near North View Avenue,E01016007,Thurrock 018E,Public order,Under investigation,
da2496383212434df6292aa52b159971c08f910547c8a3025344f2e0ebea08bd,2014-08,Essex Police,Essex Police,0.366654,51.469666,On or near Leighton Gardens,E01016007,Thurrock 018E,Public order,Under investigation,
48e73d2dec2494ed9c87cb830d32a63c1d140df8572e906916637abf35345561,2014-08,Essex Police,Essex Police,0.361622,51.465910,On or near North View Avenue,E01016007,Thurrock 018E,Robbery,Unable to prosecute suspect,
34c0fa4c85a9fa6ea2fe81d6f0b8009052f5196639570c84a06855f10a688ae3,2014-08,Essex Police,Essex Police,0.372042,51.467219,On or near Dickens Avenue,E01016007,Thurrock 018E,Vehicle crime,Investigation complete; no suspect identified,
079c1fbbde24806a775b5e4dae9faacc5cad741bd9bb1227425bb54372a6820d,2014-08,Essex Police,Essex Police,0.369722,51.466897,On or near Feenan Highway,E01016007,Thurrock 018E,Vehicle crime,Under investigation,
41cf08d62c847e1662e57b929a2c0ebbb8b2e50746775121eef1c8c3465800dc,2014-08,Essex Police,Essex Police,0.365425,51.467613,On or near Sullivan Road,E01016007,Thurrock 018E,Violence and sexual offences,Unable to prosecute suspect,
e5ab2cf09ec7fd8d6da1f850f1c59eca61859fcea007ba36150e204b3a38b5d9,2014-08,Essex Police,Essex Police,0.369426,51.468414,On or near Wren Walk,E01016007,Thurrock 018E,Violence and sexual offences,Unable to prosecute suspect,
f7208b20786ef6180872824a20679ea7a8dd2f953b2136fd056396bbbd4df143,2014-08,Essex Police,Essex Police,0.366654,51.469666,On or near Leighton Gardens,E01016007,Thurrock 018E,Violence and sexual offences,Under investigation,
,2014-08,Essex Police,Essex Police,0.372951,51.466688,On or near Shelley Place,E01016008,Thurrock 018F,Anti-social behaviour,,
,2014-08,Essex Police,Essex Police,0.373859,51.465887,On or near Shaw Crescent,E01016008,Thurrock 018F,Anti-social behaviour,,
81d203597a405b6e042d30dce3c8a93f17db3f5e17f0987fb805735866d43aa8,2014-08,Essex Police,Essex Police,0.376128,51.464384,On or near Portsea Road,E01016008,Thurrock 018F,Burglary,Under investigation,
fcabaeb99d7e1be1ad812aadf4a29ad3a568ba4d793aa4a6b3100bc89a366f19,2014-08,Essex Police,Essex Police,0.375239,51.467226,On or near Pageant Close,E01016008,Thurrock 018F,Burglary,Under investigation,
d1fad64bb63112dcd4151e7d06797fe134481441300c7498c7e893dd09df8788,2014-08,Essex Police,Essex Police,0.376128,51.464384,On or near Portsea Road,E01016008,Thurrock 018F,Burglary,Under investigation,
ec93200b4cb12bcab2bdc91b53ba782ef09916a088bbdacf0c398b5819d66911,2014-08,Essex Police,Essex Police,0.375239,51.467226,On or near Pageant Close,E01016008,Thurrock 018F,Burglary,Under investigation,
8a731654b9380a5abb8f6a80e137ba1fd79ca66262b8c870c7ea2298af97195b,2014-08,Essex Police,Essex Police,0.372951,51.466688,On or near Shelley Place,E01016008,Thurrock 018F,Burglary,Under investigation,
30bcb9600ccc0aa9268b9d7e5422cf6b55f25ff0595c57698236274c17f34713,2014-08,Essex Police,Essex Police,0.377911,51.463791,On or near Byron Gardens,E01016008,Thurrock 018F,Burglary,Under investigation,
3c83ad9e3881db6cb5ee6820635c6a948b90b94b58b364bbd34be629bff86eb3,2014-08,Essex Police,Essex Police,0.372951,51.466688,On or near Shelley Place,E01016008,Thurrock 018F,Other theft,Investigation complete; no suspect identified,
e4e3dae1ded73f0671a1c1a7043409e6a84a9ae6673e18deb3ee1b7fcc93634c,2014-08,Essex Police,Essex Police,0.375745,51.466425,On or near Parker Avenue,E01016008,Thurrock 018F,Public order,Under investigation,
8529e46b757f3c2456c5ce07b67dd70effc08162197f381af2d28206fbe70fed,2014-08,Essex Police,Essex Police,0.374912,51.466190,On or near Arnold Place,E01016008,Thurrock 018F,Vehicle crime,Under investigation,
,2014-08,Essex Police,Essex Police,0.361679,51.461709,On or near Calcutta Road,E01016009,Thurrock 018G,Anti-social behaviour,,
,2014-08,Essex Police,Essex Police,0.362790,51.462873,On or near Quebec Road,E01016009,Thurrock 018G,Anti-social behaviour,,
,2014-08,Essex Police,Essex Police,0.361679,51.461709,On or near Calcutta Road,E01016009,Thurrock 018G,Anti-social behaviour,,
,2014-08,Essex Police,Essex Police,0.361679,51.461709,On or near Calcutta Road,E01016009,Thurrock 018G,Anti-social behaviour,,
,2014-08,Essex Police,Essex Police,0.361679,51.461709,On or near Calcutta Road,E01016009,Thurrock 018G,Anti-social behaviour,,
,2014-08,Essex Police,Essex Police,0.366046,51.462915,On or near Arkwright Road,E01016009,Thurrock 018G,Anti-social behaviour,,
,2014-08,Essex Police,Essex Police,0.361679,51.461709,On or near Calcutta Road,E01016009,Thurrock 018G,Anti-social behaviour,,
,2014-08,Essex Police,Essex Police,0.361899,51.462900,On or near Ottawa Road,E01016009,Thurrock 018G,Anti-social behaviour,,
0d17658a80ba2a9882ee7752174ee2ff9aa716cb4a7356ffda148d06c34d72f7,2014-08,Essex Police,Essex Police,0.369066,51.462306,On or near Brennan Road,E01016009,Thurrock 018G,Burglary,Investigation complete; no suspect identified,
20a56f74bb666c94105c3e8ad77d15026da9b876baf3155bddc9f081e9b79bc0,2014-08,Essex Police,Essex Police,0.369832,51.464017,On or near Milton Gardens,E01016009,Thurrock 018G,Burglary,Under investigation,
c94bd32ef17a487f87058cad2c4c8c8033659b75fd4603e1286c7a1a3448fbf1,2014-08,Essex Police,Essex Police,0.366046,51.462915,On or near Arkwright Road,E01016009,Thurrock 018G,Burglary,Investigation complete; no suspect identified,
c0d49c37c77c9e3558524967ba2b4e0709a762f3ea539af6f4ccbbb527ad24a1,2014-08,Essex Police,Essex Police,0.361679,51.461709,On or near Calcutta Road,E01016009,Thurrock 018G,Criminal damage and arson,Under investigation,
4f0420986d6e2647f23293dec3ee1952340a8553901dd239a9c0903c6df16706,2014-08,Essex Police,Essex Police,0.371713,51.464752,On or near Cowper Avenue,E01016009,Thurrock 018G,Criminal damage and arson,Investigation complete; no suspect identified,
d950cda9518d9f0042cd60a139134c5520f3778d2ffb116e627512c80ed4fb96,2014-08,Essex Police,Essex Police,0.361679,51.461709,On or near Calcutta Road,E01016009,Thurrock 018G,Criminal damage and arson,Under investigation,
77aaf3d8267c03a262462fbe8b303da0f0f34aae715edba504a80561f85f55d1,2014-08,Essex Police,Essex Police,0.371713,51.464752,On or near Cowper Avenue,E01016009,Thurrock 018G,Criminal damage and arson,Investigation complete; no suspect identified,
ba24617f890117d40a2ba0f6da05cfc00276cda4daa22464009a928452fe3009,2014-08,Essex Police,Essex Police,0.369832,51.464017,On or near Milton Gardens,E01016009,Thurrock 018G,Criminal damage and arson,Under investigation,
047b22f6df52ac3f8b81cdece33c5d5c342beb545b1bb0df950742b315059b83,2014-08,Essex Police,Essex Police,0.371713,51.464752,On or near Cowper Avenue,E01016009,Thurrock 018G,Drugs,Under investigation,
0435bb3e74ef50fbeededa379190627f0bbd407875216bae57784ce3816e970a,2014-08,Essex Police,Essex Police,0.371713,51.464752,On or near Cowper Avenue,E01016009,Thurrock 018G,Other theft,Under investigation,
21cb65aaef33dd90e7073ce0587311cf24759003200d61a61d9874a6b883e6c7,2014-08,Essex Police,Essex Police,0.361679,51.461709,On or near Calcutta Road,E01016009,Thurrock 018G,Other theft,Investigation complete; no suspect identified,
baa8559e4fc48dbb2e35c1362d1b88a196b51e6095b4f62c174f22251239184d,2014-08,Essex Police,Essex Police,0.361899,51.462900,On or near Ottawa Road,E01016009,Thurrock 018G,Robbery,Under investigation,
9018d9cf82107f2f60313032a1713ab33969ede446d877a04f4af40b66a4e5db,2014-08,Essex Police,Essex Police,0.361679,51.461709,On or near Calcutta Road,E01016009,Thurrock 018G,Shoplifting,Under investigation,
d81ae65ea779c7d625b64c3965fcec2377212a8accdc8086ea8e235f1ff0544e,2014-08,Essex Police,Essex Police,0.361679,51.461709,On or near Calcutta Road,E01016009,Thurrock 018G,Shoplifting,Under investigation,
6b1fcc5944b1966318f0c99c5095ea9f3bb5ef08b73215162d0f295c9b918405,2014-08,Essex Police,Essex Police,0.361679,51.461709,On or near Calcutta Road,E01016009,Thurrock 018G,Shoplifting,Under investigation,
85d8cfa25ad87fa9fb3c33d86befd608f1c151427c34301ac287254cd81dad1c,2014-08,Essex Police,Essex Police,0.361679,51.461709,On or near Calcutta Road,E01016009,Thurrock 018G,Vehicle crime,Investigation complete; no suspect identified,
03e74a58f562a029bf51d47504d1c37d0d6d1ad11793bd95b5eefc741ca1baea,2014-08,Essex Police,Essex Police,0.366046,51.462915,On or near Arkwright Road,E01016009,Thurrock 018G,Violence and sexual offences,Offender given a caution,
d1970b0f305e368ee97cbd304020b7f435e639e1a82b9fc552f480e986439956,2014-08,Essex Police,Essex Police,0.366046,51.462915,On or near Arkwright Road,E01016009,Thurrock 018G,Violence and sexual offences,Investigation complete; no suspect identified,
,2014-08,Essex Police,Essex Police,0.361094,51.463213,On or near Toronto Road,E01016010,Thurrock 018H,Anti-social behaviour,,
,2014-08,Essex Police,Essex Police,0.366499,51.464714,On or near Stephenson Avenue,E01016010,Thurrock 018H,Anti-social behaviour,,
,2014-08,Essex Police,Essex Police,0.360158,51.463772,On or near Albany Road,E01016010,Thurrock 018H,Anti-social behaviour,,
,2014-08,Essex Police,Essex Police,0.360076,51.463297,On or near Sycamore Close,E01016010,Thurrock 018H,Anti-social behaviour,,
,2014-08,Essex Police,Essex Police,0.360076,51.463297,On or near Sycamore Close,E01016010,Thurrock 018H,Anti-social behaviour,,
da521038079f09e1ccdbac6364ba585fe37a6dad24da7409b2e1336165759f16,2014-08,Essex Police,Essex Police,0.361488,51.464707,On or near The Circle,E01016010,Thurrock 018H,Burglary,Under investigation,
48680cbf8623fa5ae353626dd6310e9b315a4c42540a617174e3278c1d5ceb51,2014-08,Essex Police,Essex Police,0.366499,51.464714,On or near Stephenson Avenue,E01016010,Thurrock 018H,Burglary,Under investigation,
a5d1baed1e8ba552723c0ac1968cadafe36a9970b7d590ae2e0b980dffb18bcd,2014-08,Essex Police,Essex Police,0.363628,51.464043,On or near Christchurch Road,E01016010,Thurrock 018H,Other theft,Under investigation,
9f0d6b90542e3df449acaa65def579c0042401c6f8c9f4afdd08d23abe002c99,2014-08,Essex Police,Essex Police,0.363628,51.464043,On or near Christchurch Road,E01016010,Thurrock 018H,Public order,Unable to prosecute suspect,
ef437c503c61d5ba7596f12ec0e35c3b2c5ec9feea3801d75db785324d82175d,2014-08,Essex Police,Essex Police,0.363030,51.462221,On or near Parking Area,E01016010,Thurrock 018H,Robbery,Under investigation,
6f623785c7b0cf34822a05471ded83bd60929f5f74b19de44927b71fdc69fd18,2014-08,Essex Police,Essex Police,0.361094,51.463213,On or near Toronto Road,E01016010,Thurrock 018H,Vehicle crime,Under investigation,
4d0130783ea47399e42afadf8857f55d8c8810cb472465ebe89f173a270a14fd,2014-08,Essex Police,Essex Police,0.367203,51.468315,On or near Raphael Avenue,E01016010,Thurrock 018H,Violence and sexual offences,Unable to prosecute suspect,
4faed233c361d8abc38c0c6a6ee56543130c3c5864393cf0d311f5d64de2feb6,2014-08,Essex Police,Essex Police,0.360158,51.463772,On or near Albany Road,E01016010,Thurrock 018H,Violence and sexual offences,Unable to prosecute suspect,
5354c73846b1ae89266867b28bf69d5e5b5cce505553c73d39d534af3179f2bf,2014-08,Essex Police,Essex Police,0.366991,51.467267,On or near Elgar Gardens,E01016010,Thurrock 018H,Violence and sexual offences,Under investigation,
,2014-08,Essex Police,Essex Police,0.295609,51.490621,On or near Grifon Close,E01015982,Thurrock 019A,Anti-social behaviour,,
,2014-08,Essex Police,Essex Police,0.292580,51.492272,On or near Arterial Road West Thurrock,E01015982,Thurrock 019A,Anti-social behaviour,,
,2014-08,Essex Police,Essex Police,0.295873,51.488134,On or near Hatton Close,E01015982,Thurrock 019A,Anti-social behaviour,,
0826fe48c6dd9f215d34bca671462e73c1eb377b825044b4e345aeef6fa61d3e,2014-08,Essex Police,Essex Police,0.296244,51.484619,On or near San Luis Drive,E01015982,Thurrock 019A,Criminal damage and arson,Investigation complete; no suspect identified,
5e25b6dd968e9d60cb351080de5d6f2d59ee78753d5b4d1aa75d86f0b8bdd3b3,2014-08,Essex Police,Essex Police,0.295499,51.489580,On or near Grifon Road,E01015982,Thurrock 019A,Criminal damage and arson,Investigation complete; no suspect identified,
26305752dc2cf84be323bab53be294f5ac75edd3edd9e4e981c4e66a27bbf333,2014-08,Essex Police,Essex Police,0.291037,51.488498,On or near Fenner Road,E01015982,Thurrock 019A,Criminal damage and arson,Under investigation,
52aeef37a53ff77966ba24c0d7cef4d5a0b08c1bd6aac7a50a914dcc102bbd66,2014-08,Essex Police,Essex Police,0.295609,51.490621,On or near Grifon Close,E01015982,Thurrock 019A,Criminal damage and arson,Under investigation,
150ae72f6ca1b91400b6eb65277696c83f504563fca50efad62bc9eebb5f1dfa,2014-08,Essex Police,Essex Police,0.294127,51.491792,On or near Supermarket,E01015982,Thurrock 019A,Other theft,Under investigation,
1a962711eb8d53931ec4ec5cdb872b7ca3829e7354559ffff5dc2be134e8c1fe,2014-08,Essex Police,Essex Police,0.294127,51.491792,On or near Supermarket,E01015982,Thurrock 019A,Other theft,Under investigation,
97d354368e9d633a3e1e1d30496987c040fd59bd56e3a4ccdaa4da17ba146ebe,2014-08,Essex Police,Essex Police,0.296249,51.492452,On or near A1306,E01015982,Thurrock 019A,Other theft,Under investigation,
c5304b31edb9a350e2d02261397dc79748ddeab21e19bc2e9c3c4f2d73910f05,2014-08,Essex Police,Essex Police,0.294127,51.491792,On or near Supermarket,E01015982,Thurrock 019A,Other theft,Under investigation,
b5ad9ed16dbe0fecb64e8f9b5b3adc825dfcc4710183c1d333c700adc65b72a9,2014-08,Essex Police,Essex Police,0.294127,51.491792,On or near Supermarket,E01015982,Thurrock 019A,Other theft,Under investigation,
98ce6257308733feb40cebf01a3d9a1d594b836f8b94732c68eefd5305fd39dd,2014-08,Essex Police,Essex Police,0.294127,51.491792,On or near Supermarket,E01015982,Thurrock 019A,Other theft,Investigation complete; no suspect identified,
5a8298880609619207f4e7c58973cb1af4429346086595bdd8fa1c147f9e59b9,2014-08,Essex Police,Essex Police,0.294127,51.491792,On or near Supermarket,E01015982,Thurrock 019A,Other theft,Under investigation,
70bd35d4d7cddd575e32245e32a2536e3f9246a8396a6a6e0c5d3ccca89dc88b,2014-08,Essex Police,Essex Police,0.294127,51.491792,On or near Supermarket,E01015982,Thurrock 019A,Shoplifting,Investigation complete; no suspect identified,
ead502af1b1b5d75de844086c7929974f297ae3240b8127fc37ce13c697fdd5d,2014-08,Essex Police,Essex Police,0.294127,51.491792,On or near Supermarket,E01015982,Thurrock 019A,Shoplifting,Under investigation,
ea4153ce262b10c6ab93cfc372728732af20dac3b7b43dedc8d30e421d67f218,2014-08,Essex Police,Essex Police,0.288839,51.488037,On or near Fleming Road,E01015982,Thurrock 019A,Vehicle crime,Under investigation,
b6d828c852735fdfef43cbd3eb8dd115b8f87c87321b2c3e98e0d07e1bd8b60a,2014-08,Essex Police,Essex Police,0.295609,51.490621,On or near Grifon Close,E01015982,Thurrock 019A,Violence and sexual offences,Under investigation,
4936f78bc01e6c5718ea11e0d261baad6e94059fc0053fc994a965803654f6bf,2014-08,Essex Police,Essex Police,0.288839,51.488037,On or near Fleming Road,E01015982,Thurrock 019A,Violence and sexual offences,Unable to prosecute suspect,
889de3d29fc8625f68c37a02ec180c4273ae34b3105c62f5507f0df4ab6616d9,2014-08,Essex Police,Essex Police,0.290955,51.490892,On or near Howard Road,E01015982,Thurrock 019A,Violence and sexual offences,Under investigation,
72750ef4b2cf5cddbc5d33b932feb22fb94139856abe40ac0679797a2b029a18,2014-08,Essex Police,Essex Police,0.288839,51.488037,On or near Fleming Road,E01015982,Thurrock 019A,Violence and sexual offences,Unable to prosecute suspect,
17c910628c4c3f39c59f67857114f4542f298db4d5542b11f33718be53416d3b,2014-08,Essex Police,Essex Police,0.295052,51.490128,On or near Girona Close,E01015982,Thurrock 019A,Violence and sexual offences,Under investigation,
2ab690751133b74f311ce12563a976508cc20a3c2b7b0ad9b0fa440127b6d3ff,2014-08,Essex Police,Essex Police,0.290955,51.490892,On or near Howard Road,E01015982,Thurrock 019A,Violence and sexual offences,Under investigation,
,2014-08,Essex Police,Essex Police,0.299218,51.481890,On or near John William Close,E01033610,Thurrock 019B,Anti-social behaviour,,
425290bf53ad5185b77757b30f1a4815659926ad7bde53ae4e97ba634abb2167,2014-08,Essex Police,Essex Police,0.296747,51.482019,On or near Hatfield Road,E01033610,Thurrock 019B,Vehicle crime,Under investigation,
fa5276604864acd43a168de3bfc7dc572b06a343ccc7f5e9c3b41dece0ea49f8,2014-08,Essex Police,Essex Police,0.299279,51.481106,On or near Philip Sydney Road,E01033610,Thurrock 019B,Violence and sexual offences,Offender given conditional discharge,
,2014-08,Essex Police,Essex Police,0.288935,51.481336,On or near Rawlyn Close,E01033611,Thurrock 019C,Anti-social behaviour,,
,2014-08,Essex Police,Essex Police,0.291489,51.479982,On or near Sewell Close,E01033611,Thurrock 019C,Anti-social behaviour,,
,2014-08,Essex Police,Essex Police,0.288935,51.481336,On or near Rawlyn Close,E01033611,Thurrock 019C,Anti-social behaviour,,
,2014-08,Essex Police,Essex Police,0.288763,51.483929,On or near Galleon Road,E01033611,Thurrock 019C,Anti-social behaviour,,
517b10a33e271325a23c0741544ed7aa942fb809abe648c0a9a20a2ce2cd07c3,2014-08,Essex Police,Essex Police,0.291335,51.481226,On or near Harper Close,E01033611,Thurrock 019C,Bicycle theft,Under investigation,
a7df25c9f218cc3ec0d0c939f81cb8af0973af572af39e3459a37fa07244ae10,2014-08,Essex Police,Essex Police,0.291335,51.481226,On or near Harper Close,E01033611,Thurrock 019C,Drugs,Under investigation,
4c1a2d45e54cc3a4264825fcb7a55bfb8650b4e6431f4ec6c7a36f764ead1796,2014-08,Essex Police,Essex Police,0.287943,51.483091,On or near Grenville Road,E01033611,Thurrock 019C,Vehicle crime,Investigation complete; no suspect identified,
9804c55706c335d8e9ea4d873b9ce9681b3b526996cdd941d528ff3fefed4b7f,2014-08,Essex Police,Essex Police,0.288935,51.481336,On or near Rawlyn Close,E01033611,Thurrock 019C,Violence and sexual offences,Under investigation,
25d92b6febf3ffcb9f7508d987231aeb6d16e80547df4e969ff4983b20c626ee,2014-08,Essex Police,Essex Police,0.288935,51.481336,On or near Rawlyn Close,E01033611,Thurrock 019C,Violence and sexual offences,Under investigation,
,2014-08,Essex Police,Essex Police,0.288589,51.485920,On or near Flemming Road,E01033613,Thurrock 019D,Anti-social behaviour,,
e827fbbc881542907f9d381e8c35efb2d3a0611499ebb7ca7dda1a3cb3a763c3,2014-08,Essex Police,Essex Police,0.288589,51.485920,On or near Flemming Road,E01033613,Thurrock 019D,Bicycle theft,Under investigation,
a3f2a1b97388478313b742627f7ee1083fec9e8af9f8412f3ff28e436f89bce3,2014-08,Essex Police,Essex Police,0.288589,51.485920,On or near Flemming Road,E01033613,Thurrock 019D,Bicycle theft,Investigation complete; no suspect identified,
dd7de37714815b92509227a56c63176ef86ba6d4bb0ae52b164e0e4d7b4531ff,2014-08,Essex Police,Essex Police,0.288589,51.485920,On or near Flemming Road,E01033613,Thurrock 019D,Public order,Under investigation,
1e1af7f3c71e38d8c36f9af969bccf93e82152081e522aa84f3caf707c5583ae,2014-08,Essex Police,Essex Police,0.290985,51.483436,On or near Plymouth Road,E01033613,Thurrock 019D,Violence and sexual offences,Under investigation,
,2014-08,Essex Police,Essex Police,0.318015,51.490153,On or near Archates Avenue,E01015939,Thurrock 020A,Anti-social behaviour,,
,2014-08,Essex Police,Essex Police,0.317974,51.494444,On or near A1012,E01015939,Thurrock 020A,Anti-social behaviour,,
e6174a2aabb3bab038a6e4f4115bf68529e83faf741227aee8e65ee0572ffd69,2014-08,Essex Police,Essex Police,0.317974,51.494444,On or near A1012,E01015939,Thurrock 020A,Drugs,Offender given a drugs possession warning,
2221b9a5b4bf53c3205beb60324e05d39de4398f8f1822c6653342c8dc7911a9,2014-08,Essex Police,Essex Police,0.318479,51.491331,On or near Ark Avenue,E01015939,Thurrock 020A,Other theft,Investigation complete; no suspect identified,
1b8b435181f5ff1e2d5eba47299fbba504d58259aba0b094acb47b486da9572d,2014-08,Essex Police,Essex Police,0.317974,51.494444,On or near A1012,E01015939,Thurrock 020A,Possession of weapons,Awaiting court outcome,
26c069fff65f7f8d45b78c3cbced2cb67deaff464da13eca8676cd7d7ef599e3,2014-08,Essex Police,Essex Police,0.318864,51.488131,On or near Antelope Avenue,E01015939,Thurrock 020A,Robbery,Under investigation,
7fa57d31b58d515c87b8a705631801639fe6abcd49885fda53a0bbab035b53dc,2014-08,Essex Police,Essex Police,0.316688,51.493525,On or near Brandon Close,E01015939,Thurrock 020A,Vehicle crime,Investigation complete; no suspect identified,
0ab06f430a0803439f0bb1ff25ec0d74572eef6909903ed2147a95a906555393,2014-08,Essex Police,Essex Police,0.318598,51.493694,On or near Andrea Avenue,E01015939,Thurrock 020A,Vehicle crime,Investigation complete; no suspect identified,
0bbb212c229a8dc10e858354bee4e5e947add172b23440e7b25a6093df72701b,2014-08,Essex Police,Essex Police,0.317974,51.494444,On or near A1012,E01015939,Thurrock 020A,Violence and sexual offences,Offender given a caution,
,2014-08,Essex Police,Essex Police,0.301515,51.492322,On or near Edmund Road,E01015941,Thurrock 020B,Anti-social behaviour,,
,2014-08,Essex Police,Essex Police,0.305006,51.492703,On or near Daniel Close,E01015941,Thurrock 020B,Anti-social behaviour,,
,2014-08,Essex Police,Essex Police,0.301515,51.492322,On or near Edmund Road,E01015941,Thurrock 020B,Anti-social behaviour,,
,2014-08,Essex Police,Essex Police,0.301515,51.492322,On or near Edmund Road,E01015941,Thurrock 020B,Anti-social behaviour,,
8a510dbce772e919d5868fecba3914b5871ee7fb9a3f1a4792bbc3e9853e45bb,2014-08,Essex Police,Essex Police,0.304825,51.489397,On or near Clockhouse Lane,E01015941,Thurrock 020B,Burglary,Under investigation,
ece4387b36c4489ccc1afbc1a74b3c26ce20dadfaa97770256fba388458751c8,2014-08,Essex Police,Essex Police,0.302393,51.492871,On or near Hawkins Drive,E01015941,Thurrock 020B,Public order,Awaiting court outcome,
34fbba51ef03716f37ba14f63605fb413f9c103a44ef8a007f53bd817ca47aa8,2014-08,Essex Police,Essex Police,0.302768,51.491164,On or near Donnella Close,E01015941,Thurrock 020B,Vehicle crime,Investigation complete; no suspect identified,
,2014-08,Essex Police,Essex Police,0.299070,51.496417,On or near Harrington Crescent,E01015942,Thurrock 020C,Anti-social behaviour,,
,2014-08,Essex Police,Essex Police,0.308338,51.498762,On or near High Road,E01015942,Thurrock 020C,Anti-social behaviour,,
,2014-08,Essex Police,Essex Police,0.311533,51.493285,On or near Calshot Avenue,E01015942,Thurrock 020C,Anti-social behaviour,,
64f76c51334aa8ef2f08e732f6f82abb1266181d1967f2bb36c3c6e5b8810b76,2014-08,Essex Police,Essex Police,0.307883,51.493474,On or near Dudley Close,E01015942,Thurrock 020C,Criminal damage and arson,Under investigation,
fc9947ca6fbfd3f94c2a1e83a3cd64ad7527dac47650ba16e7e2442b88c6e52e,2014-08,Essex Police,Essex Police,0.302363,51.496280,On or near Elvin Drive,E01015942,Thurrock 020C,Other theft,Under investigation,
3282f7335a73bd18227e458c1a280f40df9fb333302f4c27720d7aef76cd1bcc,2014-08,Essex Police,Essex Police,0.311533,51.493285,On or near Calshot Avenue,E01015942,Thurrock 020C,Other theft,Investigation complete; no suspect identified,
2300dfd870fd0bd1b569e6140828f6d41c80444020924d991a0d04b1f7bff578,2014-08,Essex Police,Essex Police,0.304821,51.493885,On or near Arterial Road North Stifford,E01015942,Thurrock 020C,Other theft,Under investigation,
e958d2ecda493058264d0b4cf2bbfc57170bb94ab4d1448187e96434e680db8b,2014-08,Essex Police,Essex Police,0.290691,51.493379,On or near Sports/Recreation Area,E01015942,Thurrock 020C,Vehicle crime,Investigation complete; no suspect identified,
ead66cbecf9b47a255fc84c9f652e9833289e2e84848f80ece6178cfad3859eb,2014-08,Essex Police,Essex Police,0.290691,51.493379,On or near Sports/Recreation Area,E01015942,Thurrock 020C,Vehicle crime,Investigation complete; no suspect identified,
,2014-08,Essex Police,Essex Police,0.309168,51.487549,On or near Sachfield Drive,E01033612,Thurrock 020D,Anti-social behaviour,,
,2014-08,Essex Police,Essex Police,0.314444,51.490179,On or near Caravel Close,E01033612,Thurrock 020D,Anti-social behaviour,,
b43b0b1f1a3b3c50f2f615345d82741d93213392991a97845754c72fa94891a0,2014-08,Essex Police,Essex Police,0.314517,51.489350,On or near Courtenay Drive,E01033612,Thurrock 020D,Other theft,Under investigation,
f5715068cac45349385b2ff54f3b0a55b97b1549084d84e8d7bc30e818e22956,2014-08,Essex Police,Essex Police,0.309168,51.487549,On or near Sachfield Drive,E01033612,Thurrock 020D,Vehicle crime,Investigation complete; no suspect identified,
7b6eca17b45cf4125742c349c220962cb2c5184917e1881d49876559d97eb927,2014-08,Essex Police,Essex Police,0.309168,51.487549,On or near Sachfield Drive,E01033612,Thurrock 020D,Violence and sexual offences,Under investigation,
7b7e96f63a3e52e20b5efade6e38203da73378466ae6b135ab2c8d404507f06e,2014-08,Essex Police,Essex Police,0.307522,51.491745,On or near Chester Close,E01033612,Thurrock 020D,Violence and sexual offences,Unable to prosecute suspect,
,2014-08,Essex Police,Essex Police,0.307541,51.488975,On or near Frobisher Gardens,E01033614,Thurrock 020E,Anti-social behaviour,,
,2014-08,Essex Police,Essex Police,0.311559,51.491522,On or near Drake Road,E01033614,Thurrock 020E,Anti-social behaviour,,
,2014-08,Essex Police,Essex Police,0.309949,51.490159,On or near Dupre Close,E01033614,Thurrock 020E,Anti-social behaviour,,
,2014-08,Essex Police,Essex Police,0.311601,51.488940,On or near Davis Road,E01033614,Thurrock 020E,Anti-social behaviour,,
50211becbd4a921240c81ea61c23929345ac2327199ffa37ed83732a310fd9cf,2014-08,Essex Police,Essex Police,0.307291,51.490877,On or near Cumberland Road,E01033614,Thurrock 020E,Burglary,Investigation complete; no suspect identified,
c6c4a0a8575838f2576728cf0dec3c297e525b1e94f8ccdc9388c8e78d315f45,2014-08,Essex Police,Essex Police,0.308372,51.490325,On or near Dove Close,E01033614,Thurrock 020E,Burglary,Investigation complete; no suspect identified,
4db3396711fc69dd6ae8617310554eec497b0bf1b6ba28e491cf0e62d8f88d0e,2014-08,Essex Police,Essex Police,0.308114,51.491778,On or near Fenton Road,E01033614,Thurrock 020E,Criminal damage and arson,Under investigation,
256f2b230f04e7d080dbf6514a8fd870a238a80c869e3a5fcbc3b9d7937a3803,2014-08,Essex Police,Essex Police,0.307541,51.488975,On or near Frobisher Gardens,E01033614,Thurrock 020E,Violence and sexual offences,Unable to prosecute suspect,
,2014-08,Essex Police,Essex Police,0.295904,52.025432,On or near Will'S Ayley Lane,E01022057,Uttlesford 001A,Anti-social behaviour,,
,2014-08,Essex Police,Essex Police,0.295904,52.025432,On or near Will'S Ayley Lane,E01022057,Uttlesford 001A,Anti-social behaviour,,
f82d608d87ccba226fa01e5db8748e46dbb9b1bd50b03657683db68aab91667c,2014-08,Essex Police,Essex Police,0.217426,52.019652,On or near Spring Hill,E01022075,Uttlesford 001B,Theft from the person,Investigation complete; no suspect identified,
f61acd65361cec91bdb63819b87c972ecb225198e6730294ff4cfa977d438966,2014-08,Essex Police,Essex Police,0.237211,52.020950,On or near Gibson Close,E01022075,Uttlesford 001B,Vehicle crime,Investigation complete; no suspect identified,
,2014-08,Essex Police,Essex Police,0.258541,52.027431,On or near De Vigier Avenue,E01022077,Uttlesford 001C,Anti-social behaviour,,
,2014-08,Essex Police,Essex Police,0.256288,52.026692,On or near Whiteshot Way,E01022077,Uttlesford 001C,Anti-social behaviour,,
,2014-08,Essex Police,Essex Police,0.258541,52.027431,On or near De Vigier Avenue,E01022077,Uttlesford 001C,Anti-social behaviour,,
f773637cc85d82d3057541a1ea7db877ff3d7e63a9830635bbbcb9d9e657e182,2014-08,Essex Police,Essex Police,0.258541,52.027431,On or near De Vigier Avenue,E01022077,Uttlesford 001C,Burglary,Investigation complete; no suspect identified,
fa1095025e38dbb52f96f205d2444a3707913916bb13f29269c988cf05aa2886,2014-08,Essex Police,Essex Police,0.258541,52.027431,On or near De Vigier Avenue,E01022077,Uttlesford 001C,Shoplifting,Under investigation,
,2014-08,Essex Police,Essex Police,0.210972,52.053980,On or near High Street,E01022094,Uttlesford 001D,Anti-social behaviour,,
b52a1347b8f21328aa8ba6726d0145f8e452f72be441729c058cf7880201f248,2014-08,Essex Police,Essex Police,0.190769,52.061398,On or near Whiteways,E01022094,Uttlesford 001D,Burglary,Under investigation,
f6b1aa796140eddedb68110d1c0a4bdd83f9b1f555bfa673fe37bc4fd2c3aa6c,2014-08,Essex Police,Essex Police,0.190655,52.062362,On or near Ickleton Road,E01022094,Uttlesford 001D,Burglary,Investigation complete; no suspect identified,
669071ef0b41aa3e24fc974ac0f75d45a6a5ef8eef908476e47695b9cf7a23ee,2014-08,Essex Police,Essex Police,0.194434,52.060871,On or near London Road,E01022094,Uttlesford 001D,Burglary,Under investigation,
c987c2adbf4a8a4d5e41ad2586251b8bdb892fc66ba5b941f989f121dafb82c9,2014-08,Essex Police,Essex Police,0.195589,52.059438,On or near Ash Green,E01022094,Uttlesford 001D,Vehicle crime,Investigation complete; no suspect identified,
7a9c3dff2ebf63b5c479df35d33a8b89d59782e68b6634be87f400d86deb0686,2014-08,Essex Police,Essex Police,0.195233,52.064381,On or near Eastgate,E01022094,Uttlesford 001D,Violence and sexual offences,Under investigation,
2d76e6c914e6225d66414216cf0fbdb7e022b08a4f638f5a9f2eaadac670386a,2014-08,Essex Police,Essex Police,0.241326,52.012590,On or near Pleasant Valley,E01022074,Uttlesford 002A,Criminal damage and arson,Under investigation,
,2014-08,Essex Police,Essex Police,0.242085,52.024266,On or near Emson Close,E01022076,Uttlesford 002B,Anti-social behaviour,,
,2014-08,Essex Police,Essex Police,0.240821,52.024047,On or near Market Hill,E01022076,Uttlesford 002B,Anti-social behaviour,,
,2014-08,Essex Police,Essex Police,0.240821,52.024047,On or near Market Hill,E01022076,Uttlesford 002B,Anti-social behaviour,,
,2014-08,Essex Police,Essex Police,0.239557,52.022677,On or near George Street,E01022076,Uttlesford 002B,Anti-social behaviour,,
,2014-08,Essex Police,Essex Police,0.239627,52.025535,On or near Castle Street,E01022076,Uttlesford 002B,Anti-social behaviour,,
,2014-08,Essex Police,Essex Police,0.239557,52.022677,On or near George Street,E01022076,Uttlesford 002B,Anti-social behaviour,,
,2014-08,Essex Police,Essex Police,0.236581,52.022041,On or near Abbey Lane,E01022076,Uttlesford 002B,Anti-social behaviour,,
,2014-08,Essex Police,Essex Police,0.239041,52.022570,On or near High Street,E01022076,Uttlesford 002B,Anti-social behaviour,,
,2014-08,Essex Police,Essex Police,0.240568,52.020158,On or near Ingleside Court,E01022076,Uttlesford 002B,Anti-social behaviour,,
a75655c91f8c50b5c8fcb6e2aada4014fdaed20bcee14067eeb580d3f17c509e,2014-08,Essex Police,Essex Police,0.237987,52.018975,On or near London Road,E01022076,Uttlesford 002B,Criminal damage and arson,Under investigation,
7287e063fbacc13416b825fc37087fee5fd7fc6305bf1bfa300f87aaf9914e88,2014-08,Essex Police,Essex Police,0.237555,52.021411,On or near Gibson Way,E01022076,Uttlesford 002B,Criminal damage and arson,Investigation complete; no suspect identified,
5493e3ce43d1662ed9d09fabe01bbf763187b24934aba6669cef1b735dcb6893,2014-08,Essex Police,Essex Police,0.239270,52.024229,On or near Church Path,E01022076,Uttlesford 002B,Drugs,Awaiting court outcome,
a302fbf0baa0c0e997db760732cd9bb18e8afafb0ee6f5c82beb1180a1fd8b4c,2014-08,Essex Police,Essex Police,0.240171,52.024464,On or near The Maynards,E01022076,Uttlesford 002B,Drugs,Offender given a drugs possession warning,
eb46facd9807680804640ad4f0d34529562982ac3c00d91bba82d2bb8b46740c,2014-08,Essex Police,Essex Police,0.242085,52.024266,On or near Emson Close,E01022076,Uttlesford 002B,Other theft,Investigation complete; no suspect identified,
5ddd0b60017ce94b4c584c3dc974081ffcc6a450ce4e389c5018c213268ea91c,2014-08,Essex Police,Essex Police,0.239627,52.025535,On or near Castle Street,E01022076,Uttlesford 002B,Other theft,Investigation complete; no suspect identified,
d8a05ba594f1596f192af91830cdfe7caa2aa2b6709d393dbcfc31cefe3aeee3,2014-08,Essex Police,Essex Police,0.239557,52.022677,On or near George Street,E01022076,Uttlesford 002B,Other theft,Offender given a caution,
281cc71698162dfecec446ac9a7a64cd23388d0495a823179de3be5b7111dd1c,2014-08,Essex Police,Essex Police,0.241829,52.022355,On or near Parking Area,E01022076,Uttlesford 002B,Shoplifting,Under investigation,
b1768a35e1b6895f5732ec2cfebff144046dcb79a5fb2c660a550dd80923cc5f,2014-08,Essex Police,Essex Police,0.241829,52.022355,On or near Parking Area,E01022076,Uttlesford 002B,Shoplifting,Under investigation,
24abe79894d8ff792b6c3dda24dc24982a3d1feffd0090fb7cc37f2f93241b7f,2014-08,Essex Police,Essex Police,0.241829,52.022355,On or near Parking Area,E01022076,Uttlesford 002B,Shoplifting,Under investigation,
c0838579a3fe64ed120c34be2193ba198fc1c343efcd8e4850bd0e9c27aa652c,2014-08,Essex Police,Essex Police,0.240164,52.023160,On or near Cross Street,E01022076,Uttlesford 002B,Shoplifting,Under investigation,
249a6693f4a5da3e5ad29899c7cd351e1ca51c5dbbf71c0f5a44ea052fe31e04,2014-08,Essex Police,Essex Police,0.239041,52.022570,On or near High Street,E01022076,Uttlesford 002B,Violence and sexual offences,Offender fined,
833f4203a91ff62c9397eabb18b54c42ec3b7cff1ccc06a4799836da1acd3872,2014-08,Essex Police,Essex Police,0.239041,52.022570,On or near High Street,E01022076,Uttlesford 002B,Violence and sexual offences,Under investigation,
498a21f9c9b8141a843a63e635d97cbb452f35c56fd8dc65bcbc661993eef77f,2014-08,Essex Police,Essex Police,0.239557,52.022677,On or near George Street,E01022076,Uttlesford 002B,Violence and sexual offences,Unable to prosecute suspect,
bc3aad5897865242ff7bc3d677e73edb714f389eb5ad412993cb7f982a66cdef,2014-08,Essex Police,Essex Police,0.239041,52.022570,On or near High Street,E01022076,Uttlesford 002B,Violence and sexual offences,Under investigation,
16306bc0f892355f9cbe81fc53183a2a58ed49b6a87b8508b5c3d698e27024d2,2014-08,Essex Police,Essex Police,0.239041,52.022570,On or near High Street,E01022076,Uttlesford 002B,Violence and sexual offences,Offender fined,
,2014-08,Essex Police,Essex Police,0.249353,52.027643,On or near Howard Road,E01022078,Uttlesford 002C,Anti-social behaviour,,
,2014-08,Essex Police,Essex Police,0.245708,52.027614,On or near Castle Cross,E01022078,Uttlesford 002C,Anti-social behaviour,,
,2014-08,Essex Police,Essex Police,0.246703,52.027990,On or near Cornwallis Place,E01022078,Uttlesford 002C,Anti-social behaviour,,
,2014-08,Essex Police,Essex Police,0.240754,52.027681,On or near Catons Lane,E01022078,Uttlesford 002C,Anti-social behaviour,,
f4f4dff3e7c2fe412012d2b7316cf252b22cfbdcaffa0e25179df7665edd5077,2014-08,Essex Police,Essex Police,0.250736,52.026142,On or near Mill Lane,E01022078,Uttlesford 002C,Burglary,Under investigation,
700cb1fd7aacb22391b004df8cf946044d88e4189413982e85498ccbaab0e06a,2014-08,Essex Police,Essex Police,0.249353,52.027643,On or near Howard Road,E01022078,Uttlesford 002C,Criminal damage and arson,Under investigation,
e695f116a70f41d5d14044821fdb578d20089b8fd66c3ea4364e09ed84a08a10,2014-08,Essex Police,Essex Police,0.243154,52.030477,On or near Little Walden Road,E01022078,Uttlesford 002C,Violence and sexual offences,Under investigation,
0f9b33399348232e20a069bf08808a1e509074f0b86461767e306488d0df29a0,2014-08,Essex Police,Essex Police,0.246703,52.027990,On or near Cornwallis Place,E01022078,Uttlesford 002C,Violence and sexual offences,Under investigation,
d533675094510c644f0f5fa705f9bd8522a06ccdff373e06dd5564335483bfc5,2014-08,Essex Police,Essex Police,0.250189,52.028023,On or near Buckenhoe Road,E01022078,Uttlesford 002C,Violence and sexual offences,Unable to prosecute suspect,
,2014-08,Essex Police,Essex Police,0.253645,52.024558,On or near Everitt Road,E01022079,Uttlesford 002D,Anti-social behaviour,,
8782d46831e1b919eb38e8e5e70b16612edbba274fe448e3c0b63c1abf06def3,2014-08,Essex Police,Essex Police,0.243962,52.023331,On or near Police Station,E01022079,Uttlesford 002D,Violence and sexual offences,Awaiting court outcome,
74b0e4d63447b691cafd18ac30f7bcf7cf40a4f70b797e019ef74df8f8fb326d,2014-08,Essex Police,Essex Police,0.245675,52.026095,On or near De Bohun Court,E01022079,Uttlesford 002D,Violence and sexual offences,Offender fined,
b768cb75671494fd675f33d333126f31ac2d06f36a253572119127c9b1e49f6d,2014-08,Essex Police,Essex Police,0.253645,52.024558,On or near Everitt Road,E01022079,Uttlesford 002D,Violence and sexual offences,Under investigation,
d20a3652fceefc6f8e49ab00b474995d639f56487d0ecd2955e6f5d22c4736ac,2014-08,Essex Police,Essex Police,0.242807,52.024423,On or near Common Hill,E01022079,Uttlesford 002D,Violence and sexual offences,Under investigation,
,2014-08,Essex Police,Essex Police,0.244705,52.009333,On or near Plantation Close,E01022080,Uttlesford 002E,Anti-social behaviour,,
,2014-08,Essex Police,Essex Police,0.248366,52.012024,On or near Church Field,E01022080,Uttlesford 002E,Anti-social behaviour,,
17c97379eee4eee688d4dca7e73a5290c85278f34401c9950da4385acb0d0f24,2014-08,Essex Police,Essex Police,0.245675,52.010088,On or near Long Horse Croft,E01022080,Uttlesford 002E,Criminal damage and arson,Under investigation,
,2014-08,Essex Police,Essex Police,0.249141,52.015849,On or near Peaslands Road,E01022081,Uttlesford 002F,Anti-social behaviour,,
,2014-08,Essex Police,Essex Police,0.256976,52.022695,On or near Horn Book,E01022081,Uttlesford 002F,Anti-social behaviour,,
,2014-08,Essex Police,Essex Police,0.250591,52.021801,On or near Harris Yard,E01022081,Uttlesford 002F,Anti-social behaviour,,
,2014-08,Essex Police,Essex Police,0.256976,52.022695,On or near Horn Book,E01022081,Uttlesford 002F,Anti-social behaviour,,
,2014-08,Essex Police,Essex Police,0.250591,52.021801,On or near Harris Yard,E01022081,Uttlesford 002F,Anti-social behaviour,,
087de34b9dc35f58feb13eb8a6df59b01886f79f100736d93522256791edcc17,2014-08,Essex Police,Essex Police,0.251423,52.020670,On or near Prospect Place,E01022081,Uttlesford 002F,Bicycle theft,Under investigation,
319b486ad62618ec71d53b82891b65a6df21fd02dd9869f4537d6fedd7b0b219,2014-08,Essex Police,Essex Police,0.249141,52.015849,On or near Peaslands Road,E01022081,Uttlesford 002F,Burglary,Investigation complete; no suspect identified,
daf326bdc9f21fa7192a004a95aab2469986c7b213b8943b72f7b8253ac4b830,2014-08,Essex Police,Essex Police,0.243544,52.022251,On or near Fairycroft Road,E01022081,Uttlesford 002F,Criminal damage and arson,Investigation complete; no suspect identified,
6fcc653e9530dc452008f1817a5c7ac1dcd5896cc7a3cc0dc833f43df1a3fd8a,2014-08,Essex Police,Essex Police,0.250591,52.021801,On or near Harris Yard,E01022081,Uttlesford 002F,Other theft,Investigation complete; no suspect identified,
b9f165e6d908be84a49d94246226fa39301ea80ebb9fca8e9c9dc29220bf5bbc,2014-08,Essex Police,Essex Police,0.256976,52.022695,On or near Horn Book,E01022081,Uttlesford 002F,Shoplifting,Local resolution,
9ae7b706bb910e50ea26360db3fb1504f68915b92a54a2ba99302a5ade7bef50,2014-08,Essex Police,Essex Police,0.254216,52.019691,On or near Shire Hill,E01022081,Uttlesford 002F,Vehicle crime,Investigation complete; no suspect identified,
cc2808185c3378d59626fed0e9ec463a9cc5ab8b1b2befc596e7baf1fc362502,2014-08,Essex Police,Essex Police,0.250591,52.021801,On or near Harris Yard,E01022081,Uttlesford 002F,Vehicle crime,Investigation complete; no suspect identified,
05156a40b54f3666a2deaff86363fda65f609ac1d6d29e5970da41af9cbbdba9,2014-08,Essex Police,Essex Police,0.250591,52.021801,On or near Harris Yard,E01022081,Uttlesford 002F,Other crime,Under investigation,
,2014-08,Essex Police,Essex Police,0.247930,52.011178,On or near The Glebe,E01022082,Uttlesford 002G,Anti-social behaviour,,
,2014-08,Essex Police,Essex Police,0.245294,52.012964,On or near Greenways,E01022082,Uttlesford 002G,Anti-social behaviour,,
f2ee3232569c525e60310905aa263973622bb5dd94e1c9120da184dd191bb63b,2014-08,Essex Police,Essex Police,0.243970,52.011829,On or near Hill Top Lane,E01022082,Uttlesford 002G,Criminal damage and arson,Under investigation,
bebe590c10dc98c54960eaf972e4a1841c7bc6a7aa1d8471a7f6ec99383538dc,2014-08,Essex Police,Essex Police,0.241181,52.014355,On or near Friends Wk,E01022082,Uttlesford 002G,Criminal damage and arson,Investigation complete; no suspect identified,
3e72006269f555ece449c42cd76a072990900e81c1ec0a8f7475a08509540cb3,2014-08,Essex Police,Essex Police,0.253188,52.014018,On or near Sports/Recreation Area,E01022082,Uttlesford 002G,Other theft,Investigation complete; no suspect identified,
25df29790235d02cb660620f6a7f96a6e9afa3bf0b014aad0a884d08af7c7f73,2014-08,Essex Police,Essex Police,0.142452,51.966259,On or near Middle Street,E01022061,Uttlesford 003A,Burglary,Investigation complete; no suspect identified,
2083e29393f16efbf95bdacbd5f3e3a6632544bd18ac3faf2290158a03754bc3,2014-08,Essex Police,Essex Police,0.138677,51.964322,On or near Pelham Road,E01022061,Uttlesford 003A,Burglary,Investigation complete; no suspect identified,
7cf8a77e24669284781ea0517939f83634985ec41cb9f57589a20b122d9d85ea,2014-08,Essex Police,Essex Police,0.138677,51.964322,On or near Pelham Road,E01022061,Uttlesford 003A,Burglary,Investigation complete; no suspect identified,
006a53f6604e676cb26c4fbd8e38058757f96a03c5a9eb90c9bd529ffc47ff48,2014-08,Essex Police,Essex Police,0.152241,51.969713,On or near Clatterbury Lane,E01022061,Uttlesford 003A,Burglary,Under investigation,
a3bd7a814c262947e3953316c49796463c75233c2db923425d32afb2503b8e58,2014-08,Essex Police,Essex Police,0.138677,51.964322,On or near Pelham Road,E01022061,Uttlesford 003A,Burglary,Under investigation,
a7110a956dbe0486c2664fb6c4baafd7a65b943f10cfc3a06ef24df27f16cb13,2014-08,Essex Police,Essex Police,0.138677,51.964322,On or near Pelham Road,E01022061,Uttlesford 003A,Burglary,Investigation complete; no suspect identified,
2579eeb6da9221553b0982ce2b916a3e904c15bbbbc4cd457c7ad46145bbecd3,2014-08,Essex Police,Essex Police,0.127389,51.976172,On or near Valance Road,E01022061,Uttlesford 003A,Other theft,Under investigation,
77ae218cf5008e44a480100b6b3c6f4cdb70b85d4204c131db14a46741883167,2014-08,Essex Police,Essex Police,0.141946,51.964497,On or near Skeins Way,E01022061,Uttlesford 003A,Violence and sexual offences,Under investigation,
ede701e46831411206a7cbc1a80b1b85462aa078eb3d370390f5aaef74b571e0,2014-08,Essex Police,Essex Police,0.210001,52.035195,On or near Rectory Close,E01022071,Uttlesford 003B,Burglary,Investigation complete; no suspect identified,
1482d40539e83e93fa5e5ab6f4f7e1586df4394cae10362c8b1c700b91044210,2014-08,Essex Police,Essex Police,0.199992,52.005636,On or near Royston Road,E01022071,Uttlesford 003B,Other theft,Under investigation,
2877b643472c75851ccb02a33c869529940d1a0f65b35783374cb2f1a6b4d320,2014-08,Essex Police,Essex Police,0.169626,52.024292,On or near Thomas Walk,E01022071,Uttlesford 003B,Other theft,Under investigation,
8d2ab4c458f68b773226fc73451059607ccdc76961f10cbaff8dd9a61f7d1a81,2014-08,Essex Police,Essex Police,0.169626,52.024292,On or near Thomas Walk,E01022071,Uttlesford 003B,Other theft,Investigation complete; no suspect identified,
7b83bec3818399d90a1ccde2e3df0e7be734eabc4fb51a54061af8e405ab229c,2014-08,Essex Police,Essex Police,0.206906,52.033023,On or near Peggy'S Walk,E01022071,Uttlesford 003B,Violence and sexual offences,Awaiting court outcome,
41e844bd9987a98d2c3fe7e62fe4a97e939c3a7795062e5ce8572b3e96b07a0c,2014-08,Essex Police,Essex Police,0.207597,52.034629,On or near Clays Meadow,E01022071,Uttlesford 003B,Violence and sexual offences,Unable to prosecute suspect,
8c01cdaee8c588feabec52c2229e43b07550d0fb11ad08b36d0ad6a693f2b543,2014-08,Essex Police,Essex Police,0.207597,52.034629,On or near Clays Meadow,E01022071,Uttlesford 003B,Violence and sexual offences,Unable to prosecute suspect,
,2014-08,Essex Police,Essex Police,0.189935,51.951843,On or near Brick Kiln Lane,E01022072,Uttlesford 003C,Anti-social behaviour,,
,2014-08,Essex Police,Essex Police,0.213995,51.979970,On or near Station Road,E01022072,Uttlesford 003C,Anti-social behaviour,,
,2014-08,Essex Police,Essex Police,0.195300,51.946365,On or near Sports/Recreation Area,E01022072,Uttlesford 003C,Anti-social behaviour,,
,2014-08,Essex Police,Essex Police,0.213468,51.975178,On or near The Spinney,E01022072,Uttlesford 003C,Anti-social behaviour,,
a9ea7f930ac5024a440c19f1a6873b3a39a219ce8b1a388b131acd76080c1fe0,2014-08,Essex Police,Essex Police,0.237729,51.962103,On or near High Street,E01022072,Uttlesford 003C,Burglary,Under investigation,
5f7a8245aaa4814e40e105bad04e5968afa2adfdc11386935d64e89ef6a3088d,2014-08,Essex Police,Essex Police,0.215046,51.979438,On or near Parking Area,E01022072,Uttlesford 003C,Burglary,Under investigation,
527c0890dd5ffcb487095541105398f8d63078c61f97c4f3d3dc440644632ff9,2014-08,Essex Police,Essex Police,0.213059,51.979889,On or near Petrol Station,E01022072,Uttlesford 003C,Other theft,Investigation complete; no suspect identified,
c693eeddb1533488165f078a9e348cb3024e76d8421bb1ddc2f7123306229d8d,2014-08,Essex Police,Essex Police,0.237729,51.962103,On or near High Street,E01022072,Uttlesford 003C,Vehicle crime,Under investigation,
408add712a294a542bae55bd42f3465bcba51aa13230b681e45a0cb3c91b4a52,2014-08,Essex Police,Essex Police,0.213659,51.984374,On or near Church Street,E01022072,Uttlesford 003C,Violence and sexual offences,Under investigation,
,2014-08,Essex Police,Essex Police,0.211046,51.981006,On or near Cherry Garden Lane,E01022073,Uttlesford 003D,Anti-social behaviour,,
,2014-08,Essex Police,Essex Police,0.209127,51.986689,On or near Willow Vale,E01022073,Uttlesford 003D,Anti-social behaviour,,
,2014-08,Essex Police,Essex Police,0.209127,51.986689,On or near Willow Vale,E01022073,Uttlesford 003D,Anti-social behaviour,,
,2014-08,Essex Police,Essex Police,0.208819,51.981614,On or near Frambury Lane,E01022073,Uttlesford 003D,Anti-social behaviour,,
3ab21a7bcd41d8c3a58b5e90797f77a1be3f69c6c50b06f552732a3fddb421e2,2014-08,Essex Police,Essex Police,0.213958,51.982768,On or near High Street,E01022073,Uttlesford 003D,Burglary,Under investigation,
9a25f9f1a1ab1ea5128e1276ce1e2dcad5dd240e6c0fe9d1ef6b68d90c702ecf,2014-08,Essex Police,Essex Police,0.208819,51.981614,On or near Frambury Lane,E01022073,Uttlesford 003D,Criminal damage and arson,Investigation complete; no suspect identified,
93ff9d6e59b9206873e0322ac9d079ad0fa1d96d54b6c63658b1faca8f1a1981,2014-08,Essex Police,Essex Police,0.213958,51.982768,On or near High Street,E01022073,Uttlesford 003D,Other theft,Under investigation,
9831fa4e7e9272e2546fd132cee34d6091c8f59c0c9e7a0ab4b5983f77e4694c,2014-08,Essex Police,Essex Police,0.208819,51.981614,On or near Frambury Lane,E01022073,Uttlesford 003D,Other theft,Investigation complete; no suspect identified,
76fca141caf4f14a2c7c072a5b673ffd68f4d87009f214581a592fb8e617ccb3,2014-08,Essex Police,Essex Police,0.213958,51.982768,On or near High Street,E01022073,Uttlesford 003D,Shoplifting,Under investigation,
a899f61e330bc9e21a2c2d25c33884bc2862acb61ee0eeefc00239f1a10d31bb,2014-08,Essex Police,Essex Police,0.213958,51.982768,On or near High Street,E01022073,Uttlesford 003D,Shoplifting,Under investigation,
692c65ac027501c9c50db8e26eef3f4446bd6ed6b674188849ba744cad5d6e1a,2014-08,Essex Police,Essex Police,0.213958,51.982768,On or near High Street,E01022073,Uttlesford 003D,Shoplifting,Under investigation,
b18611a1aeb57ee741f2b8d0f2a662be648bf84a4e1382528195ab4df2c1e1cf,2014-08,Essex Police,Essex Police,0.208819,51.981614,On or near Frambury Lane,E01022073,Uttlesford 003D,Vehicle crime,Unable to prosecute suspect,
aab67e72cd7d2778b8c9779aa00ba239613c4c7148485544bba4a377e37e2f80,2014-08,Essex Police,Essex Police,0.129053,52.019844,On or near B1039,E01022098,Uttlesford 003E,Burglary,Investigation complete; no suspect identified,
a70c93a20d63dee5b2a092c8c17d43d7dd5e1e6d0fbe9aef0f5d59d1f8d14f36,2014-08,Essex Police,Essex Police,0.125495,52.009360,On or near Brooksies,E01022098,Uttlesford 003E,Burglary,Under investigation,
9875cf07f7934b43f74049ccbbc94032e656fd2449cdb679928957bc23226e57,2014-08,Essex Police,Essex Police,0.107714,52.038733,On or near Crawley End,E01022098,Uttlesford 003E,Vehicle crime,Investigation complete; no suspect identified,
,2014-08,Essex Police,Essex Police,0.342211,51.954729,On or near Further/Higher Educational Building,E01022092,Uttlesford 004A,Anti-social behaviour,,
,2014-08,Essex Police,Essex Police,0.329733,51.915041,On or near Sports/Recreation Area,E01022092,Uttlesford 004A,Anti-social behaviour,,
aef21c14e78e1aee544b05d42232ce9fda17304f310704af0f5787ed26ca7ee7,2014-08,Essex Police,Essex Police,0.344993,51.917948,On or near Blamsters Rise,E01022092,Uttlesford 004A,Burglary,Investigation complete; no suspect identified,
276681ef749034fa76b27b35fe241c248618b169132cc8bccb859424e65fe3d8,2014-08,Essex Police,Essex Police,0.323678,51.944503,On or near Park/Open Space,E01022092,Uttlesford 004A,Burglary,Under investigation,
9dd07bb39c5cbc64d3a7116ed4b633d4278ef03cbaafd77f0d1d4b0b73fa4e83,2014-08,Essex Police,Essex Police,0.329461,51.916809,On or near Abbey View,E01022092,Uttlesford 004A,Criminal damage and arson,Under investigation,
3373829f9203b662618d784ff244aeee8e0b52715a874878093998b87e5881ae,2014-08,Essex Police,Essex Police,0.329733,51.915041,On or near Sports/Recreation Area,E01022092,Uttlesford 004A,Violence and sexual offences,Local resolution,
,2014-08,Essex Police,Essex Police,0.351137,51.953418,On or near Barnards Field,E01022093,Uttlesford 004B,Anti-social behaviour,,
,2014-08,Essex Police,Essex Police,0.347188,51.955008,On or near Brook View,E01022093,Uttlesford 004B,Anti-social behaviour,,
f8cd140b8b50b4b73f18422d91a9e78a5d91cdb462df51a784ac26188b343791,2014-08,Essex Police,Essex Police,0.343243,51.955545,On or near Parking Area,E01022093,Uttlesford 004B,Violence and sexual offences,Investigation complete; no suspect identified,
c9f378728871fb18261fef01d49243617a0acb9c3cfd4bf7c51116d89039044e,2014-08,Essex Police,Essex Police,0.322715,52.013117,On or near Walden Road,E01022097,Uttlesford 004C,Other theft,Under investigation,
,2014-08,Essex Police,Essex Police,0.273015,51.972182,On or near Thaxted Road,E01022099,Uttlesford 004D,Anti-social behaviour,,
,2014-08,Essex Police,Essex Police,0.288481,51.957117,On or near Henham Road,E01022099,Uttlesford 004D,Anti-social behaviour,,
,2014-08,Essex Police,Essex Police,0.332269,51.994242,On or near Top Road,E01022099,Uttlesford 004D,Anti-social behaviour,,
fc7207a3d7ccdff994485a184395cdd3e0bda211ac15799dc7bec7b3f1fc05f8,2014-08,Essex Police,Essex Police,0.267297,51.975728,On or near Highfields,E01022099,Uttlesford 004D,Burglary,Investigation complete; no suspect identified,
544a3185aaecddf382fdafd47fd1af9cf8c4c307fd536ea0ad0700411b3c8db8,2014-08,Essex Police,Essex Police,0.315377,51.995475,On or near Sports/Recreation Area,E01022099,Uttlesford 004D,Criminal damage and arson,Under investigation,
06473587584a4e6d7ce639d7f628ee47c1278858823d11ff6a4da65bebc402ad,2014-08,Essex Police,Essex Police,0.289908,51.987673,On or near Debden Drive,E01022099,Uttlesford 004D,Vehicle crime,Investigation complete; no suspect identified,
0cdbe38eaee0dd0211a75d73a0c510e7232d064c99b69ec45b88b4a4bbc56c25,2014-08,Essex Police,Essex Police,0.289908,51.987673,On or near Debden Drive,E01022099,Uttlesford 004D,Violence and sexual offences,Under investigation,
e937f32479aa90b33d5350f1a1518ab23cc5e5a6a85cfd3577da2283e64dee1e,2014-08,Essex Police,Essex Police,0.288468,51.988276,On or near Rowney Avenue,E01022099,Uttlesford 004D,Violence and sexual offences,Unable to prosecute suspect,
cc5e20085e7624a9ca29809c9fa423f693050c4161c6a9785a835e4342400128,2014-08,Essex Police,Essex Police,0.289908,51.987673,On or near Debden Drive,E01022099,Uttlesford 004D,Violence and sexual offences,Under investigation,
,2014-08,Essex Police,Essex Police,0.232104,51.916250,On or near Corriander Drive,E01022062,Uttlesford 005A,Anti-social behaviour,,
,2014-08,Essex Police,Essex Police,0.232023,51.914327,On or near High Street,E01022062,Uttlesford 005A,Anti-social behaviour,,
,2014-08,Essex Police,Essex Police,0.232023,51.914327,On or near High Street,E01022062,Uttlesford 005A,Anti-social behaviour,,
,2014-08,Essex Police,Essex Police,0.223746,51.918980,On or near Alsa Leys,E01022063,Uttlesford 005B,Anti-social behaviour,,
8f0a6d7631a63fd91406ae22eafacfc12d136997eef4be34de8353967e1aa6b5,2014-08,Essex Police,Essex Police,0.228617,51.912782,On or near Mill Close,E01022063,Uttlesford 005B,Burglary,Investigation complete; no suspect identified,
6f78de0ea5ab875bd311d67e7dd252f2e0cedda5b67d36a395c5eedb786ab20a,2014-08,Essex Police,Essex Police,0.230459,51.913871,On or near Glebe End,E01022063,Uttlesford 005B,Criminal damage and arson,Investigation complete; no suspect identified,
7ceb52ee2e8cfb56518b966407d98dc5a0056989e7035eb85db1e4b5058974e8,2014-08,Essex Police,Essex Police,0.226941,51.913884,On or near Leigh Drive,E01022063,Uttlesford 005B,Drugs,Offender given a drugs possession warning,
db6a1e422c2b5216434107880e682edf9390b376c5bf45efa61ac5bcdeede5d9,2014-08,Essex Police,Essex Police,0.226941,51.913884,On or near Leigh Drive,E01022063,Uttlesford 005B,Drugs,Offender given a drugs possession warning,
,2014-08,Essex Police,Essex Police,0.199619,51.902582,On or near Lower Street,E01022083,Uttlesford 005C,Anti-social behaviour,,
,2014-08,Essex Police,Essex Police,0.199619,51.902582,On or near Lower Street,E01022083,Uttlesford 005C,Anti-social behaviour,,
,2014-08,Essex Police,Essex Police,0.201017,51.904129,On or near Lower Street,E01022083,Uttlesford 005C,Anti-social behaviour,,
4f338c0091ebe318aba0d818f7a56a93552494d16090d0f844e0dad9883aa704,2014-08,Essex Police,Essex Police,0.215666,51.924402,On or near Field Gate Lane,E01022083,Uttlesford 005C,Criminal damage and arson,Under investigation,
6dae8856dcefa7c242eb12202abfe55a0e23e2bfc133b77faae1748db6564c93,2014-08,Essex Police,Essex Police,0.215666,51.924402,On or near Field Gate Lane,E01022083,Uttlesford 005C,Criminal damage and arson,Under investigation,
0705a53074cca97230846be03a738ea2fbf9f3c78f5738d323afc051f0217853,2014-08,Essex Police,Essex Police,0.215666,51.924402,On or near Field Gate Lane,E01022083,Uttlesford 005C,Criminal damage and arson,Under investigation,
8d08c3072d6e4a804de8c6c6ef2007c4f92491ba9987249210cc4424b18a45b4,2014-08,Essex Police,Essex Police,0.215666,51.924402,On or near Field Gate Lane,E01022083,Uttlesford 005C,Criminal damage and arson,Under investigation,
c27f275f376cc035381c322f327614df0704ac8b5c81a3e8506510a341dcc1be,2014-08,Essex Police,Essex Police,0.202944,51.905775,On or near Gall End Lane,E01022083,Uttlesford 005C,Violence and sexual offences,Under investigation,
f976d59f7f0a33b9096a36cd848248bc963e79de71501108d10d2b56c2782582,2014-08,Essex Police,Essex Police,0.198180,51.906754,On or near Norman'S Way,E01022083,Uttlesford 005C,Violence and sexual offences,Under investigation,
,2014-08,Essex Police,Essex Police,0.196641,51.905317,On or near St John'S Crescent,E01022084,Uttlesford 005D,Anti-social behaviour,,
,2014-08,Essex Police,Essex Police,0.199414,51.909402,On or near Five Acres,E01022084,Uttlesford 005D,Anti-social behaviour,,
,2014-08,Essex Police,Essex Police,0.193299,51.906539,On or near Sports/Recreation Area,E01022084,Uttlesford 005D,Anti-social behaviour,,
54c700589d145e1420b58cd301d4e1619cbdd45f8fd6c34de222d5ab34605cdf,2014-08,Essex Police,Essex Police,0.196641,51.905317,On or near St John'S Crescent,E01022084,Uttlesford 005D,Criminal damage and arson,Under investigation,
9a383329998c20ab3cddfe545b49895fbcbfd0487802e80464d0d51066ef8255,2014-08,Essex Police,Essex Police,0.196641,51.905317,On or near St John'S Crescent,E01022084,Uttlesford 005D,Criminal damage and arson,Investigation complete; no suspect identified,
113a3c03cacc188ff365d50009189e92e980d561b268774d0873282f0b497601,2014-08,Essex Police,Essex Police,0.188888,51.907314,On or near Wetherfield,E01022084,Uttlesford 005D,Other theft,Investigation complete; no suspect identified,
d7c12c814386630a551be3c051b6190af9b27a5d221464f00bd70d1730208d25,2014-08,Essex Police,Essex Police,0.193299,51.904453,On or near Petrol Station,E01022084,Uttlesford 005D,Other theft,Under investigation,
75a882e132cf793c5c78af4b5470a5ddee29e299df59044db82b63bf55e45805,2014-08,Essex Police,Essex Police,0.196641,51.905317,On or near St John'S Crescent,E01022084,Uttlesford 005D,Public order,Under investigation,
,2014-08,Essex Police,Essex Police,0.196501,51.901849,On or near Woodfields,E01022085,Uttlesford 005E,Anti-social behaviour,,
,2014-08,Essex Police,Essex Police,0.191617,51.903945,On or near Cannons Mead,E01022085,Uttlesford 005E,Anti-social behaviour,,
38d03295c0d8384ddff161fa2c940a6ad1937ab1ee3fe8bba46d5ca18aa5e1aa,2014-08,Essex Police,Essex Police,0.192133,51.901103,On or near Silver Street,E01022085,Uttlesford 005E,Burglary,Investigation complete; no suspect identified,
a4360752fbccaad86186ccc0e4f350cf5c72b09561f11fd50742da91ab048e98,2014-08,Essex Police,Essex Police,0.195146,51.898808,On or near West Road,E01022085,Uttlesford 005E,Burglary,Investigation complete; no suspect identified,
0e97553893919b261ea1e30174b9ed117ce0d2ce097908f93464c53da47e009c,2014-08,Essex Police,Essex Police,0.190726,51.901767,On or near Blythwood Gardens,E01022085,Uttlesford 005E,Criminal damage and arson,Investigation complete; no suspect identified,
,2014-08,Essex Police,Essex Police,0.193109,51.872201,On or near Dunmow Road,E01022087,Uttlesford 005F,Anti-social behaviour,,
0d14c27e4bc1b21092eba2696cb37e4fbbfcd5463c4385ddda61c8c605c09014,2014-08,Essex Police,Essex Police,0.193158,51.893800,On or near Newell Road,E01022087,Uttlesford 005F,Criminal damage and arson,Investigation complete; no suspect identified,
a432054875504a6994813392be1849a128f942b455aa830bf06a6b188e246ef2,2014-08,Essex Police,Essex Police,0.196781,51.896565,On or near Shaw Close,E01022087,Uttlesford 005F,Criminal damage and arson,Under investigation,
de4267081c32ee40600d2452c984cd597e35abb9637530115f0c8c5eb01a1e42,2014-08,Essex Police,Essex Police,0.193109,51.872201,On or near Dunmow Road,E01022087,Uttlesford 005F,Other theft,Under investigation,
e8ca2bdc019b8ccdeeadbacfca64d8b024295354475732b9f04a6eb59969dfb6,2014-08,Essex Police,Essex Police,0.204096,51.871393,On or near Petrol Station,E01022087,Uttlesford 005F,Other theft,Under investigation,
24da1dd95fbffd1066042b5bd0c79c72f7e069d6e69d9a8a4312b9469c9d6b3d,2014-08,Essex Police,Essex Police,0.193109,51.872201,On or near Dunmow Road,E01022087,Uttlesford 005F,Vehicle crime,Investigation complete; no suspect identified,
7e2fe20ef208b4b60c115144557a5ca8bfdd9e508df65bac32f2cf030fb7c86a,2014-08,Essex Police,Essex Police,0.193109,51.872201,On or near Dunmow Road,E01022087,Uttlesford 005F,Violence and sexual offences,Under investigation,
a3a84331a178ea950146ddd6a52eb6b312c1cab904320a1f1f7e546c1d28b6a3,2014-08,Essex Police,Essex Police,0.193109,51.872201,On or near Dunmow Road,E01022087,Uttlesford 005F,Violence and sexual offences,Under investigation,
ad4b47bc92ba25c7012459452932a24755e7d8d5f200723d0570342cd0ffd32d,2014-08,Essex Police,Essex Police,0.162081,51.920669,On or near Mailers Lane,E01022089,Uttlesford 005G,Burglary,Under investigation,
4e1d79cdabfc1d2da699f1f2cc44754968cb7f5867865c87a9ddfebc58b0735d,2014-08,Essex Police,Essex Police,0.173068,51.898237,On or near Sports/Recreation Area,E01022089,Uttlesford 005G,Drugs,Awaiting court outcome,
60c325c3107c63a8ff4f20df133a5ff4ddb99a43d3760b5e80ad05468f5600ec,2014-08,Essex Police,Essex Police,0.161628,51.923060,On or near Sports/Recreation Area,E01022089,Uttlesford 005G,Violence and sexual offences,Unable to prosecute suspect,
,2014-08,Essex Police,Essex Police,0.196543,51.899141,On or near The Spinney,E01022086,Uttlesford 006A,Anti-social behaviour,,
,2014-08,Essex Police,Essex Police,0.196543,51.899141,On or near The Spinney,E01022086,Uttlesford 006A,Anti-social behaviour,,
,2014-08,Essex Police,Essex Police,0.215455,51.881413,On or near Bury Lodge Lane,E01022086,Uttlesford 006A,Anti-social behaviour,,
,2014-08,Essex Police,Essex Police,0.225635,51.884242,On or near Airport/Airfield,E01022086,Uttlesford 006A,Anti-social behaviour,,
,2014-08,Essex Police,Essex Police,0.199991,51.896208,On or near Dockerell Road,E01022086,Uttlesford 006A,Anti-social behaviour,,
5df9069be64384406b6b8f5ee09dd78528f18428922df659f4337b981750fe19,2014-08,Essex Police,Essex Police,0.198019,51.898106,On or near Mount Drive,E01022086,Uttlesford 006A,Burglary,Investigation complete; no suspect identified,
,2014-08,Essex Police,Essex Police,0.261741,51.889938,On or near Airport/Airfield,E01022090,Uttlesford 006B,Anti-social behaviour,,
,2014-08,Essex Police,Essex Police,0.261741,51.889938,On or near Airport/Airfield,E01022090,Uttlesford 006B,Anti-social behaviour,,
,2014-08,Essex Police,Essex Police,0.243209,51.877938,On or near Taylors End Road,E01022090,Uttlesford 006B,Anti-social behaviour,,
,2014-08,Essex Police,Essex Police,0.261741,51.889938,On or near Airport/Airfield,E01022090,Uttlesford 006B,Anti-social behaviour,,
,2014-08,Essex Police,Essex Police,0.261741,51.889938,On or near Airport/Airfield,E01022090,Uttlesford 006B,Anti-social behaviour,,
,2014-08,Essex Police,Essex Police,0.284818,51.869853,On or near Mortymer Close,E01022090,Uttlesford 006B,Anti-social behaviour,,
,2014-08,Essex Police,Essex Police,0.287491,51.869288,On or near Haddesley Road,E01022090,Uttlesford 006B,Anti-social behaviour,,
,2014-08,Essex Police,Essex Police,0.261741,51.889938,On or near Airport/Airfield,E01022090,Uttlesford 006B,Anti-social behaviour,,
,2014-08,Essex Police,Essex Police,0.288052,51.869754,On or near Wyndrell Close,E01022090,Uttlesford 006B,Anti-social behaviour,,
,2014-08,Essex Police,Essex Police,0.267488,51.871015,On or near Beech Close,E01022090,Uttlesford 006B,Anti-social behaviour,,
,2014-08,Essex Police,Essex Police,0.261741,51.889938,On or near Airport/Airfield,E01022090,Uttlesford 006B,Anti-social behaviour,,
,2014-08,Essex Police,Essex Police,0.284551,51.869462,On or near Honey Road,E01022090,Uttlesford 006B,Anti-social behaviour,,
,2014-08,Essex Police,Essex Police,0.261741,51.889938,On or near Airport/Airfield,E01022090,Uttlesford 006B,Anti-social behaviour,,
,2014-08,Essex Police,Essex Police,0.284818,51.869853,On or near Mortymer Close,E01022090,Uttlesford 006B,Anti-social behaviour,,
,2014-08,Essex Police,Essex Police,0.261741,51.889938,On or near Airport/Airfield,E01022090,Uttlesford 006B,Anti-social behaviour,,
,2014-08,Essex Police,Essex Police,0.263651,51.889191,On or near Bus/Coach Station,E01022090,Uttlesford 006B,Anti-social behaviour,,
,2014-08,Essex Police,Essex Police,0.261741,51.889938,On or near Airport/Airfield,E01022090,Uttlesford 006B,Anti-social behaviour,,
,2014-08,Essex Police,Essex Police,0.258870,51.882539,On or near Coopers Villas,E01022090,Uttlesford 006B,Anti-social behaviour,,
,2014-08,Essex Police,Essex Police,0.261741,51.889938,On or near Airport/Airfield,E01022090,Uttlesford 006B,Anti-social behaviour,,
,2014-08,Essex Police,Essex Police,0.261741,51.889938,On or near Airport/Airfield,E01022090,Uttlesford 006B,Anti-social behaviour,,
,2014-08,Essex Police,Essex Police,0.287890,51.870566,On or near Dryvers Close,E01022090,Uttlesford 006B,Anti-social behaviour,,
,2014-08,Essex Police,Essex Police,0.287263,51.870228,On or near Burgattes Road,E01022090,Uttlesford 006B,Anti-social behaviour,,
,2014-08,Essex Police,Essex Police,0.261741,51.889938,On or near Airport/Airfield,E01022090,Uttlesford 006B,Anti-social behaviour,,
,2014-08,Essex Police,Essex Police,0.261741,51.889938,On or near Airport/Airfield,E01022090,Uttlesford 006B,Anti-social behaviour,,
,2014-08,Essex Police,Essex Police,0.261741,51.889938,On or near Airport/Airfield,E01022090,Uttlesford 006B,Anti-social behaviour,,
,2014-08,Essex Police,Essex Police,0.261741,51.889938,On or near Airport/Airfield,E01022090,Uttlesford 006B,Anti-social behaviour,,
,2014-08,Essex Police,Essex Police,0.243209,51.877938,On or near Taylors End Road,E01022090,Uttlesford 006B,Anti-social behaviour,,
,2014-08,Essex Police,Essex Police,0.261741,51.889938,On or near Airport/Airfield,E01022090,Uttlesford 006B,Anti-social behaviour,,
,2014-08,Essex Police,Essex Police,0.261741,51.889938,On or near Airport/Airfield,E01022090,Uttlesford 006B,Anti-social behaviour,,
824526b650d6832b7829a81ff0c4b7d83f67af468b7798ffdec425ac6fc5a8e8,2014-08,Essex Police,Essex Police,0.284551,51.869462,On or near Honey Road,E01022090,Uttlesford 006B,Burglary,Under investigation,
45ef3fce6cf5e54630c9c7b8816ed5821cbc6622a21c8323ee3b553717b1facb,2014-08,Essex Police,Essex Police,0.261741,51.889938,On or near Airport/Airfield,E01022090,Uttlesford 006B,Criminal damage and arson,Offender given penalty notice,
8aa4f5aaa7605b6b2cada7484354fe9c81505e3c34c8b8c8ee595ffa3c397f8e,2014-08,Essex Police,Essex Police,0.284818,51.869853,On or near Mortymer Close,E01022090,Uttlesford 006B,Criminal damage and arson,Investigation complete; no suspect identified,
bb10ee1dcb40b036a45e42cb9bb9f9e90b52a7fc2dfaf2a7d39ea7bd9687a4be,2014-08,Essex Police,Essex Police,0.264840,51.890005,On or near Parking Area,E01022090,Uttlesford 006B,Criminal damage and arson,Under investigation,
9d4153a2d69f77fbae60726a143ae3ca60a8c32868b1fe951cc21f75b5a15fb1,2014-08,Essex Police,Essex Police,0.261741,51.889938,On or near Airport/Airfield,E01022090,Uttlesford 006B,Drugs,Offender given a drugs possession warning,
19d134e864e439a3b9273cc55fec34e2cf599544f6fa75ae193dd84b95581063,2014-08,Essex Police,Essex Police,0.261741,51.889938,On or near Airport/Airfield,E01022090,Uttlesford 006B,Drugs,Under investigation,
d577f59d014ccddacb04159b005dd5aa48d421a67f50228b5900cb5c3b3be10e,2014-08,Essex Police,Essex Police,0.261741,51.889938,On or near Airport/Airfield,E01022090,Uttlesford 006B,Drugs,Offender given a drugs possession warning,
370228988d584ceb7a882e57bee3fa72afae33d4c5d168fec4f2743d41c50b3a,2014-08,Essex Police,Essex Police,0.261741,51.889938,On or near Airport/Airfield,E01022090,Uttlesford 006B,Drugs,Under investigation,
3fd31003599fafdd8ad6a66f016cb8b4c627099c9eac734abd3bedcb36c726e6,2014-08,Essex Police,Essex Police,0.261741,51.889938,On or near Airport/Airfield,E01022090,Uttlesford 006B,Other theft,Investigation complete; no suspect identified,
66dea7bee1570201e2b65ee116ae57936ed431f9f578dbcebffdf0cc151f6139,2014-08,Essex Police,Essex Police,0.261741,51.889938,On or near Airport/Airfield,E01022090,Uttlesford 006B,Other theft,Under investigation,
13dfe34640e8c3eea12632e1b742f19050b9047d1ef081aa605d50bf90da58c1,2014-08,Essex Police,Essex Police,0.261741,51.889938,On or near Airport/Airfield,E01022090,Uttlesford 006B,Other theft,Under investigation,
e11f9b91438971a0f3867c48f7d5f8ea5717aefbdc65d7c1a5ea98db20909fcb,2014-08,Essex Police,Essex Police,0.261741,51.889938,On or near Airport/Airfield,E01022090,Uttlesford 006B,Other theft,Offender given a caution,
f1fb2708ecf1a638453e4678b0937dd9784c3ca5435ceab8ab32e9e78c32339a,2014-08,Essex Police,Essex Police,0.270142,51.867763,On or near Gorefield,E01022090,Uttlesford 006B,Other theft,Investigation complete; no suspect identified,
15156093b85e5f2cb66f431fd7a4bc5cf83dfd20cb152f146200ed97d5442de4,2014-08,Essex Police,Essex Police,0.261741,51.889938,On or near Airport/Airfield,E01022090,Uttlesford 006B,Other theft,Investigation complete; no suspect identified,
f3c092d754b555b635f42ca83ce0934c1ab512a3382e621c836b48be00db56f9,2014-08,Essex Police,Essex Police,0.261741,51.889938,On or near Airport/Airfield,E01022090,Uttlesford 006B,Other theft,Investigation complete; no suspect identified,
d15643e5ab808c65498e284c04d170c018be36a6d24291ad215e26d6929377bb,2014-08,Essex Police,Essex Police,0.261741,51.889938,On or near Airport/Airfield,E01022090,Uttlesford 006B,Other theft,Under investigation,
3e599421caf54600c4abbf30eae08cd8616af36b22a54772d94c81fb0d523965,2014-08,Essex Police,Essex Police,0.277113,51.898482,On or near School Lane,E01022090,Uttlesford 006B,Other theft,Investigation complete; no suspect identified,
2ee3619670b2aa4a6c21b77cbd3c4b541aaf485761ca1a35bef9cdae849c3852,2014-08,Essex Police,Essex Police,0.261741,51.889938,On or near Airport/Airfield,E01022090,Uttlesford 006B,Other theft,Under investigation,
43b3cdc872a0f9a23c8f8b0e8541930aca39eb7c4868a05e51dfafbc89c37a8e,2014-08,Essex Police,Essex Police,0.261741,51.889938,On or near Airport/Airfield,E01022090,Uttlesford 006B,Other theft,Under investigation,
a73fa2e1a0376992169653bc45054a3f75bfb5364187cbc6617916a0b0486dd3,2014-08,Essex Police,Essex Police,0.284818,51.869853,On or near Mortymer Close,E01022090,Uttlesford 006B,Other theft,Investigation complete; no suspect identified,
7136740403eae643d5196d3156d8bc829612d16a842c06f35ee3e602c5c28757,2014-08,Essex Police,Essex Police,0.261741,51.889938,On or near Airport/Airfield,E01022090,Uttlesford 006B,Other theft,Investigation complete; no suspect identified,
e7e547174a3450b3020592b3834c4c4412a78bc188d2f5b349b8f9232e9730cd,2014-08,Essex Police,Essex Police,0.261741,51.889938,On or near Airport/Airfield,E01022090,Uttlesford 006B,Other theft,Under investigation,
95d1cb8e5940f3c11d87f109d1fc549b55fd3749402b775fb413704202447e67,2014-08,Essex Police,Essex Police,0.267488,51.871015,On or near Beech Close,E01022090,Uttlesford 006B,Other theft,Investigation complete; no suspect identified,
f86d0242b61c3610be8138a5cb9ca63996f3798219d5a0d9be3b0725b976ac22,2014-08,Essex Police,Essex Police,0.261741,51.889938,On or near Airport/Airfield,E01022090,Uttlesford 006B,Other theft,Investigation complete; no suspect identified,
0aeb8a0ab49a27c76d1797f1a62d78aecf4277d5b535db9bc95497f146ac9acf,2014-08,Essex Police,Essex Police,0.261741,51.889938,On or near Airport/Airfield,E01022090,Uttlesford 006B,Other theft,Under investigation,
b318c8292f0deeae0c769b235a65bb0fdecd9a838207d5907b7fdfae3007d042,2014-08,Essex Police,Essex Police,0.261741,51.889938,On or near Airport/Airfield,E01022090,Uttlesford 006B,Other theft,Under investigation,
8b3bb862b4636b17049ce7952562132275829d89d6f59427cf55bb4a6c0f674c,2014-08,Essex Police,Essex Police,0.261741,51.889938,On or near Airport/Airfield,E01022090,Uttlesford 006B,Other theft,Offender given a caution,
ec4d8a472ee4c7a2819106264c638c76d7f1c63422077774c1dd16138b41eeb1,2014-08,Essex Police,Essex Police,0.261741,51.889938,On or near Airport/Airfield,E01022090,Uttlesford 006B,Other theft,Under investigation,
948b6e5ce8e2d8b22d2e18014466af1695b302337fe3cb4f20a3c6acffe2145c,2014-08,Essex Police,Essex Police,0.261741,51.889938,On or near Airport/Airfield,E01022090,Uttlesford 006B,Other theft,Under investigation,
a7fcbac86d4d9b4e71b5160997a328deafa5c2ca82624902e5e7b92c77efd861,2014-08,Essex Police,Essex Police,0.261741,51.889938,On or near Airport/Airfield,E01022090,Uttlesford 006B,Other theft,Under investigation,
b5a92b68bfc99d6aa2901312ba15a6c1f0caebbcfcb19a8efd89251749db547c,2014-08,Essex Police,Essex Police,0.265675,51.871662,On or near Parsonage Road,E01022090,Uttlesford 006B,Other theft,Under investigation,
65e94edca619620fd6a14953865c2dded88d7650e95008aa46a5304822917ee0,2014-08,Essex Police,Essex Police,0.261741,51.889938,On or near Airport/Airfield,E01022090,Uttlesford 006B,Other theft,Unable to prosecute suspect,
81d96022906ff9534d2b2483e78548e88eec92e43444c80c1e6cb2266a3998af,2014-08,Essex Police,Essex Police,0.261741,51.889938,On or near Airport/Airfield,E01022090,Uttlesford 006B,Other theft,Under investigation,
8eb170ded2defc676421536495c168a06c9490d9973357aa1b433eac4d02863d,2014-08,Essex Police,Essex Police,0.261741,51.889938,On or near Airport/Airfield,E01022090,Uttlesford 006B,Other theft,Under investigation,
7c57dbc719ea06e76f99e0681bceb57f8d387ceac11ca9944559e9b13b863bfa,2014-08,Essex Police,Essex Police,0.261741,51.889938,On or near Airport/Airfield,E01022090,Uttlesford 006B,Other theft,Investigation complete; no suspect identified,
769d309fbbc0f0eba7f75df31a98cfefb56ad78c61415b3ccdac051f7b7159b1,2014-08,Essex Police,Essex Police,0.261741,51.889938,On or near Airport/Airfield,E01022090,Uttlesford 006B,Other theft,Investigation complete; no suspect identified,
149c4019998ddfb711306ceb5a3596f835ddcc9174a885160eea644d55646b03,2014-08,Essex Police,Essex Police,0.243209,51.877938,On or near Taylors End Road,E01022090,Uttlesford 006B,Other theft,Under investigation,
1a4f9d5b8ebc2a936c2031cd913c79baa9eee51f3c969f89bf4b040b979fee13,2014-08,Essex Police,Essex Police,0.261741,51.889938,On or near Airport/Airfield,E01022090,Uttlesford 006B,Other theft,Under investigation,
45917ddf74988ef41141320592e6530480395af50c466918378a907b146e27b2,2014-08,Essex Police,Essex Police,0.261741,51.889938,On or near Airport/Airfield,E01022090,Uttlesford 006B,Other theft,Under investigation,
dd81b62d315e3b0c53d7c044e471d52f03430b84e8e791629350dd9c7b8fd918,2014-08,Essex Police,Essex Police,0.261741,51.889938,On or near Airport/Airfield,E01022090,Uttlesford 006B,Possession of weapons,Under investigation,
b5ffd003fc512952a244954a79ab3703d7ea2a6a690963ad744627f34ba868ba,2014-08,Essex Police,Essex Police,0.261741,51.889938,On or near Airport/Airfield,E01022090,Uttlesford 006B,Possession of weapons,Under investigation,
189556cf84d2689e36ab81bf8c9dc04fa3ece617c9d94eedf520c2c81d54494a,2014-08,Essex Police,Essex Police,0.261741,51.889938,On or near Airport/Airfield,E01022090,Uttlesford 006B,Possession of weapons,Local resolution,
c3207407d60d8bd36b6461f3d9a72ff73e31082d0876cd169d66e9a1c0746815,2014-08,Essex Police,Essex Police,0.261741,51.889938,On or near Airport/Airfield,E01022090,Uttlesford 006B,Possession of weapons,Local resolution,
669aa9877d9183975b5f0601ce14240267904343b592e35b6f49b88df4a1a1e6,2014-08,Essex Police,Essex Police,0.261741,51.889938,On or near Airport/Airfield,E01022090,Uttlesford 006B,Possession of weapons,Under investigation,
53dbae6bae2bb4db9baca422391e224f786153158c268ccfaa6f63f9db62e124,2014-08,Essex Police,Essex Police,0.261741,51.889938,On or near Airport/Airfield,E01022090,Uttlesford 006B,Possession of weapons,Local resolution,
8459c0841b84c9c7558973f7b017ae3c58a033c5c0f59f44c885edbac7c54471,2014-08,Essex Police,Essex Police,0.261741,51.889938,On or near Airport/Airfield,E01022090,Uttlesford 006B,Possession of weapons,Under investigation,
1807ccd57a4b3aa5441c1e2f283ec8d41515ad293768e596adbca5f9b4aaf890,2014-08,Essex Police,Essex Police,0.261741,51.889938,On or near Airport/Airfield,E01022090,Uttlesford 006B,Possession of weapons,Local resolution,
c60ea65cf2b0397bbc37d43c455b445ec264234eacf1cd0d57f95c695dea90fc,2014-08,Essex Police,Essex Police,0.261741,51.889938,On or near Airport/Airfield,E01022090,Uttlesford 006B,Possession of weapons,Local resolution,
f6f2de654def2fa133bfcea019030b2ac47f931656097ab45f1df2ffd3fdba46,2014-08,Essex Police,Essex Police,0.250308,51.885392,On or near Pincey Road,E01022090,Uttlesford 006B,Possession of weapons,Local resolution,
ffd8a3dc375307d38c7d0b962890eea0574d592b9e246d11847d3bb6452158f1,2014-08,Essex Police,Essex Police,0.261741,51.889938,On or near Airport/Airfield,E01022090,Uttlesford 006B,Possession of weapons,Local resolution,
788b46b91df1af8214cb0325175aca3033e174d2f629f0feed81ef138efc84fc,2014-08,Essex Police,Essex Police,0.261741,51.889938,On or near Airport/Airfield,E01022090,Uttlesford 006B,Possession of weapons,Local resolution,
61dcec47b9616e9fa643c9f643e39092b90f58e2414a4a59cb64a82f3811bf67,2014-08,Essex Police,Essex Police,0.261741,51.889938,On or near Airport/Airfield,E01022090,Uttlesford 006B,Possession of weapons,Under investigation,
e399feff7b1285514af5f7089a1119764f07dc166c3ad5b2d87a22749e605fb2,2014-08,Essex Police,Essex Police,0.261741,51.889938,On or near Airport/Airfield,E01022090,Uttlesford 006B,Possession of weapons,Local resolution,
599f8364851485e1ab9db6e9fd92db06309b6ccffd6f0a0f3596129e1410bad1,2014-08,Essex Police,Essex Police,0.261741,51.889938,On or near Airport/Airfield,E01022090,Uttlesford 006B,Possession of weapons,Local resolution,
4c66dd438de72feae9496a56af178f3f817801a7a3e3569c82c567f30485a8ce,2014-08,Essex Police,Essex Police,0.261741,51.889938,On or near Airport/Airfield,E01022090,Uttlesford 006B,Possession of weapons,Local resolution,
3011c4f56126b56d92f9397424cd645d92cd74c288b47079fa121d40dbd7b194,2014-08,Essex Police,Essex Police,0.261741,51.889938,On or near Airport/Airfield,E01022090,Uttlesford 006B,Possession of weapons,Local resolution,
e201388b08f1c7a8fd367372d4ef4c08ea42afba32129a580bd627bd186d7150,2014-08,Essex Police,Essex Police,0.261741,51.889938,On or near Airport/Airfield,E01022090,Uttlesford 006B,Possession of weapons,Local resolution,
9537438cbde6cf0832188133bd54a82e63b3f42a7bb106685bc1331e85523630,2014-08,Essex Police,Essex Police,0.261741,51.889938,On or near Airport/Airfield,E01022090,Uttlesford 006B,Possession of weapons,Local resolution,
0e845fb260febd9cb904d9ca606043718c6b098ac9bffb313664743d2e47333c,2014-08,Essex Police,Essex Police,0.261741,51.889938,On or near Airport/Airfield,E01022090,Uttlesford 006B,Possession of weapons,Local resolution,
d3d3e282683c435923271f9b65c2c4c6e22838e14e38d0c3a0bffb641d1734bf,2014-08,Essex Police,Essex Police,0.261741,51.889938,On or near Airport/Airfield,E01022090,Uttlesford 006B,Possession of weapons,Local resolution,
b5d2698b2620cca88312701772ff6fee88ef7b3c41d2b3c7edaf0c4c3cb87365,2014-08,Essex Police,Essex Police,0.261741,51.889938,On or near Airport/Airfield,E01022090,Uttlesford 006B,Possession of weapons,Under investigation,
4d0213bb5e64b8d9a387ab738f82078643002cf80b28274063828326eba47bd4,2014-08,Essex Police,Essex Police,0.261741,51.889938,On or near Airport/Airfield,E01022090,Uttlesford 006B,Possession of weapons,Local resolution,
583c9e85611db8cecf8c1080d0002692b9f5c7acaebb207d1c25153031c83051,2014-08,Essex Police,Essex Police,0.261741,51.889938,On or near Airport/Airfield,E01022090,Uttlesford 006B,Possession of weapons,Under investigation,
5f27fe8a8067fd78100d8ccc1d54541a407fc6fe0dde7054243956cbe956f58c,2014-08,Essex Police,Essex Police,0.261741,51.889938,On or near Airport/Airfield,E01022090,Uttlesford 006B,Possession of weapons,Local resolution,
0e5eaedbdbc479106b4649ea1e08e4ce776142810e0e458fc6c1624aee3e19f0,2014-08,Essex Police,Essex Police,0.261741,51.889938,On or near Airport/Airfield,E01022090,Uttlesford 006B,Possession of weapons,Local resolution,
378f6f6edd718f933e531f004859631a6b76568de74abe84b870956afeb89fcb,2014-08,Essex Police,Essex Police,0.261741,51.889938,On or near Airport/Airfield,E01022090,Uttlesford 006B,Public order,Awaiting court outcome,
739b127fdabf447e5e9608bc8c0cd74238401f1aa866306ffecc7a8a92eaf009,2014-08,Essex Police,Essex Police,0.261741,51.889938,On or near Airport/Airfield,E01022090,Uttlesford 006B,Public order,Local resolution,
aa261d5bbc1d1462197a4bcb696bd0367425996e7fd5a0c44f21a4b7dd01a479,2014-08,Essex Police,Essex Police,0.288052,51.869754,On or near Wyndrell Close,E01022090,Uttlesford 006B,Public order,Under investigation,
0eabf29e587623880da18c21b51bf29fab77d692826c54e8d007792bffd95e22,2014-08,Essex Police,Essex Police,0.261741,51.889938,On or near Airport/Airfield,E01022090,Uttlesford 006B,Public order,Awaiting court outcome,
aeafb8a9f41ef5e311469141a00c4172f2be636993e1ea721b450654598c045b,2014-08,Essex Police,Essex Police,0.261741,51.889938,On or near Airport/Airfield,E01022090,Uttlesford 006B,Public order,Under investigation,
a1cbbb2219e641520763aea15b89f06da2f594f82f86194ac8a2e46241c23cf7,2014-08,Essex Police,Essex Police,0.261741,51.889938,On or near Airport/Airfield,E01022090,Uttlesford 006B,Shoplifting,Under investigation,
b9d31838de5cc7cc59a38c305c632dc3cdde3a0c59261decf10d28a5014104db,2014-08,Essex Police,Essex Police,0.261741,51.889938,On or near Airport/Airfield,E01022090,Uttlesford 006B,Theft from the person,Investigation complete; no suspect identified,
c3df14b4c0154da603c0052f6d5fae6eea3bb4129265d78832aa2896b41ebf6c,2014-08,Essex Police,Essex Police,0.261741,51.889938,On or near Airport/Airfield,E01022090,Uttlesford 006B,Theft from the person,Investigation complete; no suspect identified,
7c85b452aa69f3406c62ef9df1cbe0ff726a17eef8637147a8db5925e726e50e,2014-08,Essex Police,Essex Police,0.261741,51.889938,On or near Airport/Airfield,E01022090,Uttlesford 006B,Theft from the person,Investigation complete; no suspect identified,
a64e37d3229af0ffc95e5ef934f61f3d7404ef46f3baa35ca6a2d57cc0e4dc87,2014-08,Essex Police,Essex Police,0.261741,51.889938,On or near Airport/Airfield,E01022090,Uttlesford 006B,Vehicle crime,Under investigation,
ad834a787ac50a40972ed507b268ae055718a815ebaac7b1f361123c1c301fa6,2014-08,Essex Police,Essex Police,0.266696,51.893386,On or near Parking Area,E01022090,Uttlesford 006B,Violence and sexual offences,Under investigation,
f6f4b6ddb9fc1a934a8c35b8ea341027e7fd5a28a661c1335c35dabb25b66d4b,2014-08,Essex Police,Essex Police,0.263651,51.889191,On or near Bus/Coach Station,E01022090,Uttlesford 006B,Violence and sexual offences,Local resolution,
5c3d8db3eba3081799a80b277e195e1acadf402bd4baae1f8627f6081ad33b77,2014-08,Essex Police,Essex Police,0.250308,51.885392,On or near Pincey Road,E01022090,Uttlesford 006B,Violence and sexual offences,Under investigation,
a71292dec7631d7e6fd17a802f5b8809ecfbc0241ea8a11d659cac8cc68a13c7,2014-08,Essex Police,Essex Police,0.261741,51.889938,On or near Airport/Airfield,E01022090,Uttlesford 006B,Violence and sexual offences,Under investigation,
c65d30c8fb0a29ba7d7889b5582fae435ff1dd41dd69005b20ceac1bc9cd3648,2014-08,Essex Police,Essex Police,0.261741,51.889938,On or near Airport/Airfield,E01022090,Uttlesford 006B,Violence and sexual offences,Unable to prosecute suspect,
203b7f046aa553d4abc6e0c524879473d131857b11051b6c0f06175e4a166163,2014-08,Essex Police,Essex Police,0.267488,51.871015,On or near Beech Close,E01022090,Uttlesford 006B,Other crime,Unable to prosecute suspect,
2bc9cee48a526318840d7ce1119573909a68ad98e3623f08b6db188b83acdf08,2014-08,Essex Police,Essex Police,0.261741,51.889938,On or near Airport/Airfield,E01022090,Uttlesford 006B,Other crime,Under investigation,
,2014-08,Essex Police,Essex Police,0.266663,51.867326,On or near Elm Close Extension,E01022091,Uttlesford 006C,Anti-social behaviour,,
,2014-08,Essex Police,Essex Police,0.266313,51.867009,On or near Station Road,E01022091,Uttlesford 006C,Anti-social behaviour,,
2b21575cef699556cf65af948da4cfaf1433b54fd785be2ae6d5651139ef7292,2014-08,Essex Police,Essex Police,0.262028,51.867595,On or near The Pastures,E01022091,Uttlesford 006C,Burglary,Under investigation,
9edf469bbbeabd078ced2c38f8b472f0e8a077c35a631b69d523912f42c7b90b,2014-08,Essex Police,Essex Police,0.268556,51.870015,On or near Prior'S Wood Road,E01022091,Uttlesford 006C,Burglary,Investigation complete; no suspect identified,
59e614150b27f2ac2e47724688a194108087d6138911c5d66145bb1e6ea482ea,2014-08,Essex Police,Essex Police,0.262028,51.867595,On or near The Pastures,E01022091,Uttlesford 006C,Burglary,Investigation complete; no suspect identified,
7b0c9ac0cedc7b73fbae512e91d55f9c36520a34f47e50d376679845576bbc25,2014-08,Essex Police,Essex Police,0.265388,51.869707,On or near Chestnut Way,E01022091,Uttlesford 006C,Criminal damage and arson,Under investigation,
4ac171eba35d2c4cd1c42f94fe06fcd793e6ddf2a3d6e9fa7dd546c9472d7cf5,2014-08,Essex Police,Essex Police,0.277637,51.867744,On or near Newman Road,E01022091,Uttlesford 006C,Other theft,Investigation complete; no suspect identified,
005ced2f8d0dc9d950978b090290b14ad9add6773f02ec7bfc7057be58424a80,2014-08,Essex Police,Essex Police,0.277986,51.868322,On or near Fleming Road,E01022091,Uttlesford 006C,Other theft,Under investigation,
f09987f280c1c05447224a2274766ccfedb329face617e17f6cdd02e6d04c9a9,2014-08,Essex Police,Essex Police,0.268556,51.870015,On or near Prior'S Wood Road,E01022091,Uttlesford 006C,Other theft,Investigation complete; no suspect identified,
1a57a9872b789a43666cc8812dee4e49d7433e2bc3c9954e40be7e077e49dc0c,2014-08,Essex Police,Essex Police,0.294968,51.841238,On or near Sports/Recreation Area,E01022091,Uttlesford 006C,Other theft,Investigation complete; no suspect identified,
1b368c2da69c6f3ee403be0040be1cfaaac799a9b48c668b9ab6323d17a13b99,2014-08,Essex Police,Essex Police,0.262028,51.867595,On or near The Pastures,E01022091,Uttlesford 006C,Vehicle crime,Investigation complete; no suspect identified,
bbe6d2295080135646bd8b4083de8c2e4a89bde451d5c8350464f1b3b41ebf1d,2014-08,Essex Police,Essex Police,0.267110,51.867255,On or near Elm Close,E01022091,Uttlesford 006C,Vehicle crime,Investigation complete; no suspect identified,
0e4aaeaffbb36f594690f87dc83d27ca2f9bb3fc72e157e7172f1bfadd7cf093,2014-08,Essex Police,Essex Police,0.276020,51.867658,On or near Wintershutt Road,E01022091,Uttlesford 006C,Vehicle crime,Investigation complete; no suspect identified,
,2014-08,Essex Police,Essex Police,0.354201,51.914122,On or near Breach Lane,E01022095,Uttlesford 006D,Anti-social behaviour,,
cf5de22525583e8bff987d6da6d5eebdb2efd1823e005b0893e6606eac16ddcb,2014-08,Essex Police,Essex Police,0.335345,51.887286,On or near Park Road,E01022095,Uttlesford 006D,Other theft,Investigation complete; no suspect identified,
,2014-08,Essex Police,Essex Police,0.363480,51.872336,On or near White Street,E01022067,Uttlesford 007B,Anti-social behaviour,,
,2014-08,Essex Police,Essex Police,0.370891,51.866836,On or near Normansfield,E01022067,Uttlesford 007B,Anti-social behaviour,,
,2014-08,Essex Police,Essex Police,0.364648,51.868572,On or near Haslers Lane,E01022067,Uttlesford 007B,Anti-social behaviour,,
,2014-08,Essex Police,Essex Police,0.363283,51.873554,On or near Randall Close,E01022067,Uttlesford 007B,Anti-social behaviour,,
,2014-08,Essex Police,Essex Police,0.364120,51.870956,On or near High Street,E01022067,Uttlesford 007B,Anti-social behaviour,,
6cb3b252b944052d26d4500d80971a18809f69d33ce58e65ce3c94d1b53be6e5,2014-08,Essex Police,Essex Police,0.368415,51.868649,On or near White Post Field,E01022067,Uttlesford 007B,Burglary,Investigation complete; no suspect identified,
9dd11ff2ca2e239e8ba237a61754a6c6c4c8e50dc31148e1282d2eea237de8c7,2014-08,Essex Police,Essex Police,0.368415,51.868649,On or near White Post Field,E01022067,Uttlesford 007B,Burglary,Under investigation,
0f1f68af7fd05e6c693d6f492c5a87488e3851f1c984abf7d02976aa5ea4a18d,2014-08,Essex Police,Essex Police,0.368415,51.868649,On or near White Post Field,E01022067,Uttlesford 007B,Drugs,Under investigation,
221f47e44d5b4c17a90e761dafa2021e20018c56dae826be64d78794a5d7fae5,2014-08,Essex Police,Essex Police,0.363128,51.869780,On or near Warners,E01022067,Uttlesford 007B,Other theft,Investigation complete; no suspect identified,
36a0a48af636f5b089a2bb7b82c569695c702625982f1adc35eee598c58bb7da,2014-08,Essex Police,Essex Police,0.364120,51.870956,On or near High Street,E01022067,Uttlesford 007B,Other theft,Investigation complete; no suspect identified,
9d695678edfca4eafdb85ee400830a0c18f7082fa70e653c01ef6bb02e7cc8c8,2014-08,Essex Police,Essex Police,0.363128,51.869780,On or near Warners,E01022067,Uttlesford 007B,Other theft,Investigation complete; no suspect identified,
b7189b3f87e5c6a2c2edf14b88617bbf060e2b919861787fa07faac347a59c33,2014-08,Essex Police,Essex Police,0.363480,51.872336,On or near White Street,E01022067,Uttlesford 007B,Shoplifting,Under investigation,
0b0b36f51856002d65dd056ac8a66d126e32084d83566a4abb368ed53833b6ad,2014-08,Essex Police,Essex Police,0.364648,51.868572,On or near Haslers Lane,E01022067,Uttlesford 007B,Vehicle crime,Investigation complete; no suspect identified,
dd3a6d7ea47a978f0441b94d38f57a85efef39167ffa4c6e4c6b913ccb13614d,2014-08,Essex Police,Essex Police,0.363283,51.873554,On or near Randall Close,E01022067,Uttlesford 007B,Violence and sexual offences,Under investigation,
0cc6fcebeaa9119ba987af2eb5120ffa88fc477794facde729e60e266175e44b,2014-08,Essex Police,Essex Police,0.364120,51.870956,On or near High Street,E01022067,Uttlesford 007B,Violence and sexual offences,Under investigation,
2af2752fb69994b4b408a913f242f3cbc8d5bcd1a60c2a49d8e56ffb7e34662c,2014-08,Essex Police,Essex Police,0.363128,51.869780,On or near Warners,E01022067,Uttlesford 007B,Violence and sexual offences,Investigation complete; no suspect identified,
,2014-08,Essex Police,Essex Police,0.375074,51.861320,On or near Petrol Station,E01022068,Uttlesford 007C,Anti-social behaviour,,
,2014-08,Essex Police,Essex Police,0.375074,51.861320,On or near Petrol Station,E01022068,Uttlesford 007C,Anti-social behaviour,,
,2014-08,Essex Police,Essex Police,0.369051,51.866100,On or near Lower Mill Field,E01022068,Uttlesford 007C,Anti-social behaviour,,
,2014-08,Essex Police,Essex Police,0.356391,51.872622,On or near Stortford Road,E01022068,Uttlesford 007C,Anti-social behaviour,,
31b450746439a3e0cc7355b27cb961734a34e7fb5a3e226647768807efe45fbc,2014-08,Essex Police,Essex Police,0.373689,51.862868,On or near Chelmsford Road,E01022068,Uttlesford 007C,Vehicle crime,Investigation complete; no suspect identified,
861afa4f7a4b79658daa79d980b91f0f674f7d1adff20c85014cc93cee429751,2014-08,Essex Police,Essex Police,0.355991,51.876353,On or near Stacy Court,E01033054,Uttlesford 007D,Other theft,Unable to prosecute suspect,
5fba101cb74922164acb280b6644d3e861d5935d3ec5026fcc9da565e51236ed,2014-08,Essex Police,Essex Police,0.349644,51.874178,On or near Woodlands Park Drive,E01033054,Uttlesford 007D,Other theft,Investigation complete; no suspect identified,
b45a0f1b5b5dab44a79d5c271189ab16518dd23c344b5a1075ed02319c32657f,2014-08,Essex Police,Essex Police,0.349877,51.873913,On or near Holm Drive,E01033054,Uttlesford 007D,Vehicle crime,Investigation complete; no suspect identified,
,2014-08,Essex Police,Essex Police,0.350655,51.875165,On or near Maple Way,E01033055,Uttlesford 007E,Anti-social behaviour,,
,2014-08,Essex Police,Essex Police,0.345905,51.874630,On or near Pine Avenue,E01033055,Uttlesford 007E,Anti-social behaviour,,
,2014-08,Essex Police,Essex Police,0.360924,51.880391,On or near Beaumont Hill,E01033055,Uttlesford 007E,Anti-social behaviour,,
,2014-08,Essex Police,Essex Police,0.350655,51.875165,On or near Maple Way,E01033055,Uttlesford 007E,Anti-social behaviour,,
06d0402f2f93acf1b7e799274b6e5e721a7365d7465bea4f2154c8eb0cdc9ff0,2014-08,Essex Police,Essex Police,0.344932,51.872959,On or near Petrol Station,E01033055,Uttlesford 007E,Other theft,Under investigation,
a8d4bfc05e15891a275001924ca8ddd18d0f3b1907fdab58fc3f175ca5b040ad,2014-08,Essex Police,Essex Police,0.344932,51.872959,On or near Petrol Station,E01033055,Uttlesford 007E,Other theft,Under investigation,
6d45f4083d91141f380858e6b5215189d8542f62f2091ace30383b6edd9e3343,2014-08,Essex Police,Essex Police,0.344932,51.872959,On or near Petrol Station,E01033055,Uttlesford 007E,Other theft,Under investigation,
238b015579507108b2c584fc2e414994b7c1e5aa53d91602b71eaddc1771d2dc,2014-08,Essex Police,Essex Police,0.354500,51.872579,On or near Green Lane,E01033055,Uttlesford 007E,Other theft,Investigation complete; no suspect identified,
8fb636cc589a225abff21130e5910f3c18d592723597b9098c961fa9f285008f,2014-08,Essex Police,Essex Police,0.346690,51.873239,On or near Supermarket,E01033055,Uttlesford 007E,Shoplifting,Offender given a caution,
5dca0939a68d62b3c9ba704d67d5da61e3da597434d8dce654524f04ca8a1740,2014-08,Essex Police,Essex Police,0.346690,51.873239,On or near Supermarket,E01033055,Uttlesford 007E,Shoplifting,Under investigation,
a9aa2aae18f09f6c1fc47018cba090af0a445447cad2416a6f7ae382c2e23b6b,2014-08,Essex Police,Essex Police,0.344932,51.872959,On or near Petrol Station,E01033055,Uttlesford 007E,Vehicle crime,Investigation complete; no suspect identified,
5a9ccd72901a22eafb958cb88cf8d696c504ffea5d3d91181ef2877ae3015492,2014-08,Essex Police,Essex Police,0.360924,51.880391,On or near Beaumont Hill,E01033055,Uttlesford 007E,Vehicle crime,Under investigation,
85f2f8f572bdbd2abf3a1d08dee215f5b2b10305eb384bb7bc478fbcf66421d1,2014-08,Essex Police,Essex Police,0.357960,51.875666,On or near Downs Crescent,E01033055,Uttlesford 007E,Violence and sexual offences,Under investigation,
,2014-08,Essex Police,Essex Police,0.362589,51.876949,On or near Parking Area,E01033056,Uttlesford 007F,Anti-social behaviour,,
073b95b3c3ccbcb703e6a036dfaa8f5a1132d48e9b2e8589a7af5b297dc4ced5,2014-08,Essex Police,Essex Police,0.350693,51.892061,On or near Parking Area,E01033056,Uttlesford 007F,Other theft,Investigation complete; no suspect identified,
7d02ee9e2fab9c2a11c54892b9858962315991f3f33987cf6c6d7259f6416e64,2014-08,Essex Police,Essex Police,0.350693,51.892061,On or near Parking Area,E01033056,Uttlesford 007F,Other theft,Investigation complete; no suspect identified,
e08adde92868e29ef5b6d5a5e4f548c30ea307a2f02f1d5953bcc4fd652441bb,2014-08,Essex Police,Essex Police,0.377931,51.888223,On or near The Broadway,E01033056,Uttlesford 007F,Other theft,Investigation complete; no suspect identified,
ac6eb52ffcb877d1e84187f30b42fe4af8986d96706e5e94f53b7dfbb243cb1b,2014-08,Essex Police,Essex Police,0.367212,51.880588,On or near Church End,E01033056,Uttlesford 007F,Other theft,Under investigation,
82736fdb395dafa5cc0b2d58fa6fc4802aea6918e4ac24c3160c86e3e37203fc,2014-08,Essex Police,Essex Police,0.357752,51.875023,On or near Rosemary Crescent,E01033056,Uttlesford 007F,Violence and sexual offences,Unable to prosecute suspect,
,2014-08,Essex Police,Essex Police,0.385046,51.854886,On or near Salmons Close,E01022058,Uttlesford 008A,Anti-social behaviour,,
b9617fe98214f76c50468af021c5243d6baefe75d18fff0c082e15ace437d913,2014-08,Essex Police,Essex Police,0.352442,51.808898,On or near Old Vicarage Close,E01022058,Uttlesford 008A,Burglary,Investigation complete; no suspect identified,
598f180c0955fa6d78642a60e2896d1a232539fc15a729079b2082ab6cb6c34a,2014-08,Essex Police,Essex Police,0.352442,51.808898,On or near Old Vicarage Close,E01022058,Uttlesford 008A,Burglary,Investigation complete; no suspect identified,
cad4b8e2728dc9b0d02133dc767dc14c3cde0400cd1dc22186f87d673ca6da47,2014-08,Essex Police,Essex Police,0.352442,51.808898,On or near Old Vicarage Close,E01022058,Uttlesford 008A,Burglary,Investigation complete; no suspect identified,
ce273ed5d43cf1bc5f7d762f21ea347ebc3951237756188040f56caebd2c43ef,2014-08,Essex Police,Essex Police,0.352442,51.808898,On or near Old Vicarage Close,E01022058,Uttlesford 008A,Burglary,Investigation complete; no suspect identified,
92b3bed2e4f2094a9e9ea1279509f8880c64695d86fa8c25f531866d98428196,2014-08,Essex Police,Essex Police,0.352442,51.808898,On or near Old Vicarage Close,E01022058,Uttlesford 008A,Burglary,Investigation complete; no suspect identified,
a009b6a435ec3c315df758608303ca3a82abc40f3a7dcd99a7ac59fba9d651f5,2014-08,Essex Police,Essex Police,0.385046,51.854886,On or near Salmons Close,E01022058,Uttlesford 008A,Vehicle crime,Investigation complete; no suspect identified,
,2014-08,Essex Police,Essex Police,0.447192,51.829823,On or near Mill Lane,E01022064,Uttlesford 008B,Anti-social behaviour,,
b8304ce649a5b046be494755377cc07ca542ea0a84c679d16077078198f55739,2014-08,Essex Police,Essex Police,0.499638,51.863990,On or near School Road,E01022064,Uttlesford 008B,Burglary,Under investigation,
42aa3df58de9480696366dd7a67b83ce498e38b9a77b035956281ff2c3faafc6,2014-08,Essex Police,Essex Police,0.499638,51.863990,On or near School Road,E01022064,Uttlesford 008B,Burglary,Under investigation,
3094ff81099c40168fded6c0ca2917a49e6a04fdc5729d606d8f66a36424f0ce,2014-08,Essex Police,Essex Police,0.499638,51.863990,On or near School Road,E01022064,Uttlesford 008B,Burglary,Under investigation,
9411512b986c127d3efef4b56c3991066d2031f190fc8d535990543479e8a39d,2014-08,Essex Police,Essex Police,0.499638,51.863990,On or near School Road,E01022064,Uttlesford 008B,Criminal damage and arson,Under investigation,
3ab1152e55ca2a830aa437594f673f93ce82102970323b73355448b8ef5fc281,2014-08,Essex Police,Essex Police,0.440322,51.850416,On or near Brickburn Close,E01022064,Uttlesford 008B,Other theft,Investigation complete; no suspect identified,
412d2dbf9a393ac9469d2943fd07c41a2baa74d024ee022fe6b4a2a47d6e84f7,2014-08,Essex Police,Essex Police,0.440322,51.850416,On or near Brickburn Close,E01022064,Uttlesford 008B,Other theft,Investigation complete; no suspect identified,
a6b22897c9b2add4f20f0dd0e6b00f91411396665eb717bb02a7acbe509b22d4,2014-08,Essex Police,Essex Police,0.498427,51.856300,On or near Milch Lane,E01022064,Uttlesford 008B,Vehicle crime,Offender given a caution,
,2014-08,Essex Police,Essex Police,0.361306,51.874376,On or near Star Lane,E01022069,Uttlesford 008D,Anti-social behaviour,,
,2014-08,Essex Police,Essex Police,0.362142,51.873127,On or near Market Place,E01022069,Uttlesford 008D,Anti-social behaviour,,
0fa6da7f49a6069adc35e92b9c737e9c682a774fdc0b9a6cde659deb59ac627a,2014-08,Essex Police,Essex Police,0.362689,51.874969,On or near North Street,E01022069,Uttlesford 008D,Bicycle theft,Under investigation,
ecc2325000557f403584fc0cc9121ef3072c8c4ad6d98913cf53227999c7fed1,2014-08,Essex Police,Essex Police,0.368684,51.872114,On or near Chelmer Drive,E01022069,Uttlesford 008D,Criminal damage and arson,Investigation complete; no suspect identified,
e4218d6fa908d049fb58ab1ce3b3ab49586bcd4ac6c45f354a8f6d7c836be74d,2014-08,Essex Police,Essex Police,0.362689,51.874969,On or near North Street,E01022069,Uttlesford 008D,Violence and sexual offences,Unable to prosecute suspect,
398a4abe8dc16dbf93078151a9706bf9654776a6b4a7b9c4d21ff3dac1bb9278,2014-08,Essex Police,Essex Police,0.362142,51.873127,On or near Market Place,E01022069,Uttlesford 008D,Violence and sexual offences,Under investigation,
,2014-08,Essex Police,Essex Police,0.470297,51.878315,On or near Petrol Station,E01022088,Uttlesford 008E,Anti-social behaviour,,
,2014-08,Essex Police,Essex Police,0.470297,51.878315,On or near Petrol Station,E01022088,Uttlesford 008E,Anti-social behaviour,,
,2014-08,Essex Police,Essex Police,0.417799,51.863930,On or near Station Road,E01033052,Uttlesford 008F,Anti-social behaviour,,
,2014-08,Essex Police,Essex Police,0.415415,51.863628,On or near Mildmay Close,E01033052,Uttlesford 008F,Anti-social behaviour,,
,2014-08,Essex Police,Essex Police,0.404218,51.867194,On or near The Street,E01033052,Uttlesford 008F,Anti-social behaviour,,
,2014-08,Essex Police,Essex Police,0.397616,51.865701,On or near Grange Lane,E01033052,Uttlesford 008F,Anti-social behaviour,,
,2014-08,Essex Police,Essex Police,0.427364,51.856790,On or near Station Road,E01033052,Uttlesford 008F,Anti-social behaviour,,
,2014-08,Essex Police,Essex Police,0.408994,51.866862,On or near Moors Lane,E01033052,Uttlesford 008F,Anti-social behaviour,,
,2014-08,Essex Police,Essex Police,0.404218,51.867194,On or near The Street,E01033052,Uttlesford 008F,Anti-social behaviour,,
097a90f602b430dc0f8bdf91e66fccf6cff9c479215539ffd82d336fb321f67b,2014-08,Essex Police,Essex Police,0.415415,51.863628,On or near Mildmay Close,E01033052,Uttlesford 008F,Criminal damage and arson,Under investigation,
a5d3cf26df83382c5f7820577a3284403af99193f9088348451cb69a567d309b,2014-08,Essex Police,Essex Police,0.415415,51.863628,On or near Mildmay Close,E01033052,Uttlesford 008F,Criminal damage and arson,Under investigation,
f7476fb2dd946ba8a1a180dad8f77baa85a97b91cd84686ab8bab5a47242453f,2014-08,Essex Police,Essex Police,0.409945,51.875413,On or near B1256,E01033052,Uttlesford 008F,Vehicle crime,Investigation complete; no suspect identified,
bb1f44bbfe8742560b3de691ce1257000123fd60fda845e1e510d67f6b8a065a,2014-08,Essex Police,Essex Police,0.430140,51.857084,On or near Bury Fields,E01033052,Uttlesford 008F,Violence and sexual offences,Under investigation,
,2014-08,Essex Police,Essex Police,0.412282,51.859637,On or near Saines Road,E01033053,Uttlesford 008G,Anti-social behaviour,,
7dffbb52d9e3448e877cf4eebcfd9072964ef7c3aa2fc33bf03245162fac5c9e,2014-08,Essex Police,Essex Police,0.413491,51.860781,On or near Wilkes Way,E01033053,Uttlesford 008G,Burglary,Unable to prosecute suspect,
f8d3555008b24207071c47997640013e5eeaf4d9dc91c7e8970413226b760c93,2014-08,Essex Police,Essex Police,0.416799,51.860443,On or near Bright Road,E01033053,Uttlesford 008G,Criminal damage and arson,Investigation complete; no suspect identified,
1ff86e96708c4ee045a76ba4d0904f29c22fedfb4fb9c0eedb747c1aa51be906,2014-08,Essex Police,Essex Police,0.412991,51.859037,On or near Cromwell Road,E01033053,Uttlesford 008G,Vehicle crime,Investigation complete; no suspect identified,
eb4999df5f580833a339508249650520af9deaf108a86ec3cb68036dcfd76526,2014-08,Essex Police,Essex Police,0.412991,51.859037,On or near Cromwell Road,E01033053,Uttlesford 008G,Violence and sexual offences,Under investigation,
,2014-08,Essex Police,Essex Police,0.248688,51.831944,On or near Sports/Recreation Area,E01022059,Uttlesford 009A,Anti-social behaviour,,
,2014-08,Essex Police,Essex Police,0.247820,51.831718,On or near Sports/Recreation Area,E01022059,Uttlesford 009A,Anti-social behaviour,,
8951d3bf88bbc84df77aa6d298c4e7665a78a183f1b36aa4a2e124230be7304d,2014-08,Essex Police,Essex Police,0.250921,51.825786,On or near Hammonds Road,E01022059,Uttlesford 009A,Burglary,Under investigation,
a07bd5a8b4d8b362d1578c7e099ef0d5ddc2bbb2c5fd3ca2ae1f370a371af0f4,2014-08,Essex Police,Essex Police,0.241304,51.826186,On or near Cage End,E01022059,Uttlesford 009A,Burglary,Under investigation,
274218a778031eb7c81c3ffc1988ac78534f30e7eee74b5eec486b92a900533c,2014-08,Essex Police,Essex Police,0.250921,51.825786,On or near Hammonds Road,E01022059,Uttlesford 009A,Criminal damage and arson,Investigation complete; no suspect identified,
88d1e08896eb4f383a55f70bb843b97db6f8f51561d47b5254a62e171b629336,2014-08,Essex Police,Essex Police,0.214907,51.870273,On or near Parking Area,E01022059,Uttlesford 009A,Drugs,Under investigation,
93b161ef6701d14ecac15bb92c79a8ca92e2a750d6958d67b11440b352be3a3b,2014-08,Essex Police,Essex Police,0.199564,51.870812,On or near A120,E01022059,Uttlesford 009A,Violence and sexual offences,Under investigation,
50e7b1040ef6c3dd139f4bc3ac7919e37f27a2ca51dbe48df8d0bccb3db98bb8,2014-08,Essex Police,Essex Police,0.199564,51.870812,On or near A120,E01022059,Uttlesford 009A,Violence and sexual offences,Under investigation,
a4cc9fbe60fe3673357786cd970944463259697c46c70219355a97fe8046349d,2014-08,Essex Police,Essex Police,0.171766,51.846222,On or near Port Lane,E01022060,Uttlesford 009B,Violence and sexual offences,Awaiting court outcome,
,2014-08,Essex Police,Essex Police,0.220793,51.812816,On or near Chelmsford Road,E01022070,Uttlesford 009C,Anti-social behaviour,,
,2014-08,Essex Police,Essex Police,0.214164,51.809884,On or near Sports/Recreation Area,E01022070,Uttlesford 009C,Anti-social behaviour,,
,2014-08,Essex Police,Essex Police,0.211312,51.814137,On or near Clipped Hedge,E01022070,Uttlesford 009C,Anti-social behaviour,,
,2014-08,Essex Police,Essex Police,0.213177,51.795353,On or near Downhall Road,E01022070,Uttlesford 009C,Anti-social behaviour,,
,2014-08,Essex Police,Essex Police,0.204141,51.816448,On or near Home Pastures,E01022070,Uttlesford 009C,Anti-social behaviour,,
,2014-08,Essex Police,Essex Police,0.211312,51.814137,On or near Clipped Hedge,E01022070,Uttlesford 009C,Anti-social behaviour,,
403825f563d8f532b8d107e413f98237dc4f182bda3edeccffd155026b570345,2014-08,Essex Police,Essex Police,0.235499,51.808896,On or near Barley Close,E01022070,Uttlesford 009C,Burglary,Under investigation,
936aac9e68218b2b2ea9935b57148a893f8d2adf286840a7e3e966214e2d2f10,2014-08,Essex Police,Essex Police,0.214811,51.811823,On or near Park Drive,E01022070,Uttlesford 009C,Burglary,Under investigation,
71394a190b2715020851e6d2abae7e91d5dd88d6e01b902c9d8de4c82c9cb899,2014-08,Essex Police,Essex Police,0.235499,51.808896,On or near Barley Close,E01022070,Uttlesford 009C,Other theft,Under investigation,
7c7962018d8e16431954c6e52cd7670265682086f495cd1b5e04a7bf554b6d6e,2014-08,Essex Police,Essex Police,0.208980,51.812751,On or near B183,E01022070,Uttlesford 009C,Shoplifting,Under investigation,
4e6679eb56d5e6837919ed66c17390a33fe25041b0f209eeb1bebe8b85a6a53c,2014-08,Essex Police,Essex Police,0.208980,51.812751,On or near B183,E01022070,Uttlesford 009C,Shoplifting,Under investigation,
4a775406f54a84cf5269eeedca88e26d14a5a6aa27aca4facd403c5243e46e11,2014-08,Essex Police,Essex Police,0.208980,51.812751,On or near B183,E01022070,Uttlesford 009C,Violence and sexual offences,Under investigation,
79e9433e0fd0420c4dd88aba5befa723008f891fb5656ba25525d3e63fd727a3,2014-08,Essex Police,Essex Police,0.210403,51.813660,On or near The Shaw,E01022070,Uttlesford 009C,Other crime,Under investigation,
,2014-08,Essex Police,Essex Police,0.309063,51.797510,On or near Holloway Crescent,E01022096,Uttlesford 009D,Anti-social behaviour,,
,2014-08,Essex Police,Essex Police,0.330643,51.834314,On or near Rands Road,E01022096,Uttlesford 009D,Anti-social behaviour,,
,2014-08,Essex Police,Essex Police,0.284313,51.808560,On or near Park/Open Space,E01022096,Uttlesford 009D,Anti-social behaviour,,
366cf816cd89685a62d82d54dc82731190e6273124f729cbda2890bbda13e062,2014-08,Essex Police,Essex Police,0.304626,51.810331,On or near Sports/Recreation Area,E01022096,Uttlesford 009D,Burglary,Under investigation,
a90ec09bf596cf2389c89d1c7c7b6fb851317d1edeac651ce59317808e72c732,2014-08,Essex Police,Essex Police,0.311867,51.792787,On or near Chelmsford Road,E01022096,Uttlesford 009D,Burglary,Investigation complete; no suspect identified,
b609bdc11a5627d7a32c3091b7101491bea7b7c798640e8f2181989357a2fdba,2014-08,Essex Police,Essex Police,0.263053,51.790158,On or near Matching Lane,E01022096,Uttlesford 009D,Burglary,Investigation complete; no suspect identified,
,2014-08,Essex Police,Essex Police,-0.009225,51.646189,On or near Gilwell Close,E01004349,Waltham Forest 001A,Anti-social behaviour,,
,2014-08,Essex Police,Essex Police,-0.009225,51.646189,On or near Gilwell Close,E01004349,Waltham Forest 001A,Anti-social behaviour,,
,2014-08,Essex Police,Essex Police,-0.009225,51.646189,On or near Gilwell Close,E01004349,Waltham Forest 001A,Anti-social behaviour,,
2b3e8bbd2e57afe57d96022ec560a66b74c360ddf9abcbcb714d27ff79d22b6a,2014-08,Essex Police,Essex Police,0.314121,50.938957,On or near Back Lane,E01021188,Wealden 014A,Violence and sexual offences,Under investigation,
ddcebe8269f1c031d6ac1827d11610445d4b3acdf6b9eb6651415f80f92e0249,2014-08,Essex Police,Essex Police,,,No Location,,,Violence and sexual offences,Awaiting court outcome,
f3359b2a19fd3ee2e76c1586f4ae6ff86f8b270bf846f668947cd1c2718fc6b7,2014-08,Essex Police,Essex Police,,,No Location,,,Violence and sexual offences,Under investigation,
5877a7ea1f776c8cb1b99c05c7e84684ca5ab4c5038b6e690d5bb7db32e27f51,2014-08,Essex Police,Essex Police,,,No Location,,,Violence and sexual offences,Investigation complete; no suspect identified,
af0755f3d712d8af5edfe4e7f5888364efba9f0eca77f8af57416311800a890d,2014-08,Essex Police,Essex Police,,,No Location,,,Violence and sexual offences,Under investigation,
